File: C:\MED-PC\Data\2024-10-31_12h57m_Subject 48.txt


Start Date: 10/31/24
End Date: 10/31/24
Subject: 48
Experiment: OralFentSA
Group: One
Box: 4
Start Time: 12:57:28
End Time: 15:57:50
MSN: 20241014_Golden_Liq_SelfAdmin
F:       0.000
G:    1523.000
H:   10800.000
I:       0.000
J:       0.000
K:       0.000
L:       0.000
M:       0.000
N:       0.000
O:       0.000
P:       0.000
Q:       0.000
R:       0.000
S:       0.000
U:       0.000
V:       0.000
W:       0.000
X:       0.000
Y:       0.000
Z:       0.000
A:
     0:        0.000        0.000      180.000        4.000        0.000
     5:        5.000        0.000        5.000        0.000        0.000
    10:        1.000        0.000       10.000   100000.000       21.400
    15:        9.000      640.000        0.000        0.000        0.000
    20:        0.000
B:
     0:        0.000        0.000        0.000      400.000        0.000
     5:      500.000        0.000      500.000        0.000        0.000
    10:        0.000        0.000     1000.000 10000000.000        0.000
    15:        0.000        0.000        0.000        0.000        0.000
    20:        0.000
C:
     0:       46.000       47.000        5.000       77.000      808.000
     5:     9817.890        3.790       45.000      137.120        3.047
    10:       77.000        5.000        0.000        0.000        0.000
    15:        0.000        0.000        0.000        0.000        0.000
    20:        0.000
D:
     0:        1.050        0.700        9.420        1.110        0.910
     5:        1.000       36.640        6.420        1.540        1.240
    10:        1.430        1.050        1.010        1.200        1.100
    15:        0.810        0.870        0.830        1.110        1.920
    20:        3.000       21.160        3.850        0.910        1.280
    25:        1.900        1.000        0.840        1.790        0.980
    30:        1.730        2.850        0.860        0.900        2.170
    35:        0.650        2.170        0.500        0.650        2.890
    40:        0.770        4.690        1.840        2.590        3.790
E:
     0:       19.000       11.000       26.000       27.000        6.000
     5:        6.000        2.000        4.000       22.000       24.000
    10:       12.000       13.000        8.000        5.000       17.000
    15:        6.000        6.000       18.000       14.000       10.000
    20:       19.000       11.000        2.000        4.000       22.000
    25:       24.000       12.000       13.000        8.000        5.000
    30:       17.000        6.000       18.000       14.000       10.000
    35:       19.000       11.000        6.000        6.000        2.000
    40:        4.000       22.000       24.000       12.000       13.000
    45:        8.000        5.000       17.000       18.000       14.000
    50:       10.000        6.000        6.000        6.000       19.000
    55:       11.000        6.000        2.000        4.000       22.000
    60:       24.000       12.000       13.000        8.000        5.000
    65:       17.000        6.000       18.000        6.000       14.000
    70:       10.000       20.000       19.000       11.000        2.000
    75:        4.000       22.000       24.000       12.000       13.000
    80:        8.000        5.000       17.000        6.000       18.000
    85:       14.000       10.000        6.000       19.000       11.000
    90:        1.000        6.000        6.000        6.000        2.000
    95:        4.000       22.000       24.000       12.000       13.000
   100:        8.000        5.000       17.000        6.000       18.000
   105:        6.000        6.000       14.000       10.000        6.000
   110:        6.000       19.000       11.000        6.000        6.000
   115:        6.000        6.000        2.000        4.000       22.000
   120:       24.000       12.000       13.000        8.000        5.000
   125:       17.000       18.000       14.000       10.000       19.000
   130:       11.000        6.000        6.000        6.000        6.000
   135:        6.000        6.000        6.000        6.000        2.000
   140:        4.000       22.000       24.000       12.000       13.000
   145:        8.000        5.000       17.000       18.000       14.000
   150:       10.000        6.000       19.000       11.000        6.000
   155:        6.000        6.000        6.000        6.000        6.000
   160:        6.000        6.000        6.000        6.000        6.000
   165:        6.000        6.000        6.000        6.000        6.000
   170:        6.000        6.000        6.000        6.000        6.000
   175:        6.000        6.000        6.000        6.000        6.000
   180:        6.000        6.000        6.000        6.000        6.000
   185:        6.000        6.000        6.000        6.000        6.000
   190:        6.000        6.000        6.000        2.000        4.000
   195:       22.000       24.000       12.000       13.000        8.000
   200:        5.000       17.000        6.000       18.000       14.000
   205:       10.000        6.000        6.000        6.000       19.000
   210:       11.000        6.000        6.000        6.000        6.000
   215:        6.000        6.000        6.000        6.000        6.000
   220:        6.000        6.000        6.000        6.000        6.000
   225:        6.000        6.000        6.000        6.000        6.000
   230:        6.000        6.000        6.000        6.000        6.000
   235:        6.000        6.000        6.000        6.000        6.000
   240:        6.000        6.000        6.000        6.000        6.000
   245:        6.000        6.000        6.000        6.000        6.000
   250:        6.000        6.000        6.000        6.000        6.000
   255:        6.000        6.000        6.000        6.000        6.000
   260:        6.000        6.000        6.000        6.000        6.000
   265:        6.000        6.000        6.000        6.000        6.000
   270:        6.000        6.000        6.000        6.000        6.000
   275:        6.000        6.000        6.000        6.000        6.000
   280:        6.000        6.000        6.000        6.000        6.000
   285:        6.000        6.000        6.000        6.000        6.000
   290:        6.000        6.000        6.000        6.000        6.000
   295:        6.000        6.000        6.000        6.000        6.000
   300:        6.000        6.000        6.000        6.000        6.000
   305:        6.000        6.000        6.000        6.000        6.000
   310:        6.000        2.000        4.000       22.000       24.000
   315:       12.000       13.000        8.000        5.000       17.000
   320:        6.000       18.000       14.000       10.000        6.000
   325:       21.000       22.000        6.000       19.000       11.000
   330:        6.000        6.000        6.000        6.000        6.000
   335:        2.000        4.000       22.000       24.000       12.000
   340:       13.000        8.000        5.000       17.000        6.000
   345:       18.000       14.000       10.000       19.000       11.000
   350:        6.000        6.000        6.000        6.000        6.000
   355:        6.000        6.000        6.000        6.000        6.000
   360:        6.000        2.000        4.000       22.000       24.000
   365:       12.000       13.000        8.000        5.000       17.000
   370:       21.000       22.000        6.000       18.000       14.000
   375:       10.000        6.000       21.000       22.000       19.000
   380:       11.000        2.000        4.000       22.000       24.000
   385:       12.000       13.000        8.000        5.000       17.000
   390:       21.000       22.000        6.000        6.000        6.000
   395:       18.000       14.000       10.000       21.000       22.000
   400:       19.000       11.000        6.000        6.000        2.000
   405:        4.000       22.000       24.000       12.000       13.000
   410:        8.000        5.000       17.000        6.000        6.000
   415:       18.000       14.000       10.000       21.000       22.000
   420:       21.000       22.000       19.000       11.000        2.000
   425:        4.000       22.000       24.000       12.000       13.000
   430:        8.000        5.000       17.000        6.000        6.000
   435:       18.000       14.000       10.000       21.000       22.000
   440:       21.000       22.000       21.000       22.000        6.000
   445:       19.000       11.000        2.000        4.000       22.000
   450:       24.000       12.000       13.000        8.000        5.000
   455:       17.000        6.000       18.000       14.000       10.000
   460:       19.000       11.000        6.000        6.000        6.000
   465:        6.000        6.000        6.000        6.000        6.000
   470:        6.000        6.000        6.000        6.000        6.000
   475:        6.000        6.000        6.000        6.000        6.000
   480:        6.000        6.000        6.000        6.000        6.000
   485:        6.000        6.000        6.000        6.000        6.000
   490:        6.000        6.000        6.000        6.000        6.000
   495:        6.000        6.000        6.000        6.000        6.000
   500:        6.000        6.000        6.000        6.000        6.000
   505:        6.000        6.000        6.000        6.000        6.000
   510:        6.000        6.000        6.000        6.000        6.000
   515:        6.000        6.000        6.000        6.000        6.000
   520:        6.000        6.000        6.000        6.000        6.000
   525:        6.000        6.000        6.000        6.000        6.000
   530:        6.000        6.000        6.000        6.000        6.000
   535:        6.000        6.000        6.000        6.000        6.000
   540:        6.000        6.000        6.000        6.000        6.000
   545:        6.000        6.000        6.000        6.000        6.000
   550:        6.000        6.000        6.000        6.000        6.000
   555:        6.000        6.000        6.000        6.000        6.000
   560:        6.000        6.000        6.000        6.000        6.000
   565:        6.000        6.000        6.000        6.000        6.000
   570:        6.000        6.000        6.000        6.000        6.000
   575:        6.000        6.000        6.000        6.000        6.000
   580:        6.000        6.000        6.000        6.000        6.000
   585:        6.000        6.000        6.000        6.000        6.000
   590:        6.000        6.000        6.000        6.000        6.000
   595:        6.000        6.000        6.000        6.000        6.000
   600:        6.000        6.000        6.000        6.000        6.000
   605:        6.000        6.000        6.000        6.000        6.000
   610:        6.000        6.000        6.000        6.000        6.000
   615:        6.000        6.000        6.000        6.000        6.000
   620:        6.000        6.000        6.000        6.000        6.000
   625:        6.000        6.000        6.000        6.000        6.000
   630:        6.000        6.000        6.000        6.000        6.000
   635:        6.000        6.000        6.000        6.000        6.000
   640:        6.000        6.000        6.000        6.000        6.000
   645:        6.000        6.000        6.000        6.000        6.000
   650:        2.000        4.000       22.000       24.000       12.000
   655:       13.000        8.000        5.000       17.000        6.000
   660:       18.000       14.000       10.000        6.000        6.000
   665:       19.000       11.000        2.000        4.000       22.000
   670:       24.000       12.000       13.000        8.000        5.000
   675:       17.000        6.000       18.000       14.000       10.000
   680:        6.000        6.000        6.000       19.000       11.000
   685:        6.000        6.000        6.000        6.000        6.000
   690:        6.000        2.000        4.000       22.000       24.000
   695:       12.000       13.000        8.000        5.000       17.000
   700:        6.000       18.000       14.000       10.000        6.000
   705:        6.000       21.000       22.000       19.000       11.000
   710:        6.000        2.000        4.000       22.000       24.000
   715:       12.000       13.000        8.000        5.000       17.000
   720:        6.000       18.000        6.000       14.000       10.000
   725:       19.000       11.000        6.000        6.000        2.000
   730:        4.000       22.000       24.000       12.000       13.000
   735:        8.000        5.000       17.000       21.000       22.000
   740:        6.000       18.000       14.000       10.000        6.000
   745:       21.000       22.000       19.000       11.000        2.000
   750:        4.000       22.000       24.000       12.000       13.000
   755:        8.000        5.000       17.000       18.000       21.000
   760:       22.000       14.000       10.000       20.000       19.000
   765:       11.000        6.000        6.000        6.000        6.000
   770:        6.000        6.000        1.000        6.000        6.000
   775:        6.000        6.000        6.000        6.000        6.000
   780:        6.000        6.000        6.000        6.000        6.000
   785:        6.000        6.000        6.000        6.000        6.000
   790:        6.000        6.000        6.000        6.000        6.000
   795:        6.000        6.000        6.000        6.000        6.000
   800:        6.000        6.000        6.000        6.000        6.000
   805:        6.000        6.000        6.000        6.000        6.000
   810:        6.000        6.000        6.000        6.000        2.000
   815:        4.000       22.000       24.000       12.000       13.000
   820:        8.000        5.000       17.000        6.000       18.000
   825:       14.000       10.000        6.000        6.000       19.000
   830:       11.000        6.000        6.000        6.000        6.000
   835:        6.000        6.000        6.000        6.000        6.000
   840:        6.000        6.000        6.000        6.000        6.000
   845:        6.000        6.000        6.000        6.000        6.000
   850:        6.000        6.000        6.000        6.000        6.000
   855:        6.000        6.000        6.000        6.000        6.000
   860:        6.000        6.000        6.000        6.000        6.000
   865:        6.000        6.000        6.000        6.000        6.000
   870:        6.000        6.000        6.000        6.000        6.000
   875:        6.000        6.000        6.000        6.000        6.000
   880:        6.000        6.000        6.000        6.000        6.000
   885:        6.000        6.000        6.000        6.000        6.000
   890:        6.000        6.000        6.000        6.000        6.000
   895:        6.000        6.000        6.000        6.000        6.000
   900:        6.000        6.000        6.000        6.000        6.000
   905:        6.000        6.000        6.000        6.000        6.000
   910:        6.000        6.000        6.000        6.000        6.000
   915:        6.000        6.000        6.000        6.000        6.000
   920:        6.000        6.000        6.000        6.000        6.000
   925:        6.000        6.000        6.000        6.000        6.000
   930:        2.000        4.000       22.000       24.000       12.000
   935:       13.000        8.000        5.000       17.000       21.000
   940:       22.000        6.000        6.000       18.000       14.000
   945:       10.000        6.000        6.000        6.000       19.000
   950:       11.000        6.000        6.000        6.000        2.000
   955:        4.000       22.000       24.000       12.000       13.000
   960:        8.000        5.000       17.000        6.000       18.000
   965:       14.000       10.000       19.000       11.000        6.000
   970:        6.000        6.000        6.000        6.000        2.000
   975:        4.000       22.000       24.000       12.000       13.000
   980:        8.000        5.000       17.000        6.000       18.000
   985:        6.000       14.000       10.000       19.000       11.000
   990:        6.000        6.000        6.000        6.000        6.000
   995:        6.000        6.000        6.000        6.000        6.000
  1000:        6.000        6.000        6.000        6.000        6.000
  1005:        6.000        6.000        6.000        6.000        6.000
  1010:        6.000        6.000        6.000        6.000        6.000
  1015:        6.000        6.000        6.000        6.000        6.000
  1020:        6.000        6.000        6.000        6.000        6.000
  1025:        6.000        6.000        6.000        6.000        6.000
  1030:        6.000        6.000        6.000        6.000        6.000
  1035:        6.000        6.000        6.000        6.000        6.000
  1040:        6.000        6.000        6.000        6.000        6.000
  1045:        6.000        6.000        6.000        6.000        6.000
  1050:        6.000        2.000        4.000       22.000       24.000
  1055:       12.000       13.000        8.000        5.000       17.000
  1060:        6.000       18.000       14.000       10.000       19.000
  1065:       11.000        6.000        6.000        6.000        6.000
  1070:        6.000        6.000        6.000        6.000        6.000
  1075:        6.000        6.000        6.000        6.000        6.000
  1080:        6.000        6.000        6.000        6.000        1.000
  1085:        6.000        6.000        2.000        4.000       22.000
  1090:       24.000       12.000       13.000        8.000        5.000
  1095:       17.000        6.000       18.000       14.000       10.000
  1100:        6.000       19.000       11.000        6.000        6.000
  1105:        6.000        6.000        6.000        2.000        4.000
  1110:       22.000       24.000       12.000       13.000        8.000
  1115:        5.000       17.000       21.000       22.000        6.000
  1120:       18.000       14.000       10.000        6.000        6.000
  1125:        6.000        6.000        6.000        6.000        6.000
  1130:        6.000       19.000       11.000        6.000        6.000
  1135:        6.000        6.000        6.000        6.000        2.000
  1140:        4.000       22.000       24.000       12.000       13.000
  1145:        8.000        5.000       17.000        6.000        6.000
  1150:       18.000       14.000       10.000        6.000       19.000
  1155:       11.000        6.000        6.000        6.000        2.000
  1160:        4.000       22.000       24.000       12.000       13.000
  1165:        8.000        5.000       17.000       21.000       22.000
  1170:        6.000       18.000       14.000       10.000       19.000
  1175:       11.000        6.000        6.000        6.000        6.000
  1180:        6.000        6.000        6.000        6.000        6.000
  1185:        6.000        6.000        2.000        4.000       22.000
  1190:       24.000       12.000       13.000        8.000        5.000
  1195:       17.000        6.000        6.000        6.000       18.000
  1200:       14.000       10.000       19.000       11.000        6.000
  1205:        2.000        4.000       22.000       24.000       12.000
  1210:       13.000        8.000        5.000       17.000        6.000
  1215:       18.000       14.000       10.000       19.000       11.000
  1220:        6.000        6.000        6.000        6.000        6.000
  1225:        6.000        6.000        6.000        6.000        6.000
  1230:        6.000        6.000        6.000        6.000        6.000
  1235:        6.000        6.000        6.000        6.000        6.000
  1240:        6.000        6.000        6.000        6.000        6.000
  1245:        6.000        6.000        6.000        6.000        6.000
  1250:        6.000        6.000        6.000        6.000        6.000
  1255:        6.000        6.000        6.000        6.000        6.000
  1260:        6.000        6.000        2.000        4.000       22.000
  1265:       24.000       12.000       13.000        8.000        5.000
  1270:       17.000        6.000       18.000       14.000       10.000
  1275:        6.000       19.000       11.000        6.000        6.000
  1280:        6.000        2.000        4.000       22.000       24.000
  1285:       12.000       13.000        8.000        5.000       17.000
  1290:        6.000       18.000       14.000       10.000        6.000
  1295:       19.000       11.000        6.000        6.000        2.000
  1300:        4.000       22.000       24.000       12.000       13.000
  1305:        8.000        5.000       17.000        6.000       18.000
  1310:        6.000       14.000       10.000       19.000       11.000
  1315:        2.000        4.000       22.000       24.000       12.000
  1320:       13.000        8.000        5.000       17.000        6.000
  1325:       18.000       14.000       10.000        6.000        6.000
  1330:       19.000       11.000        2.000        4.000       22.000
  1335:       24.000       12.000       13.000        8.000        5.000
  1340:       17.000        6.000       18.000        6.000       14.000
  1345:       10.000       19.000       11.000        6.000        2.000
  1350:        4.000       22.000       24.000       12.000       13.000
  1355:        8.000        5.000       17.000        6.000       18.000
  1360:       14.000       10.000        6.000       19.000       11.000
  1365:        6.000        6.000        6.000        6.000        6.000
  1370:        6.000        6.000        6.000        6.000        6.000
  1375:        6.000        6.000        6.000        6.000        2.000
  1380:        4.000       22.000       24.000       12.000       13.000
  1385:        8.000        5.000       17.000       21.000       22.000
  1390:        6.000       18.000       14.000       10.000       21.000
  1395:       22.000       21.000       22.000       19.000       11.000
  1400:        2.000        4.000       22.000       24.000       12.000
  1405:       13.000        8.000        5.000       17.000        6.000
  1410:       18.000       14.000       10.000        6.000       21.000
  1415:       22.000       19.000       11.000        2.000        4.000
  1420:       22.000       24.000       12.000       13.000        8.000
  1425:        5.000       17.000       21.000       22.000       21.000
  1430:       22.000       21.000       22.000       18.000        6.000
  1435:       14.000       10.000       19.000       11.000        6.000
  1440:        6.000        2.000        4.000       22.000       24.000
  1445:       12.000       13.000        8.000        5.000       17.000
  1450:       21.000       22.000       18.000       14.000       10.000
  1455:       21.000       22.000       19.000       11.000        2.000
  1460:        4.000       22.000       24.000       12.000       13.000
  1465:        8.000        5.000       17.000        6.000       18.000
  1470:       21.000       22.000       14.000       10.000       21.000
  1475:       22.000       19.000       11.000        6.000        2.000
  1480:        4.000       22.000       24.000       12.000       13.000
  1485:        8.000        5.000       17.000       21.000       22.000
  1490:        6.000       18.000       14.000       10.000       21.000
  1495:       22.000        6.000       21.000       22.000       19.000
  1500:       11.000        6.000        6.000        2.000        4.000
  1505:       22.000       24.000       12.000       13.000        8.000
  1510:        5.000       17.000        6.000       18.000       14.000
  1515:       10.000       19.000       11.000        6.000        6.000
  1520:        6.000        6.000        6.000      100.000
T:
     0:        0.000        0.000        0.000        0.000       11.950
     5:       14.070       40.320       40.320       40.320       40.330
    10:       40.330       40.330       40.330       40.330       40.330
    15:       41.380       43.720       44.330       45.330       45.330
    20:       50.320       50.330       52.070       52.070       52.070
    25:       52.080       52.080       52.080       52.080       52.080
    30:       52.080       52.780       56.080       57.080       57.080
    35:       62.070       62.080       90.150       90.470       93.270
    40:       93.270       93.270       93.280       93.280       93.280
    45:       93.280       93.280       93.280       97.280       98.280
    50:       98.280      102.700      102.770      103.150      103.270
    55:      103.280      109.960      115.950      115.950      115.950
    60:      115.960      115.960      115.960      115.960      115.960
    65:      115.960      117.070      119.960      120.610      120.960
    70:      120.960      125.470      125.950      125.960      190.920
    75:      190.920      190.920      190.930      190.930      190.930
    80:      190.930      190.930      190.930      191.840      194.930
    85:      195.930      195.930      200.010      200.920      200.930
    90:      223.370      255.920      282.580      282.640      289.300
    95:      289.300      289.300      289.310      289.310      289.310
   100:      289.310      289.310      289.310      290.310      293.310
   105:      293.760      293.970      294.310      294.310      298.080
   110:      298.250      299.300      299.310      301.750      303.800
   115:      303.950      305.430      374.540      374.540      374.540
   120:      374.550      374.550      374.550      374.550      374.550
   125:      374.550      378.550      379.550      379.550      384.540
   130:      384.550      411.190      411.650      426.860      430.090
   135:      430.220      463.720      467.150      467.340      477.490
   140:      477.490      477.490      477.500      477.500      477.500
   145:      477.500      477.500      477.500      481.500      482.500
   150:      482.500      483.920      487.490      487.500      489.780
   155:      489.900      512.490      545.480      564.270      571.550
   160:      577.380      577.490      577.710      598.350      600.620
   165:      608.480      611.020      628.480     1019.220     1143.270
   170:     1730.770     1736.030     1736.330     1737.080     1738.030
   175:     1738.700     1738.770     1738.850     1742.090     1742.380
   180:     1747.490     1747.620     1760.130     1760.270     1760.740
   185:     1760.900     1771.320     1774.980     1783.540     1785.830
   190:     1786.190     1790.700     1790.780     1800.860     1800.860
   195:     1800.860     1800.870     1800.870     1800.870     1800.870
   200:     1800.870     1800.870     1802.410     1804.870     1805.870
   205:     1805.870     1807.790     1807.940     1807.970     1810.860
   210:     1810.870     1811.670     1819.130     1819.240     1837.640
   215:     1840.040     1840.190     1844.020     1844.610     1844.750
   220:     1844.850     1849.250     1865.660     1865.810     1871.380
   225:     1871.600     1871.690     1898.020     1927.690     1927.820
   230:     2224.250     2231.010     2235.700     2235.900     2236.070
   235:     2241.450     2246.450     2246.760     2246.840     2272.590
   240:     2272.610     2289.240     2289.580     2289.640     2289.660
   245:     2317.050     2318.260     2324.180     2324.420     2328.280
   250:     2332.420     2333.030     2333.600     2353.090     2354.160
   255:     2355.700     2368.910     2369.410     2369.440     2369.930
   260:     2370.930     2372.160     2372.630     2372.670     2374.130
   265:     2374.710     2374.950     2375.200     2375.260     2376.190
   270:     2378.140     2379.110     2379.740     2382.680     2382.750
   275:     2385.900     2386.200     2386.330     2436.200     2493.080
   280:     2493.740     2497.450     2501.990     2543.800     2559.400
   285:     2601.500     2611.270     2611.490     2611.750     2630.430
   290:     2659.680     2660.450     3052.770     3052.990     3053.070
   295:     3054.970     3055.800     3057.580     3057.910     3058.920
   300:     3074.010     3076.730     3077.620     3085.030     3099.870
   305:     3101.580     3102.330     3102.700     3113.830     3122.300
   310:     3122.680     3125.630     3125.630     3125.630     3125.640
   315:     3125.640     3125.640     3125.640     3125.640     3125.640
   320:     3126.880     3129.640     3130.640     3130.640     3131.150
   325:     3134.480     3134.480     3135.190     3135.630     3135.640
   330:     3139.850     3139.960     3147.910     3151.150     3151.730
   335:     3159.820     3159.820     3159.820     3159.830     3159.830
   340:     3159.830     3159.830     3159.830     3159.830     3161.260
   345:     3163.830     3164.830     3164.830     3169.820     3169.830
   350:     3170.200     3179.650     3179.710     3195.800     3197.810
   355:     3198.080     3230.130     3248.470     3264.100     3278.310
   360:     3278.660     3280.370     3280.370     3280.370     3280.380
   365:     3280.380     3280.380     3280.380     3280.380     3280.380
   370:     3280.570     3280.570     3281.430     3284.380     3285.380
   375:     3285.380     3285.600     3289.070     3289.070     3290.370
   380:     3290.380     3290.670     3290.670     3290.670     3290.680
   385:     3290.680     3290.680     3290.680     3290.680     3290.680
   390:     3290.990     3290.990     3291.690     3292.090     3294.550
   395:     3294.680     3295.680     3295.680     3300.110     3300.110
   400:     3300.670     3300.680     3301.010     3301.580     3303.760
   405:     3303.760     3303.760     3303.770     3303.770     3303.770
   410:     3303.770     3303.770     3303.770     3304.970     3306.280
   415:     3307.770     3308.770     3308.770     3309.920     3309.920
   420:     3310.170     3310.170     3313.760     3313.770     3313.830
   425:     3313.830     3313.830     3313.840     3313.840     3313.840
   430:     3313.840     3313.840     3313.840     3314.940     3317.420
   435:     3317.840     3318.840     3318.840     3320.020     3320.020
   440:     3320.250     3320.250     3320.700     3320.700     3322.140
   445:     3323.830     3323.840     3325.030     3325.030     3325.030
   450:     3325.040     3325.040     3325.040     3325.040     3325.040
   455:     3325.040     3325.850     3329.040     3330.040     3330.040
   460:     3335.030     3335.040     3368.230     3368.310     3370.020
   465:     3378.360     3389.810     3422.640     3422.670     3452.280
   470:     3452.330     3600.420     3847.140     3847.240     3847.280
   475:     3902.490     3908.820     3911.550     3911.730     3913.790
   480:     3923.600     3923.860     3924.910     3937.170     3937.320
   485:     3937.520     3940.780     3940.810     3943.580     3948.630
   490:     3953.770     3954.730     3958.250     3959.040     3959.140
   495:     3963.550     3963.610     3967.240     3972.300     3972.560
   500:     3976.320     3976.690     3977.220     3980.040     3980.160
   505:     3980.180     3984.390     3984.530     3989.690     3994.100
   510:     3996.950     4002.330     4002.510     4002.620     4002.690
   515:     4002.890     4002.910     4006.840     4007.860     4008.590
   520:     4014.260     4014.830     4020.950     4020.980     4021.780
   525:     4028.770     4034.180     4034.720     4034.750     4035.970
   530:     4036.010     4036.270     4038.560     4052.720     4052.760
   535:     4052.960     4053.070     4054.790     4059.450     4059.970
   540:     4072.480     4073.020     4073.060     4074.690     4091.250
   545:     4093.260     4101.630     4103.730     4104.540     4106.400
   550:     4106.690     4107.020     4107.220     4114.450     4114.480
   555:     4114.530     4119.710     4119.790     4119.810     4121.380
   560:     4152.300     4153.280     4154.070     4220.540     4269.580
   565:     4270.890     4271.120     4276.100     4280.030     4281.410
   570:     4282.860     4283.500     4283.810     4289.300     4290.050
   575:     4290.080     4290.120     4291.380     4291.410     4294.370
   580:     4295.080     4295.230     4295.320     4308.830     4309.500
   585:     4313.050     4319.360     4321.150     4325.650     4332.170
   590:     4334.000     4358.090     4373.200     4373.390     4375.320
   595:     4410.120     4429.400     4429.670     4436.460     4451.630
   600:     4477.200     4534.900     4535.010     4556.460     4576.110
   605:     4576.440     4577.220     4584.320     4584.720     4585.750
   610:     4585.940     4588.840     4588.880     4591.670     4592.010
   615:     4592.250     4593.160     4593.240     4593.310     4594.100
   620:     4598.030     4598.210     4598.240     4611.130     4636.070
   625:     4636.240     4636.790     4637.440     4637.570     4637.730
   630:     4638.000     4654.790     4659.420     4659.530     4673.290
   635:     4673.340     5261.140     5265.180     5266.770     5271.080
   640:     5275.930     5277.130     5277.410     5278.820     5278.910
   645:     5281.050     5299.390     5299.630     5301.230     5301.590
   650:     5304.920     5304.920     5304.920     5304.930     5304.930
   655:     5304.930     5304.930     5304.930     5304.930     5305.800
   660:     5308.930     5309.930     5309.930     5311.530     5313.590
   665:     5314.920     5314.930     5316.370     5316.370     5316.370
   670:     5316.380     5316.380     5316.380     5316.380     5316.380
   675:     5316.380     5317.210     5320.380     5321.380     5321.380
   680:     5321.650     5323.880     5326.040     5326.370     5326.380
   685:     5329.140     5329.870     5329.910     5329.950     5332.440
   690:     5348.880     5382.710     5382.710     5382.710     5382.720
   695:     5382.720     5382.720     5382.720     5382.720     5382.720
   700:     5383.830     5386.720     5387.720     5387.720     5388.240
   705:     5388.580     5392.370     5392.370     5392.710     5392.720
   710:     5393.820     5397.050     5397.050     5397.050     5397.060
   715:     5397.060     5397.060     5397.060     5397.060     5397.060
   720:     5398.980     5401.060     5401.250     5402.060     5402.060
   725:     5407.050     5407.060     5410.590     5412.440     5419.410
   730:     5419.410     5419.410     5419.420     5419.420     5419.420
   735:     5419.420     5419.420     5419.420     5420.440     5420.440
   740:     5422.420     5423.420     5424.420     5424.420     5424.640
   745:     5427.710     5427.710     5429.410     5429.420     5432.140
   750:     5432.140     5432.140     5432.150     5432.150     5432.150
   755:     5432.150     5432.150     5432.150     5436.150     5436.560
   760:     5436.560     5437.150     5437.150     5440.720     5442.140
   765:     5442.150     5453.310     5458.290     5459.530     5473.910
   770:     5481.820     5481.920     5519.360     5549.080     5605.440
   775:     5606.300     5620.740     5639.510     5777.230     6290.820
   780:     6291.270     6292.010     6292.340     6292.430     6292.910
   785:     6294.590     6295.380     6297.320     6299.990     6302.500
   790:     6310.430     6310.770     6315.610     6343.940     6349.050
   795:     6349.430     6355.740     6360.300     6360.430     6365.620
   800:     6366.110     6367.210     6375.380     6376.680     6376.760
   805:     6376.900     6376.930     6377.780     6377.800     6380.720
   810:     6382.060     6382.650     6383.930     6387.940     6395.200
   815:     6395.200     6395.200     6395.210     6395.210     6395.210
   820:     6395.210     6395.210     6395.210     6399.060     6399.210
   825:     6400.210     6400.210     6401.850     6402.000     6405.200
   830:     6405.210     6407.920     6416.970     6417.690     6423.190
   835:     6423.840     6432.150     6437.040     6438.610     6439.150
   840:     6439.540     6439.800     6440.840     6440.860     6450.260
   845:     6451.070     6452.570     6453.910     6454.330     6455.870
   850:     6456.400     6456.880     6469.000     6471.780     6471.850
   855:     6478.660     6483.650     6484.330     6489.030     6489.860
   860:     6491.860     6502.310     6502.540     6506.150     6506.370
   865:     6507.640     6509.110     6512.290     6512.320     6520.320
   870:     6526.070     6527.190     6529.620     6530.460     6536.620
   875:     6544.970     6549.340     6556.170     6556.780     6557.220
   880:     6558.000     6568.610     6569.270     6569.400     6574.950
   885:     6581.200     6619.730     6620.130     6621.910     6624.310
   890:     6629.650     6644.730     6644.810     6644.860     6652.340
   895:     6652.500     6655.890     6660.180     6660.360     6661.460
   900:     6664.000     6664.190     6664.760     6665.770     6665.830
   905:     6684.120     6684.280     6684.630     6684.800     6686.030
   910:     6690.110     6691.290     6726.270     6727.200     6753.080
   915:     6753.780     6773.670     6786.690     6786.950     6787.440
   920:     6794.240     6798.420     6805.820     6806.020     6849.900
   925:     6923.710     6944.230     6955.680     6956.590     6971.140
   930:     6975.350     6975.350     6975.350     6975.360     6975.360
   935:     6975.360     6975.360     6975.360     6975.360     6975.600
   940:     6975.600     6976.270     6978.920     6979.360     6980.360
   945:     6980.360     6982.830     6984.550     6984.610     6985.350
   950:     6985.360     6997.040     6997.150     6998.180     7022.550
   955:     7022.550     7022.550     7022.560     7022.560     7022.560
   960:     7022.560     7022.560     7022.560     7023.840     7026.560
   965:     7027.560     7027.560     7032.550     7032.560     7080.870
   970:     7081.010     7083.510     7092.720     7098.090     7100.640
   975:     7100.640     7100.640     7100.650     7100.650     7100.650
   980:     7100.650     7100.650     7100.650     7102.550     7104.650
   985:     7105.370     7105.650     7105.650     7110.640     7110.650
   990:     7115.800     7144.570     7159.160     7218.530     7219.010
   995:     7221.990     7246.770     7300.350     7300.570     7303.380
  1000:     7304.530     7305.840     7308.140     7308.590     7308.610
  1005:     7308.720     7326.970     7327.110     7327.830     7329.170
  1010:     7329.490     7331.390     7360.170     7365.370     7366.050
  1015:     7366.090     7366.280     7366.410     7366.730     7384.410
  1020:     7385.400     7386.060     7386.490     7387.690     7397.460
  1025:     7397.520     7397.910     7398.000     7398.970     7399.170
  1030:     7399.220     7401.680     7401.730     7403.310     7404.050
  1035:     7406.120     7406.300     7406.360     7406.560     7406.640
  1040:     7407.080     7407.540     7408.370     7410.540     7421.250
  1045:     7421.280     7421.450     7424.260     7424.620     7425.660
  1050:     7428.220     7433.060     7433.060     7433.060     7433.070
  1055:     7433.070     7433.070     7433.070     7433.070     7433.070
  1060:     7434.070     7437.070     7438.070     7438.070     7443.060
  1065:     7443.070     7456.540     7486.810     7500.480     7525.290
  1070:     7534.850     7542.230     7543.070     7557.230     7559.950
  1075:     7560.090     7596.260     7810.630     7810.820     8392.640
  1080:     8392.930     8393.660     8396.390     8419.670     8440.200
  1085:     8446.510     8446.540     8454.360     8454.360     8454.360
  1090:     8454.370     8454.370     8454.370     8454.370     8454.370
  1095:     8454.370     8455.210     8458.370     8459.370     8459.370
  1100:     8462.100     8464.360     8464.370     8464.950     8474.570
  1105:     8474.710     8475.320     8475.960     8479.240     8479.240
  1110:     8479.240     8479.250     8479.250     8479.250     8479.250
  1115:     8479.250     8479.250     8479.650     8479.650     8481.040
  1120:     8483.250     8484.250     8484.250     8484.610     8485.260
  1125:     8487.770     8487.980     8488.260     8488.610     8488.880
  1130:     8488.900     8489.240     8489.250     8489.620     8490.180
  1135:     8492.570     8494.480     8498.610     8504.960     8513.830
  1140:     8513.830     8513.830     8513.840     8513.840     8513.840
  1145:     8513.840     8513.840     8513.840     8514.820     8517.460
  1150:     8517.840     8518.840     8518.840     8518.900     8523.830
  1155:     8523.840     8598.660     8600.830     8641.260     8643.400
  1160:     8643.400     8643.400     8643.410     8643.410     8643.410
  1165:     8643.410     8643.410     8643.410     8644.370     8644.370
  1170:     8645.140     8647.410     8648.410     8648.410     8653.400
  1175:     8653.410     8655.170     8655.780     8657.130     8658.440
  1180:     8658.660     8677.940     8681.090     8687.510     8690.040
  1185:     8690.560     8691.960     8694.760     8694.760     8694.760
  1190:     8694.770     8694.770     8694.770     8694.770     8694.770
  1195:     8694.770     8697.620     8697.670     8697.800     8698.770
  1200:     8699.770     8699.770     8704.760     8704.770     8708.120
  1205:     8763.530     8763.530     8763.530     8763.540     8763.540
  1210:     8763.540     8763.540     8763.540     8763.540     8764.400
  1215:     8767.540     8768.540     8768.540     8773.530     8773.540
  1220:     9136.530     9137.220     9146.000     9146.780     9146.900
  1225:     9147.460     9147.870     9148.790     9150.040     9150.100
  1230:     9150.360     9159.870     9163.420     9164.150     9166.160
  1235:     9171.470     9171.500     9172.330     9175.830     9179.690
  1240:     9193.390     9194.270     9196.020     9196.200     9198.480
  1245:     9205.070     9208.640     9224.410     9224.780     9224.920
  1250:     9225.800     9227.040     9227.880     9229.240     9229.560
  1255:     9236.050     9237.320     9237.640     9237.680     9245.230
  1260:     9245.620     9364.080     9369.410     9369.410     9369.410
  1265:     9369.420     9369.420     9369.420     9369.420     9369.420
  1270:     9369.420     9370.320     9373.420     9374.420     9374.420
  1275:     9376.410     9379.410     9379.420     9381.010     9403.900
  1280:     9415.360     9493.870     9493.870     9493.870     9493.880
  1285:     9493.880     9493.880     9493.880     9493.880     9493.880
  1290:     9496.050     9497.880     9498.880     9498.880     9500.500
  1295:     9503.870     9503.880     9504.080     9523.440     9566.560
  1300:     9566.560     9566.560     9566.570     9566.570     9566.570
  1305:     9566.570     9566.570     9566.570     9567.220     9570.570
  1310:     9570.850     9571.570     9571.570     9576.560     9576.570
  1315:     9583.340     9583.340     9583.340     9583.350     9583.350
  1320:     9583.350     9583.350     9583.350     9583.350     9585.520
  1325:     9587.350     9588.350     9588.350     9590.410     9590.530
  1330:     9593.340     9593.350     9594.350     9594.350     9594.350
  1335:     9594.360     9594.360     9594.360     9594.360     9594.360
  1340:     9594.360     9594.860     9598.360     9599.190     9599.360
  1345:     9599.360     9604.350     9604.360     9608.400     9617.670
  1350:     9617.670     9617.670     9617.680     9617.680     9617.680
  1355:     9617.680     9617.680     9617.680     9618.330     9621.680
  1360:     9622.680     9622.680     9622.980     9627.670     9627.680
  1365:     9659.660     9660.920     9661.090     9677.880     9677.950
  1370:     9683.190     9701.960     9703.840     9706.430     9710.940
  1375:     9712.900     9713.290     9713.320     9717.070     9723.610
  1380:     9723.610     9723.610     9723.620     9723.620     9723.620
  1385:     9723.620     9723.620     9723.620     9724.170     9724.170
  1390:     9726.510     9727.620     9728.620     9728.620     9730.150
  1395:     9730.150     9732.470     9732.470     9733.610     9733.620
  1400:     9736.360     9736.360     9736.360     9736.370     9736.370
  1405:     9736.370     9736.370     9736.370     9736.370     9737.140
  1410:     9740.370     9741.370     9741.370     9741.470     9745.460
  1415:     9745.460     9746.360     9746.370     9748.420     9748.420
  1420:     9748.420     9748.430     9748.430     9748.430     9748.430
  1425:     9748.430     9748.430     9748.750     9748.750     9749.680
  1430:     9749.680     9752.060     9752.060     9752.430     9753.120
  1435:     9753.430     9753.430     9758.420     9758.430     9758.940
  1440:     9761.000     9763.690     9763.690     9763.690     9763.700
  1445:     9763.700     9763.700     9763.700     9763.700     9763.700
  1450:     9765.960     9765.960     9767.700     9768.700     9768.700
  1455:     9769.330     9769.330     9773.690     9773.700     9774.510
  1460:     9774.510     9774.510     9774.520     9774.520     9774.520
  1465:     9774.520     9774.520     9774.520     9776.360     9778.520
  1470:     9778.920     9778.920     9779.520     9779.520     9781.470
  1475:     9781.470     9784.510     9784.520     9786.480     9787.920
  1480:     9787.920     9787.920     9787.930     9787.930     9787.930
  1485:     9787.930     9787.930     9787.930     9789.110     9789.110
  1490:     9790.520     9791.930     9792.930     9792.930     9793.030
  1495:     9793.030     9794.640     9797.320     9797.320     9797.920
  1500:     9797.930     9804.100     9804.180     9817.880     9817.880
  1505:     9817.880     9817.890     9817.890     9817.890     9817.890
  1510:     9817.890     9817.890     9821.680     9821.890     9822.890
  1515:     9822.890     9827.880     9827.890     9833.740     9833.900
  1520:     9891.460     9895.210     9925.860    10800.000
