File: C:\MED-PC\Data\2024-10-31_12h57m_Subject 54.txt


Start Date: 10/31/24
End Date: 10/31/24
Subject: 54
Experiment: OralFentSA
Group: One
Box: 10
Start Time: 12:57:41
End Time: 15:57:50
MSN: 20241014_Golden_Liq_SelfAdmin
F:       0.000
G:     829.000
H:   10800.000
I:       0.000
J:       0.000
K:       0.000
L:       0.000
M:       0.000
N:       0.000
O:       0.000
P:       0.000
Q:       0.000
R:       0.000
S:       0.000
U:       0.000
V:       0.000
W:       0.000
X:       0.000
Y:       0.000
Z:       0.000
A:
     0:        0.000        0.000      180.000        4.000        0.000
     5:        5.000        0.000        5.000        0.000        0.000
    10:        1.000        0.000       10.000   100000.000       31.700
    15:        9.000      640.000        0.000        0.000        0.000
    20:        0.000
B:
     0:        0.000        0.000        0.000      400.000        0.000
     5:      500.000        0.000      500.000        0.000        0.000
    10:        0.000        0.000     1000.000 10000000.000        0.000
    15:        0.000        0.000        0.000        0.000        0.000
    20:        0.000
C:
     0:       46.000       47.000       30.000       70.000      103.000
     5:    10428.670        7.440       23.000     2115.470       91.977
    10:       70.000       30.000        0.000        0.000        0.000
    15:        0.000        0.000        0.000        0.000        0.000
    20:        0.000
D:
     0:        9.520       23.920      226.300        3.390       68.140
     5:       13.180        9.650      327.270      327.330        7.430
    10:      485.600      118.210        7.540       19.400       18.850
    15:       98.530      184.800       20.960       40.680       15.190
    20:       40.810       41.330        7.440
E:
     0:       19.000       11.000       26.000       27.000        6.000
     5:        2.000        4.000       22.000       24.000       12.000
    10:       13.000        8.000        5.000       17.000       18.000
    15:       14.000       10.000       19.000       11.000        2.000
    20:        4.000       22.000       24.000       12.000       13.000
    25:        8.000        5.000       17.000       18.000       14.000
    30:       10.000        6.000       19.000       11.000        6.000
    35:        6.000        6.000        6.000        1.000        2.000
    40:        4.000       22.000       24.000       12.000       13.000
    45:        8.000        5.000       17.000       18.000       14.000
    50:       10.000       21.000       22.000       19.000       11.000
    55:        6.000        6.000        6.000        6.000        6.000
    60:        2.000        4.000       22.000       24.000       12.000
    65:       13.000        8.000        5.000       17.000       18.000
    70:       14.000       10.000       20.000       19.000       11.000
    75:        2.000        4.000       22.000       24.000       12.000
    80:       13.000        8.000        5.000       17.000       18.000
    85:       14.000       10.000       20.000       19.000       11.000
    90:        6.000        6.000        6.000        6.000        6.000
    95:        6.000        6.000        6.000        6.000        6.000
   100:        6.000        2.000        4.000       22.000       24.000
   105:       12.000       13.000        8.000        5.000       17.000
   110:        6.000       18.000       14.000       10.000        6.000
   115:        6.000       19.000       11.000        6.000        6.000
   120:        6.000        2.000        4.000       22.000       24.000
   125:       12.000       13.000        8.000        5.000       17.000
   130:       21.000       22.000       21.000       22.000       21.000
   135:       22.000       18.000       14.000       10.000       19.000
   140:       11.000        2.000        4.000       22.000       24.000
   145:       12.000       13.000        8.000        5.000       17.000
   150:       18.000       14.000       10.000       19.000       11.000
   155:        2.000        4.000       22.000       24.000       12.000
   160:       13.000        8.000        5.000       17.000       18.000
   165:       14.000       10.000       19.000       11.000        6.000
   170:        6.000        6.000        6.000        2.000        4.000
   175:       22.000       24.000       12.000       13.000        8.000
   180:        5.000       17.000       18.000       14.000       10.000
   185:       19.000       11.000        6.000        1.000        6.000
   190:        6.000        2.000        4.000       22.000       24.000
   195:       12.000       13.000        8.000        5.000       17.000
   200:       21.000       22.000       21.000       22.000       18.000
   205:       14.000       10.000       21.000       22.000       19.000
   210:       11.000        2.000        4.000       22.000       24.000
   215:       12.000       13.000        8.000        5.000       17.000
   220:       18.000       14.000       10.000       21.000       22.000
   225:        6.000       19.000       11.000        2.000        4.000
   230:       22.000       24.000       12.000       13.000        8.000
   235:        5.000       17.000       18.000       14.000       10.000
   240:       19.000       11.000        1.000        1.000        1.000
   245:        6.000        6.000        6.000        6.000        6.000
   250:        6.000        2.000        4.000       22.000       24.000
   255:       12.000       13.000        8.000        5.000       17.000
   260:       21.000       22.000       21.000       22.000       18.000
   265:       14.000       10.000       19.000       11.000        6.000
   270:        2.000        4.000       22.000       24.000       12.000
   275:       13.000        8.000        5.000       17.000       18.000
   280:       14.000       10.000        6.000       19.000       11.000
   285:        6.000        6.000        6.000        6.000        2.000
   290:        4.000       22.000       24.000       12.000       13.000
   295:        8.000        5.000       17.000       18.000       14.000
   300:       10.000       19.000       11.000        1.000        1.000
   305:        1.000        1.000        1.000        1.000        1.000
   310:        6.000        2.000        4.000       22.000       24.000
   315:       12.000       13.000        8.000        5.000       17.000
   320:       18.000       14.000       10.000       19.000       11.000
   325:        6.000        2.000        4.000       22.000       24.000
   330:       12.000       13.000        8.000        5.000       17.000
   335:       21.000       22.000       18.000       14.000       10.000
   340:       21.000       22.000       19.000       11.000        2.000
   345:        4.000       22.000       24.000       12.000       13.000
   350:        8.000        5.000       17.000       18.000       14.000
   355:       10.000        6.000       19.000       11.000        6.000
   360:        2.000        4.000       22.000       24.000       12.000
   365:       13.000        8.000        5.000       17.000       18.000
   370:       14.000       10.000       19.000       11.000        2.000
   375:        4.000       22.000       24.000       12.000       13.000
   380:        8.000        5.000       17.000       21.000       22.000
   385:       18.000       14.000       10.000       19.000       11.000
   390:        6.000        6.000        6.000        6.000        6.000
   395:        6.000        6.000        2.000        4.000       22.000
   400:       24.000       12.000       13.000        8.000        5.000
   405:       17.000       18.000       14.000       10.000       19.000
   410:       11.000        2.000        4.000       22.000       24.000
   415:       12.000       13.000        8.000        5.000       17.000
   420:       18.000       14.000       10.000       19.000       11.000
   425:        2.000        4.000       22.000       24.000       12.000
   430:       13.000        8.000        5.000       17.000       18.000
   435:       14.000       10.000       19.000       11.000        2.000
   440:        4.000       22.000       24.000       12.000       13.000
   445:        8.000        5.000       17.000       18.000       14.000
   450:       10.000       19.000       11.000        2.000        4.000
   455:       22.000       24.000       12.000       13.000        8.000
   460:        5.000       17.000       18.000       14.000       10.000
   465:       19.000       11.000        6.000        2.000        4.000
   470:       22.000       24.000       12.000       13.000        8.000
   475:        5.000       17.000       18.000       14.000       10.000
   480:       21.000       22.000       19.000       11.000        6.000
   485:        6.000        2.000        4.000       22.000       24.000
   490:       12.000       13.000        8.000        5.000       17.000
   495:       18.000       14.000       10.000       21.000       22.000
   500:       21.000       22.000       19.000       11.000        1.000
   505:        6.000        6.000        6.000        6.000        2.000
   510:        4.000       22.000       24.000       12.000       13.000
   515:        8.000        5.000       17.000       18.000       21.000
   520:       22.000       14.000       10.000       21.000       22.000
   525:       21.000       22.000       21.000       22.000       19.000
   530:       11.000        1.000        2.000        4.000       22.000
   535:       24.000       12.000       13.000        8.000        5.000
   540:       17.000       18.000       14.000       10.000       19.000
   545:       11.000        2.000        4.000       22.000       24.000
   550:       12.000       13.000        8.000        5.000       17.000
   555:       18.000       14.000       10.000       19.000       11.000
   560:        2.000        4.000       22.000       24.000       12.000
   565:       13.000        8.000        5.000       17.000       21.000
   570:       22.000       18.000       14.000       10.000       19.000
   575:       11.000        6.000        2.000        4.000       22.000
   580:       24.000       12.000       13.000        8.000        5.000
   585:       17.000       18.000       14.000       10.000       19.000
   590:       11.000        6.000        2.000        4.000       22.000
   595:       24.000       12.000       13.000        8.000        5.000
   600:       17.000       18.000       14.000       10.000       19.000
   605:       11.000        2.000        4.000       22.000       24.000
   610:       12.000       13.000        8.000        5.000       17.000
   615:       18.000       14.000       10.000       19.000       11.000
   620:        1.000        2.000        4.000       22.000       24.000
   625:       12.000       13.000        8.000        5.000       17.000
   630:       18.000       14.000       10.000       19.000       11.000
   635:        6.000        1.000        1.000        1.000        1.000
   640:        6.000        6.000        6.000        6.000        6.000
   645:        6.000        6.000        6.000        6.000        6.000
   650:        6.000        6.000        6.000        6.000        6.000
   655:        6.000        6.000        6.000        6.000        2.000
   660:        4.000       22.000       24.000       12.000       13.000
   665:        8.000        5.000       17.000       21.000       22.000
   670:       18.000       14.000       10.000       21.000       22.000
   675:       20.000       19.000       11.000        1.000        1.000
   680:        1.000        1.000        1.000        2.000        4.000
   685:       22.000       24.000       12.000       13.000        8.000
   690:        5.000       17.000       18.000       14.000       10.000
   695:       19.000       11.000        6.000        6.000        6.000
   700:        6.000        6.000        6.000        6.000        6.000
   705:        6.000        6.000        6.000        6.000        6.000
   710:        2.000        4.000       22.000       24.000       12.000
   715:       13.000        8.000        5.000       17.000       18.000
   720:       14.000       10.000       19.000       11.000        2.000
   725:        4.000       22.000       24.000       12.000       13.000
   730:        8.000        5.000       17.000       18.000       14.000
   735:       10.000       19.000       11.000        6.000        1.000
   740:        2.000        4.000       22.000       24.000       12.000
   745:       13.000        8.000        5.000       17.000       18.000
   750:       14.000       10.000       19.000       11.000        1.000
   755:        2.000        4.000       22.000       24.000       12.000
   760:       13.000        8.000        5.000       17.000       18.000
   765:       14.000       10.000       19.000       11.000        2.000
   770:        4.000       22.000       24.000       12.000       13.000
   775:        8.000        5.000       17.000       18.000       14.000
   780:       10.000       19.000       11.000        2.000        4.000
   785:       22.000       24.000       12.000       13.000        8.000
   790:        5.000       17.000       18.000       14.000       10.000
   795:       19.000       11.000        2.000        4.000       22.000
   800:       24.000       12.000       13.000        8.000        5.000
   805:       17.000       18.000       14.000       10.000       19.000
   810:       11.000        1.000        2.000        4.000       22.000
   815:       24.000       12.000       13.000        8.000        5.000
   820:       17.000       21.000       22.000       18.000       14.000
   825:       10.000        6.000       19.000       11.000      100.000
T:
     0:        0.000        0.000        0.000        0.000       31.540
     5:       34.640       34.640       34.640       34.650       34.650
    10:       34.650       34.650       34.650       34.650       38.650
    15:       39.650       39.650       44.640       44.650       52.900
    20:       52.900       52.900       52.910       52.910       52.910
    25:       52.910       52.910       52.910       56.910       57.910
    30:       57.910       62.430       62.900       62.910       65.020
    35:       65.330       70.850      101.690      107.510      151.340
    40:      151.340      151.340      151.350      151.350      151.350
    45:      151.350      151.350      151.350      155.350      156.350
    50:      156.350      160.810      160.810      161.340      161.350
    55:      175.270      199.110      201.120      201.980      202.490
    60:      204.440      204.440      204.440      204.450      204.450
    65:      204.450      204.450      204.450      204.450      208.450
    70:      209.450      209.450      212.720      214.440      214.450
    75:      305.930      305.930      305.930      305.940      305.940
    80:      305.940      305.940      305.940      305.940      309.940
    85:      310.940      310.940      312.230      315.930      315.940
    90:      532.240      539.300      549.890      550.360      552.950
    95:      554.660      558.400      568.380      571.520      576.190
   100:      584.740      587.470      587.470      587.470      587.480
   105:      587.480      587.480      587.480      587.480      587.480
   110:      590.870      591.480      592.480      592.480      593.050
   115:      595.660      597.470      597.480      598.500      603.090
   120:      674.410      678.940      678.940      678.940      678.950
   125:      678.950      678.950      678.950      678.950      678.950
   130:      679.500      679.500      680.780      680.780      682.390
   135:      682.390      682.950      683.950      683.950      688.940
   140:      688.950      791.280      791.280      791.280      791.290
   145:      791.290      791.290      791.290      791.290      791.290
   150:      795.290      796.290      796.290      801.280      801.290
   155:      911.510      911.510      911.510      911.520      911.520
   160:      911.520      911.520      911.520      911.520      915.520
   165:      916.520      916.520      921.510      921.520      979.660
   170:     1095.740     1096.710     1096.850     1486.850     1486.850
   175:     1486.850     1486.860     1486.860     1486.860     1486.860
   180:     1486.860     1486.860     1490.860     1491.860     1491.860
   185:     1496.850     1496.860     1500.040     1513.740     1546.970
   190:     1696.170     1782.600     1782.600     1782.600     1782.610
   195:     1782.610     1782.610     1782.610     1782.610     1782.610
   200:     1785.050     1785.050     1785.820     1785.820     1786.610
   205:     1787.610     1787.610     1789.030     1789.030     1792.600
   210:     1792.610     1795.100     1795.100     1795.100     1795.110
   215:     1795.110     1795.110     1795.110     1795.110     1795.110
   220:     1799.110     1800.110     1800.110     1801.270     1801.270
   225:     1804.760     1805.100     1805.110     1828.310     1828.310
   230:     1828.310     1828.320     1828.320     1828.320     1828.320
   235:     1828.320     1828.320     1832.320     1833.320     1833.320
   240:     1838.310     1838.320     2018.190     2019.320     2020.410
   245:     2155.590     2297.590     2421.870     2428.550     2429.330
   250:     2433.720     2450.670     2450.670     2450.670     2450.680
   255:     2450.680     2450.680     2450.680     2450.680     2450.680
   260:     2452.110     2452.110     2452.470     2452.470     2454.680
   265:     2455.680     2455.680     2460.670     2460.680     2778.010
   270:     2799.840     2799.840     2799.840     2799.850     2799.850
   275:     2799.850     2799.850     2799.850     2799.850     2803.850
   280:     2804.850     2804.850     2807.280     2809.840     2809.850
   285:     2812.540     2816.460     2818.990     2819.060     3238.310
   290:     3238.310     3238.310     3238.320     3238.320     3238.320
   295:     3238.320     3238.320     3238.320     3242.320     3243.320
   300:     3243.320     3248.310     3248.320     3691.530     3692.030
   305:     3694.110     3695.480     3695.870     3697.400     3697.960
   310:     3723.920     4122.960     4122.960     4122.960     4122.970
   315:     4122.970     4122.970     4122.970     4122.970     4122.970
   320:     4126.970     4127.970     4127.970     4132.960     4132.970
   325:     4241.180     4270.110     4270.110     4270.110     4270.120
   330:     4270.120     4270.120     4270.120     4270.120     4270.120
   335:     4271.410     4271.410     4274.120     4275.120     4275.120
   340:     4278.920     4278.920     4280.110     4280.120     4537.800
   345:     4537.800     4537.800     4537.810     4537.810     4537.810
   350:     4537.810     4537.810     4537.810     4541.810     4542.810
   355:     4542.810     4545.350     4547.800     4547.810     4548.020
   360:     4589.280     4589.280     4589.280     4589.290     4589.290
   365:     4589.290     4589.290     4589.290     4589.290     4593.290
   370:     4594.290     4594.290     4599.280     4599.290     5576.520
   375:     5576.520     5576.520     5576.530     5576.530     5576.530
   380:     5576.530     5576.530     5576.530     5577.290     5577.290
   385:     5580.530     5581.530     5581.530     5586.520     5586.530
   390:     5595.930     5596.020     5606.950     5613.520     5614.040
   395:     5625.050     5625.340     6490.340     6490.340     6490.340
   400:     6490.350     6490.350     6490.350     6490.350     6490.350
   405:     6490.350     6494.350     6495.350     6495.350     6500.340
   410:     6500.350     6503.710     6503.710     6503.710     6503.720
   415:     6503.720     6503.720     6503.720     6503.720     6503.720
   420:     6507.720     6508.720     6508.720     6513.710     6513.720
   425:     6554.350     6554.350     6554.350     6554.360     6554.360
   430:     6554.360     6554.360     6554.360     6554.360     6558.360
   435:     6559.360     6559.360     6564.350     6564.360     6564.440
   440:     6564.440     6564.440     6564.450     6564.450     6564.450
   445:     6564.450     6564.450     6564.450     6568.450     6569.450
   450:     6569.450     6574.440     6574.450     6582.150     6582.150
   455:     6582.150     6582.160     6582.160     6582.160     6582.160
   460:     6582.160     6582.160     6586.160     6587.160     6587.160
   465:     6592.150     6592.160     6601.010     6889.270     6889.270
   470:     6889.270     6889.280     6889.280     6889.280     6889.280
   475:     6889.280     6889.280     6893.280     6894.280     6894.280
   480:     6895.650     6895.650     6899.270     6899.280     6987.810
   485:     6991.530     6997.600     6997.600     6997.600     6997.610
   490:     6997.610     6997.610     6997.610     6997.610     6997.610
   495:     7001.610     7002.610     7002.610     7006.360     7006.360
   500:     7007.570     7007.570     7007.600     7007.610     7049.820
   505:     7182.410     7183.990     7184.140     7185.150     7308.730
   510:     7308.730     7308.730     7308.740     7308.740     7308.740
   515:     7308.740     7308.740     7308.740     7312.740     7313.180
   520:     7313.180     7313.740     7313.740     7314.240     7314.240
   525:     7316.780     7316.780     7318.510     7318.510     7318.730
   530:     7318.740     7346.620     7362.480     7362.480     7362.480
   535:     7362.490     7362.490     7362.490     7362.490     7362.490
   540:     7362.490     7366.490     7367.490     7367.490     7372.480
   545:     7372.490     8630.480     8630.480     8630.480     8630.490
   550:     8630.490     8630.490     8630.490     8630.490     8630.490
   555:     8634.490     8635.490     8635.490     8640.480     8640.490
   560:     8681.920     8681.920     8681.920     8681.930     8681.930
   565:     8681.930     8681.930     8681.930     8681.930     8684.430
   570:     8684.430     8685.930     8686.930     8686.930     8691.920
   575:     8691.930     8702.890     8717.500     8717.500     8717.500
   580:     8717.510     8717.510     8717.510     8717.510     8717.510
   585:     8717.510     8721.510     8722.510     8722.510     8727.500
   590:     8727.510     8758.190     8823.470     8823.470     8823.470
   595:     8823.480     8823.480     8823.480     8823.480     8823.480
   600:     8823.480     8827.480     8828.480     8828.480     8833.470
   605:     8833.480     8838.780     8838.780     8838.780     8838.790
   610:     8838.790     8838.790     8838.790     8838.790     8838.790
   615:     8842.790     8843.790     8843.790     8848.780     8848.790
   620:     8861.270     9108.350     9108.350     9108.350     9108.360
   625:     9108.360     9108.360     9108.360     9108.360     9108.360
   630:     9112.360     9113.360     9113.360     9118.350     9118.360
   635:     9123.550     9266.720     9266.800     9748.610     9773.770
   640:     9793.820     9796.730     9797.620     9799.120     9799.190
   645:     9800.400     9800.920     9801.080     9801.490     9801.700
   650:     9802.090     9802.270     9802.830     9802.880     9803.550
   655:     9805.490     9805.830     9806.140     9807.870     9816.290
   660:     9816.290     9816.290     9816.300     9816.300     9816.300
   665:     9816.300     9816.300     9816.300     9818.050     9818.050
   670:     9820.300     9821.300     9821.300     9822.510     9822.510
   675:     9824.740     9826.290     9826.300     9830.180     9837.260
   680:     9838.610     9839.520     9841.010     9929.500     9929.500
   685:     9929.500     9929.510     9929.510     9929.510     9929.510
   690:     9929.510     9929.510     9933.510     9934.510     9934.510
   695:     9939.500     9939.510     9970.320     9971.840     9972.570
   700:     9973.150     9973.190     9973.370     9977.170     9977.870
   705:     9978.740     9979.290     9980.480     9980.770     9981.960
   710:     9985.500     9985.500     9985.500     9985.510     9985.510
   715:     9985.510     9985.510     9985.510     9985.510     9989.510
   720:     9990.510     9990.510     9995.500     9995.510    10005.460
   725:    10005.460    10005.460    10005.470    10005.470    10005.470
   730:    10005.470    10005.470    10005.470    10009.470    10010.470
   735:    10010.470    10015.460    10015.470    10046.800    10080.890
   740:    10138.680    10138.680    10138.680    10138.690    10138.690
   745:    10138.690    10138.690    10138.690    10138.690    10142.690
   750:    10143.690    10143.690    10148.680    10148.690    10205.470
   755:    10263.830    10263.830    10263.830    10263.840    10263.840
   760:    10263.840    10263.840    10263.840    10263.840    10267.840
   765:    10268.840    10268.840    10273.830    10273.840    10307.010
   770:    10307.010    10307.010    10307.020    10307.020    10307.020
   775:    10307.020    10307.020    10307.020    10311.020    10312.020
   780:    10312.020    10317.010    10317.020    10360.780    10360.780
   785:    10360.780    10360.790    10360.790    10360.790    10360.790
   790:    10360.790    10360.790    10364.790    10365.790    10365.790
   795:    10370.780    10370.790    10383.830    10383.830    10383.830
   800:    10383.840    10383.840    10383.840    10383.840    10383.840
   805:    10383.840    10387.840    10388.840    10388.840    10393.830
   810:    10393.840    10422.630    10428.660    10428.660    10428.660
   815:    10428.670    10428.670    10428.670    10428.670    10428.670
   820:    10428.670    10430.390    10430.390    10432.670    10433.670
   825:    10433.670    10436.110    10438.660    10438.670    10800.000
