File: C:\MED-PC\Data\2024-11-18_08h38m_Subject 41.txt


Start Date: 11/18/24
End Date: 11/18/24
Subject: 41
Experiment: OralFentSA
Group: One
Box: 9
Start Time: 08:38:05
End Time: 11:38:21
MSN: Golden_Liq_SelfAdmin_EXT
F:       0.000
G:    1302.000
H:   10800.000
I:       0.000
J:       0.000
K:       0.000
L:       0.000
M:       0.000
N:       0.000
O:       0.000
P:       0.000
Q:       0.000
R:       0.000
S:       0.000
U:       0.000
V:       0.000
W:       0.000
X:       0.000
Y:       0.000
Z:       0.000
A:
     0:        0.000        0.000      180.000        4.000        0.000
     5:        5.000        0.000        5.000        0.000        0.000
    10:        1.000        0.000       10.000   100000.000       21.000
    15:       21.000      600.000        0.000        0.000        0.000
    20:        0.000
B:
     0:        0.000        0.000        0.000        0.000        0.000
     5:        0.000        0.000        0.000        0.000        0.000
    10:        0.000        0.000     1000.000 10000000.000        0.000
    15:        0.000        0.000        0.000        0.000        0.000
    20:        0.000
C:
     0:        0.000       25.000       29.000       40.000     1066.000
     5:    10787.480        2.750       19.000      556.270       29.277
    10:       40.000       29.000        0.000        0.000        0.000
    15:        0.000        0.000        0.000        0.000        0.000
    20:        0.000
D:
     0:        2.340        4.710        0.800        5.350        4.670
     5:        4.260        4.220       51.050      110.280        4.240
    10:       12.820       77.970      120.680        6.830        8.200
    15:      125.610        3.630        5.860        2.750
E:
     0:       19.000       11.000       26.000       27.000        2.000
     5:        4.000       22.000       24.000       12.000       20.000
    10:       20.000        6.000        6.000       19.000       11.000
    15:        6.000        2.000        4.000       22.000       24.000
    20:       12.000       19.000       11.000        1.000        1.000
    25:        2.000        4.000       22.000       24.000       12.000
    30:        6.000        6.000        6.000        6.000        6.000
    35:        6.000       19.000       11.000        6.000        6.000
    40:        6.000        6.000        6.000        6.000        6.000
    45:        6.000        6.000        6.000        6.000        6.000
    50:        6.000        6.000        6.000        6.000        6.000
    55:        6.000        6.000        2.000        4.000       22.000
    60:       24.000       12.000       19.000       11.000        2.000
    65:        4.000       22.000       24.000       12.000        6.000
    70:        6.000        6.000        6.000       19.000       11.000
    75:        6.000        6.000        6.000        6.000        6.000
    80:        6.000        6.000        6.000        6.000        6.000
    85:        6.000        6.000        2.000        4.000       22.000
    90:       24.000       12.000       21.000       22.000       21.000
    95:       22.000        6.000        6.000        6.000       19.000
   100:       11.000        6.000        6.000        6.000        6.000
   105:        6.000        6.000        6.000        6.000        6.000
   110:        6.000        6.000        6.000        6.000        6.000
   115:        6.000        6.000        6.000        6.000        6.000
   120:        6.000        6.000        6.000        6.000        6.000
   125:        6.000        6.000        6.000        6.000        6.000
   130:        6.000        6.000        6.000        6.000        6.000
   135:        6.000        6.000        1.000        6.000        6.000
   140:        6.000        6.000        6.000        6.000        6.000
   145:        6.000        6.000        6.000        6.000        2.000
   150:        4.000       22.000       24.000       12.000       21.000
   155:       22.000        6.000        6.000        6.000        6.000
   160:        6.000        6.000        6.000       19.000       11.000
   165:        6.000        6.000        6.000        6.000        6.000
   170:        6.000        6.000        6.000        6.000        6.000
   175:        6.000        6.000        6.000        6.000        6.000
   180:        6.000        6.000        6.000        6.000        6.000
   185:        6.000        6.000        6.000        6.000        6.000
   190:        6.000        6.000        6.000        6.000        6.000
   195:        6.000        6.000        6.000        6.000        6.000
   200:        6.000        6.000        6.000        6.000        6.000
   205:        6.000        6.000        6.000        6.000        6.000
   210:        6.000        6.000        6.000        6.000        6.000
   215:        6.000        6.000        6.000        6.000        6.000
   220:        6.000        6.000        6.000        6.000        6.000
   225:        6.000        6.000        6.000        6.000        6.000
   230:        6.000        6.000        6.000        6.000        6.000
   235:        6.000        6.000        6.000        6.000        6.000
   240:        6.000        6.000        6.000        6.000        6.000
   245:        6.000        6.000        6.000        6.000        6.000
   250:        6.000        6.000        6.000        6.000        6.000
   255:        1.000        1.000        6.000        6.000        6.000
   260:        6.000        6.000        6.000        6.000        6.000
   265:        6.000        6.000        6.000        6.000        6.000
   270:       11.000       26.000       27.000        6.000        6.000
   275:        6.000        6.000        2.000        4.000       22.000
   280:       24.000       12.000        6.000        6.000        6.000
   285:        6.000        6.000        6.000        6.000        6.000
   290:        6.000       19.000       11.000        6.000        6.000
   295:        6.000        6.000        6.000        6.000        6.000
   300:        6.000        6.000        6.000        6.000        6.000
   305:        6.000        6.000        6.000        6.000        6.000
   310:        6.000        6.000        6.000        6.000        6.000
   315:        1.000        6.000        6.000        6.000        6.000
   320:        6.000        6.000        6.000        6.000        6.000
   325:        6.000        6.000        6.000        6.000        6.000
   330:        6.000        6.000        6.000        6.000        6.000
   335:        6.000        6.000        6.000        6.000        6.000
   340:        6.000        6.000        6.000        6.000        6.000
   345:        6.000        6.000        6.000        6.000        6.000
   350:        6.000        6.000        6.000        6.000        6.000
   355:        6.000        6.000        6.000        6.000        6.000
   360:        6.000        1.000        6.000        6.000        6.000
   365:        6.000        6.000        6.000        6.000        6.000
   370:        6.000        6.000        6.000        6.000        6.000
   375:        6.000        6.000        6.000        6.000        6.000
   380:        6.000        6.000        6.000        6.000        6.000
   385:        6.000        6.000        6.000        6.000        6.000
   390:        6.000        6.000        6.000        6.000        6.000
   395:        6.000        6.000        6.000        6.000        6.000
   400:        6.000        6.000        6.000        6.000        6.000
   405:        6.000        6.000        6.000        6.000        6.000
   410:        6.000        6.000        6.000        6.000        6.000
   415:        6.000        6.000        6.000        6.000        6.000
   420:        6.000        6.000        6.000        6.000        6.000
   425:        6.000        6.000        6.000        6.000        6.000
   430:        6.000        6.000        6.000        6.000        6.000
   435:        6.000        2.000        4.000       22.000       24.000
   440:       12.000        6.000       19.000       11.000        6.000
   445:        6.000        6.000        6.000        6.000        6.000
   450:        6.000        6.000        6.000        6.000        6.000
   455:        6.000        6.000        6.000        6.000        6.000
   460:        6.000        6.000        6.000        6.000        6.000
   465:        6.000        6.000        6.000        6.000        6.000
   470:        6.000        6.000        6.000        6.000        6.000
   475:        6.000        6.000        6.000        6.000        6.000
   480:        6.000        6.000        6.000        6.000        6.000
   485:        6.000        6.000        6.000        6.000        6.000
   490:        6.000        6.000        6.000        6.000        6.000
   495:        6.000        6.000        6.000        6.000        6.000
   500:        6.000        6.000        6.000        6.000        6.000
   505:        6.000        6.000        6.000        6.000        6.000
   510:        6.000        6.000        6.000        6.000        6.000
   515:        6.000        6.000        6.000        6.000        6.000
   520:        6.000        6.000        6.000        6.000        6.000
   525:        6.000        6.000        6.000        6.000        6.000
   530:        6.000        6.000        6.000        6.000        6.000
   535:        6.000        6.000        6.000        6.000        6.000
   540:        6.000        6.000        6.000        6.000        6.000
   545:        6.000        6.000        6.000        6.000        6.000
   550:        6.000        6.000        6.000        6.000        6.000
   555:        6.000        6.000        6.000        6.000        6.000
   560:        6.000        6.000        6.000        6.000        6.000
   565:        6.000        6.000        6.000        6.000        6.000
   570:        1.000        2.000        4.000       22.000       24.000
   575:       12.000       21.000       22.000       21.000       22.000
   580:       19.000       11.000        2.000        4.000       22.000
   585:       24.000       12.000       19.000       11.000        6.000
   590:        6.000        6.000        6.000        6.000        6.000
   595:        6.000        6.000        1.000        6.000        6.000
   600:        6.000        6.000        6.000        6.000        6.000
   605:        6.000        6.000        6.000        6.000        6.000
   610:        6.000        6.000        6.000        6.000        6.000
   615:        6.000        6.000        6.000        6.000        6.000
   620:        6.000        6.000        6.000        6.000        6.000
   625:        6.000        6.000        6.000        6.000        6.000
   630:        6.000        6.000        6.000        6.000        6.000
   635:        6.000        6.000        6.000        6.000        6.000
   640:        6.000        6.000        6.000        6.000        6.000
   645:        6.000        6.000        6.000        6.000        6.000
   650:        6.000        6.000        6.000        6.000        6.000
   655:        6.000        6.000        6.000        6.000        6.000
   660:        6.000        6.000        6.000        6.000        2.000
   665:        4.000       22.000       24.000       12.000       21.000
   670:       22.000       21.000       22.000       21.000       22.000
   675:       19.000       11.000        1.000        1.000        1.000
   680:        1.000        6.000        6.000        6.000        6.000
   685:        6.000        6.000        6.000        6.000        6.000
   690:        6.000        6.000        6.000        6.000        6.000
   695:        6.000        6.000        6.000        6.000        1.000
   700:        1.000        1.000        2.000        4.000       22.000
   705:       24.000       12.000        6.000        6.000        6.000
   710:        6.000       19.000       11.000        6.000        6.000
   715:        6.000        6.000        6.000        6.000        6.000
   720:        6.000        6.000        6.000        6.000        6.000
   725:        6.000        6.000        6.000        6.000        6.000
   730:        6.000        6.000        6.000        6.000        6.000
   735:        6.000        6.000        6.000        2.000        4.000
   740:       22.000       24.000       12.000       21.000       22.000
   745:       21.000       22.000       21.000       22.000       19.000
   750:       11.000        6.000        6.000        1.000        6.000
   755:        6.000        6.000        6.000        6.000        6.000
   760:        6.000        6.000        6.000        6.000        6.000
   765:        6.000        6.000        6.000        6.000        6.000
   770:        6.000        6.000        6.000        6.000        6.000
   775:        6.000        6.000        6.000        6.000        6.000
   780:        6.000        6.000        6.000        6.000        6.000
   785:        6.000        6.000        6.000        6.000        6.000
   790:        6.000        6.000        6.000        6.000        6.000
   795:        6.000        6.000        6.000        6.000        6.000
   800:        6.000        6.000        6.000        6.000        6.000
   805:        6.000        6.000        6.000        6.000        6.000
   810:        6.000        6.000        6.000        6.000        6.000
   815:        6.000        6.000        6.000        6.000        6.000
   820:        6.000        6.000        6.000        6.000        6.000
   825:        6.000        6.000        6.000        6.000        6.000
   830:        6.000        6.000        6.000        6.000        6.000
   835:        6.000        6.000        6.000        6.000        6.000
   840:        6.000        6.000        6.000        6.000        6.000
   845:        6.000        6.000        6.000        6.000        6.000
   850:        6.000        6.000        6.000        6.000        6.000
   855:        6.000        6.000        6.000        6.000        6.000
   860:        6.000        6.000        6.000        6.000        6.000
   865:        6.000        6.000        6.000        6.000        6.000
   870:        6.000        6.000        6.000        6.000        6.000
   875:        6.000        6.000        6.000        6.000        6.000
   880:        6.000        6.000        6.000        6.000        6.000
   885:        6.000        6.000        6.000        6.000        6.000
   890:        6.000        6.000        6.000        6.000        6.000
   895:        6.000        6.000        6.000        6.000        6.000
   900:        6.000        6.000        6.000        6.000        6.000
   905:        6.000        6.000        6.000        6.000        6.000
   910:        6.000        6.000        6.000        6.000        6.000
   915:        6.000        6.000        6.000        6.000        6.000
   920:        6.000        6.000        6.000        6.000        6.000
   925:        6.000        6.000        6.000        6.000        6.000
   930:        6.000        6.000        6.000        6.000        6.000
   935:        6.000        6.000        6.000        6.000        6.000
   940:        6.000        6.000        6.000        6.000        6.000
   945:        6.000        6.000        6.000        2.000        4.000
   950:       22.000       24.000       12.000       21.000       22.000
   955:       19.000       11.000        2.000        4.000       22.000
   960:       24.000       12.000       19.000       11.000        1.000
   965:        6.000        6.000        6.000        6.000        6.000
   970:        6.000        6.000        6.000        6.000        6.000
   975:        6.000        6.000        6.000        6.000        6.000
   980:        6.000        6.000        6.000        6.000        6.000
   985:        6.000        6.000        6.000        6.000        6.000
   990:        6.000        6.000        6.000        1.000        6.000
   995:        6.000        6.000        6.000        6.000        6.000
  1000:        1.000        6.000        6.000        6.000        6.000
  1005:        2.000        4.000       22.000       24.000       12.000
  1010:       19.000       11.000        2.000        4.000       22.000
  1015:       24.000       12.000       21.000       22.000       21.000
  1020:       22.000       19.000       11.000        1.000        1.000
  1025:        1.000        6.000        6.000        6.000        6.000
  1030:        6.000        6.000        6.000        6.000        6.000
  1035:        6.000        2.000        4.000       22.000       24.000
  1040:       12.000        6.000        6.000       19.000       11.000
  1045:        6.000        6.000        6.000        6.000        6.000
  1050:        6.000        6.000        6.000        6.000        6.000
  1055:        6.000        1.000        1.000        6.000        6.000
  1060:        6.000        2.000        4.000       22.000       24.000
  1065:       12.000        6.000       19.000       11.000        6.000
  1070:        6.000        6.000        6.000        6.000        6.000
  1075:        6.000        6.000        6.000        6.000        6.000
  1080:        6.000        6.000        6.000        6.000        6.000
  1085:        6.000        6.000        6.000        6.000        6.000
  1090:        6.000        6.000        6.000        6.000        6.000
  1095:        6.000        6.000        6.000        6.000        6.000
  1100:        6.000        6.000        6.000        6.000        6.000
  1105:        6.000        6.000        6.000        6.000        6.000
  1110:        6.000        6.000        6.000        6.000        6.000
  1115:        6.000        6.000        6.000        6.000        6.000
  1120:        6.000        6.000        6.000        6.000        6.000
  1125:        6.000        6.000        6.000        6.000        6.000
  1130:        2.000        4.000       22.000       24.000       12.000
  1135:       21.000       22.000       21.000       22.000       19.000
  1140:       11.000        6.000        6.000        6.000        6.000
  1145:        6.000        6.000        6.000        6.000        1.000
  1150:        1.000        2.000        4.000       22.000       24.000
  1155:       12.000        6.000        6.000        6.000       19.000
  1160:       11.000        6.000        6.000        6.000        6.000
  1165:        6.000        6.000        6.000        6.000        6.000
  1170:        6.000        6.000        6.000        6.000        6.000
  1175:        6.000        6.000        6.000        6.000        6.000
  1180:        6.000        6.000        6.000        6.000        6.000
  1185:        6.000        6.000        6.000        6.000        6.000
  1190:        6.000        6.000        6.000        6.000        6.000
  1195:        6.000        6.000        6.000        6.000        6.000
  1200:        6.000        6.000        6.000        6.000        6.000
  1205:        6.000        6.000        6.000        6.000        6.000
  1210:        6.000        6.000        6.000        6.000        6.000
  1215:        6.000        6.000        6.000        6.000        6.000
  1220:        6.000        6.000        6.000        6.000        6.000
  1225:        6.000        6.000        6.000        6.000        6.000
  1230:        6.000        6.000        6.000        6.000        6.000
  1235:        6.000        6.000        6.000        6.000        6.000
  1240:        6.000        6.000        6.000        6.000        6.000
  1245:        2.000        4.000       22.000       24.000       12.000
  1250:        6.000       19.000       11.000        6.000        6.000
  1255:        6.000        6.000        6.000        6.000        6.000
  1260:        6.000        6.000        6.000        6.000        6.000
  1265:        6.000        6.000        6.000        6.000        6.000
  1270:        6.000        6.000        6.000        6.000        6.000
  1275:        6.000        6.000        6.000        6.000        6.000
  1280:        6.000        6.000        6.000        6.000        6.000
  1285:        6.000        6.000        6.000        6.000        6.000
  1290:        6.000        6.000        6.000        6.000        2.000
  1295:        4.000       22.000       24.000       12.000        6.000
  1300:       19.000       11.000      100.000
T:
     0:        0.000        0.000        0.000        0.000       61.210
     5:       61.210       61.210       61.220       61.220       62.120
    10:       62.710       63.560       63.790       71.210       71.220
    15:      744.430      753.090      753.090      753.090      753.100
    20:      753.100      763.090      763.100      774.640      775.800
    25:      778.060      778.060      778.060      778.070      778.070
    30:      782.780      783.170      786.550      786.810      787.170
    35:      787.640      788.060      788.070      799.470      802.650
    40:      802.790      816.430      816.750      816.910      816.940
    45:      818.120      852.710      852.750      854.010      854.240
    50:      854.650      855.050      855.350      860.290      862.620
    55:      862.800      862.840      865.100      865.100      865.100
    60:      865.110      865.110      875.100      875.110      879.130
    65:      879.130      879.130      879.140      879.140      879.940
    70:      880.710      882.320      884.060      889.130      889.140
    75:      906.530      906.830      908.050      908.120      909.400
    80:      911.640      942.860      943.180      943.290      943.350
    85:      944.480      944.780      954.110      954.110      954.110
    90:      954.120      954.120      957.340      957.340      958.160
    95:      958.160      959.470      959.930      960.310      964.110
   100:      964.120      964.420      964.980      965.230      967.970
   105:      967.990      968.360      968.510      968.580      968.640
   110:      968.700      968.830      969.360      970.550      971.170
   115:      971.220      971.710      972.170      973.860      974.210
   120:      974.270      974.380      980.200      980.810      980.860
   125:      981.270      995.110      996.760     1094.430     1096.590
   130:     1096.610     1097.840     1097.920     1099.690     1100.360
   135:     1100.630     1100.800     1111.240     1133.310     1133.500
   140:     1134.530     1134.600     1134.730     1135.610     1135.740
   145:     1135.770     1144.560     1145.070     1145.500     1155.200
   150:     1155.200     1155.200     1155.210     1155.210     1157.400
   155:     1157.400     1159.880     1160.580     1160.610     1161.040
   160:     1163.630     1163.700     1164.430     1165.200     1165.210
   165:     1190.890     1222.010     1238.580     1240.690     1241.000
   170:     1241.230     1244.630     1245.780     1247.830     1248.530
   175:     1250.080     1257.980     1261.990     1263.020     1263.300
   180:     1263.740     1268.830     1269.140     1270.020     1271.000
   185:     1271.400     1272.500     1272.680     1272.940     1273.220
   190:     1273.500     1273.530     1276.860     1277.010     1277.040
   195:     1277.300     1277.810     1280.190     1280.890     1281.190
   200:     1282.120     1282.420     1284.800     1285.320     1285.730
   205:     1285.850     1285.880     1293.940     1294.400     1294.460
   210:     1294.730     1296.800     1297.320     1297.400     1297.950
   215:     1299.380     1302.930     1305.800     1306.450     1312.100
   220:     1313.790     1314.410     1314.610     1315.000     1316.250
   225:     1316.970     1318.170     1325.110     1325.160     1325.760
   230:     1325.910     1328.840     1328.960     1329.040     1329.150
   235:     1330.130     1330.190     1330.250     1330.320     1350.550
   240:     1351.420     1352.340     1352.390     1352.490     1352.600
   245:     1352.790     1362.600     1363.330     1364.190     1364.230
   250:     1364.340     1365.480     1375.090     1422.700     1425.190
   255:     1516.810     1521.880     1533.400     1533.710     1536.940
   260:     1537.120     1615.740     1622.600     1683.580     1683.700
   265:     1683.960     1684.390     1684.460     1684.520     1684.860
   270:     1698.700     1698.700     1698.700     1723.770     1726.940
   275:     1732.340     1734.220     1746.920     1746.920     1746.920
   280:     1746.930     1746.930     1751.190     1752.550     1753.290
   285:     1753.720     1753.970     1755.220     1755.330     1755.640
   290:     1755.850     1756.920     1756.930     1768.370     1768.970
   295:     1769.080     1769.360     1771.820     1772.230     1772.920
   300:     1773.490     1773.930     1779.510     1780.170     1780.280
   305:     1781.840     1782.100     1782.870     1783.750     1784.170
   310:     1784.660     1784.720     1785.550     1785.590     1786.620
   315:     1794.390     1810.920     1811.310     1811.390     1811.800
   320:     1816.310     1816.340     1820.970     1821.120     1821.240
   325:     1827.350     1880.040     1880.370     1880.420     1880.600
   330:     1881.140     1884.130     1888.090     1889.250     1889.470
   335:     1889.760     1891.440     1891.580     1895.120     1901.550
   340:     1904.430     1904.560     1905.240     1905.320     1906.210
   345:     1916.790     1916.880     1917.020     1917.070     1917.100
   350:     1919.120     1921.890     1921.910     1922.520     1922.750
   355:     1923.280     1926.610     1927.240     1931.490     1938.920
   360:     1939.560     2032.800     2065.510     2065.870     2066.350
   365:     2066.590     2066.930     2067.510     2067.830     2067.920
   370:     2068.020     2125.070     2128.940     2129.420     2136.360
   375:     2137.620     2137.690     2137.760     2139.040     2139.110
   380:     2139.810     2139.850     2146.260     2146.460     2146.950
   385:     2147.470     2156.580     2160.530     2167.920     2177.110
   390:     2191.150     2191.490     2191.720     2194.050     2197.100
   395:     2200.880     2201.000     2207.040     2371.400     2372.360
   400:     2372.450     2376.610     2376.880     2377.140     2379.090
   405:     2379.200     2379.280     2379.900     2383.540     2386.480
   410:     2387.270     2388.730     2388.870     2388.940     2389.180
   415:     2389.260     2389.310     2394.840     2394.930     2395.480
   420:     2396.090     2410.000     2410.840     2411.430     2411.460
   425:     2411.530     2412.080     2454.930     2457.510     2460.850
   430:     2473.940     2479.840     2479.900     2480.030     2480.100
   435:     2480.890     2499.010     2499.010     2499.010     2499.020
   440:     2499.020     2503.240     2509.010     2509.020     2554.410
   445:     2554.440     2554.940     2555.960     2556.080     2556.200
   450:     2569.210     2572.050     2572.120     2573.150     2584.680
   455:     2585.340     2585.360     2586.180     2586.220     2589.800
   460:     2590.460     2590.510     2592.430     2612.440     2613.070
   465:     2613.140     2613.800     2613.880     2615.980     2616.140
   470:     2616.470     2619.420     2619.460     2651.620     2651.760
   475:     2651.910     2724.700     2726.120     2727.660     2728.360
   480:     2730.620     2731.910     2735.280     2735.720     2735.920
   485:     2745.580     2745.850     2748.460     2749.420     2749.980
   490:     2750.600     2750.680     2750.800     2756.430     2758.200
   495:     2758.270     2759.350     2759.410     2759.500     2759.550
   500:     2762.870     2763.190     2763.320     2763.660     2763.840
   505:     2764.000     2764.500     2783.850     2783.890     2784.340
   510:     2784.840     2785.260     2785.520     2787.220     2787.470
   515:     2788.240     2797.910     2798.800     2798.870     2798.950
   520:     2832.000     2840.910     2841.470     2841.550     2898.830
   525:     2900.000     2900.460     2901.770     2915.450     2916.190
   530:     2916.280     2917.390     2923.460     2934.740     2935.220
   535:     2936.700     2937.020     2938.540     2938.660     2938.730
   540:     2939.510     2941.680     2941.740     2943.500     2944.740
   545:     2990.580     2990.720     2992.350     2995.710     2995.770
   550:     2996.030     2997.090     2997.400     2997.600     2997.750
   555:     3003.090     3009.510     3050.620     3054.090     3054.330
   560:     3054.520     3054.690     3054.780     3055.140     3055.200
   565:     3055.350     3055.430     3121.890     3131.290     3131.590
   570:     3206.760     3220.710     3220.710     3220.710     3220.720
   575:     3220.720     3224.010     3224.010     3224.750     3224.750
   580:     3230.710     3230.720     3235.190     3235.190     3235.190
   585:     3235.200     3235.200     3245.190     3245.200     3286.250
   590:     3286.720     3301.190     3302.480     3327.510     3329.010
   595:     3329.070     3329.260     3384.050     3486.160     3486.460
   600:     3486.600     3486.690     3486.740     3492.460     3497.270
   605:     3497.880     3497.950     3499.080     3499.890     3499.990
   610:     3507.130     3508.380     3548.000     3550.970     3553.720
   615:     3560.970     3562.470     3576.540     3576.880     3577.420
   620:     3577.590     3581.080     3581.410     3586.890     3587.070
   625:     3587.120     3587.700     3587.850     3588.070     3588.180
   630:     3605.480     3606.480     3606.520     3606.630     3611.010
   635:     3611.730     3611.810     3613.160     3613.270     3613.370
   640:     3613.940     3614.140     3614.580     3614.680     3615.000
   645:     3615.170     3617.670     3617.800     3618.070     3618.280
   650:     3618.400     3625.490     3625.810     3625.910     3626.410
   655:     3626.660     3627.450     3627.590     3631.090     3631.160
   660:     3631.540     3631.910     3632.050     3634.580     3646.360
   665:     3646.360     3646.360     3646.370     3646.370     3649.400
   670:     3649.400     3650.000     3650.000     3652.350     3652.350
   675:     3656.360     3656.370     3662.090     3664.610     3682.790
   680:     3705.410     3756.650     3774.540     3774.700     3774.790
   685:     3777.270     3848.370     3848.980     3849.410     3849.460
   690:     3878.630     3878.740     3878.960     3879.670     3881.330
   695:     3881.670     3923.330     3933.760     3936.680     3950.930
   700:     3962.680     3969.770     3997.670     3997.670     3997.670
   705:     3997.680     3997.680     4001.920     4002.670     4002.730
   710:     4004.230     4007.670     4007.680     4019.520     4019.720
   715:     4029.180     4030.090     4036.770     4037.550     4037.640
   720:     4037.720     4037.770     4059.440     4059.480     4059.960
   725:     4072.080     4083.590     4085.000     4087.500     4196.930
   730:     4212.770     4215.260     4223.150     4223.960     4224.370
   735:     4224.440     4226.030     4230.730     4276.390     4276.390
   740:     4276.390     4276.400     4276.400     4277.820     4277.820
   745:     4282.770     4282.770     4282.850     4282.850     4286.390
   750:     4286.400     4289.220     4289.550     4356.560     4391.260
   755:     4394.690     4395.120     4396.360     4502.510     4502.620
   760:     4503.420     4503.610     4503.790     4506.160     4506.190
   765:     4506.390     4509.580     4510.130     4510.180     4511.620
   770:     4511.940     4538.100     4538.290     4538.450     4539.910
   775:     4540.020     4540.110     4540.230     4540.640     4540.900
   780:     4541.350     4541.500     4550.940     4551.190     4551.240
   785:     4551.500     4551.870     4552.860     4553.190     4553.810
   790:     4554.330     4554.410     4554.610     4554.640     4554.870
   795:     4556.780     4556.840     4558.150     4558.280     4588.260
   800:     4588.340     4588.750     4588.870     4590.430     4593.210
   805:     4594.190     4594.750     4594.850     4595.620     4596.260
   810:     4596.430     4598.010     4599.420     4601.560     4601.740
   815:     4602.050     4620.060     4620.340     4620.430     4621.160
   820:     4621.500     4622.380     4622.570     4624.090     4625.330
   825:     4625.490     4635.540     4635.650     4637.040     4637.200
   830:     4637.410     4639.080     4639.180     4646.900     4651.880
   835:     4652.380     4653.610     4653.700     4671.740     4672.480
   840:     4672.700     4672.920     4672.990     4673.450     4673.580
   845:     4674.150     4684.640     4686.450     4693.180     4725.550
   850:     4726.290     4760.070     4777.880     4777.960     4784.020
   855:     4784.190     4784.270     4804.380     4808.740     4809.140
   860:     4809.310     4809.620     4810.520     4810.950     4815.660
   865:     4872.200     4877.320     4901.200     4901.290     4901.590
   870:     4901.790     4903.400     4969.000     4969.390     4969.460
   875:     4978.340     4978.650     4978.720     4979.010     4979.780
   880:     5064.360     5064.450     5074.180     5078.260     5078.390
   885:     5079.090     5079.140     5079.220     5079.550     5080.690
   890:     5081.180     5082.250     5085.510     5103.440     5114.950
   895:     5115.000     5115.170     5115.340     5116.150     5117.030
   900:     5118.200     5119.160     5119.420     5119.930     5120.270
   905:     5120.290     5195.240     5198.870     6361.990     6855.600
   910:     8195.070     8195.180     8195.290     8195.380     8195.850
   915:     8196.920     8197.030     8197.300     8202.370     8203.380
   920:     8203.410     8206.500     8207.760     8208.370     8209.000
   925:     8209.100     8209.130     8209.280     8211.400     8211.470
   930:     8211.590     8215.320     8216.100     8229.250     8233.180
   935:     8233.220     8233.290     8233.400     8233.480     8233.530
   940:     8233.630     8264.470     8267.210     8267.270     8301.620
   945:     8399.690     8400.550     8400.610     8472.110     8472.110
   950:     8472.110     8472.120     8472.120     8473.250     8473.250
   955:     8482.110     8482.120     8484.630     8484.630     8484.630
   960:     8484.640     8484.640     8494.630     8494.640     8529.160
   965:     8562.610     8564.840     8564.950     8565.730     8565.920
   970:     8568.570     8568.790     8568.890     8570.210     8570.580
   975:     8570.940     8570.990     8571.230     8571.360     8587.770
   980:     8588.080     8588.950     8589.020     8589.550     8590.790
   985:     8590.840     8590.960     8591.260     8591.550     8591.930
   990:     8695.000     8697.690     8697.760     8751.710     8799.940
   995:     8800.390     8800.690     8802.750     8802.890     8802.970
  1000:     8832.290     8897.330     8898.770     8898.830     8900.340
  1005:     9022.650     9022.650     9022.650     9022.660     9022.660
  1010:     9032.650     9032.660     9034.790     9034.790     9034.790
  1015:     9034.800     9034.800     9042.710     9042.710     9044.480
  1020:     9044.480     9044.790     9044.800     9054.680     9089.710
  1025:     9137.910     9155.480     9155.510     9157.200     9158.170
  1030:     9164.110     9164.180     9165.880     9166.220     9167.100
  1035:     9170.400     9217.960     9217.960     9217.960     9217.970
  1040:     9217.970     9224.800     9226.930     9227.960     9227.970
  1045:     9231.440     9231.480     9231.770     9232.780     9237.970
  1050:     9261.510     9269.270     9270.550     9270.730     9270.770
  1055:     9271.120     9293.020     9300.010     9363.540     9364.940
  1060:     9370.780     9402.090     9402.090     9402.090     9402.100
  1065:     9402.100     9410.300     9412.090     9412.100     9416.240
  1070:     9416.960     9417.690     9418.410     9419.230     9419.920
  1075:     9420.660     9425.270     9425.720     9436.220     9436.250
  1080:     9436.590     9447.780     9448.370     9457.490     9458.110
  1085:     9458.970     9460.530     9460.770     9472.060     9473.740
  1090:     9473.790     9473.820     9475.920     9476.010     9476.100
  1095:     9483.370     9486.310     9487.600     9517.510     9517.580
  1100:     9518.380     9529.040     9529.240     9530.420     9531.920
  1105:     9532.930     9534.180     9553.710     9553.810     9554.140
  1110:     9554.630     9557.710     9557.890     9558.550     9559.070
  1115:     9559.280     9562.120     9563.160     9564.110     9567.720
  1120:     9572.950     9573.630     9602.040     9602.090     9604.640
  1125:     9606.810     9622.690     9623.410     9624.620     9625.910
  1130:     9646.390     9646.390     9646.390     9646.400     9646.400
  1135:     9647.310     9647.310     9648.250     9648.250     9656.390
  1140:     9656.400     9772.010     9798.260     9798.300     9803.010
  1145:     9803.840     9875.640     9875.830     9878.080     9913.890
  1150:     9921.230     9966.110     9966.110     9966.110     9966.120
  1155:     9966.120     9969.750     9969.820     9972.750     9976.110
  1160:     9976.120     9990.410     9991.310     9991.360     9994.020
  1165:     9994.150     9994.420     9996.150     9997.370    10062.570
  1170:    10062.680    10063.500    10064.130    10064.430    10065.490
  1175:    10080.750    10080.880    10081.050    10081.240    10085.170
  1180:    10088.090    10088.220    10088.400    10088.590    10088.680
  1185:    10088.860    10089.070    10090.450    10091.540    10093.390
  1190:    10093.440    10093.520    10093.590    10093.730    10093.810
  1195:    10093.830    10094.870    10095.210    10095.570    10101.870
  1200:    10115.130    10140.220    10141.050    10141.250    10141.310
  1205:    10141.370    10148.600    10151.310    10151.350    10154.760
  1210:    10155.460    10280.350    10280.370    10287.930    10289.560
  1215:    10289.930    10290.010    10290.280    10290.350    10295.020
  1220:    10295.170    10295.390    10295.550    10296.330    10297.070
  1225:    10297.180    10300.620    10300.920    10300.960    10301.290
  1230:    10307.370    10311.130    10340.090    10343.170    10345.130
  1235:    10345.710    10345.840    10346.830    10346.920    10348.070
  1240:    10348.300    10348.570    10349.270    10354.800    10355.870
  1245:    10378.530    10378.530    10378.530    10378.540    10378.540
  1250:    10384.400    10388.530    10388.540    10557.110    10557.130
  1255:    10559.890    10559.990    10560.120    10560.270    10560.360
  1260:    10560.420    10560.580    10560.730    10575.200    10575.360
  1265:    10575.990    10576.050    10577.980    10578.150    10578.200
  1270:    10578.250    10578.690    10731.650    10731.670    10733.340
  1275:    10733.440    10733.540    10733.640    10734.290    10736.070
  1280:    10743.270    10744.170    10745.100    10745.230    10745.850
  1285:    10745.930    10747.430    10750.100    10752.330    10752.810
  1290:    10752.830    10755.890    10756.320    10762.160    10787.470
  1295:    10787.470    10787.470    10787.480    10787.480    10790.230
  1300:    10797.470    10797.480    10800.000
