File: C:\MED-PC\Data\2024-11-11_13h21m_Subject 53.txt


Start Date: 11/11/24
End Date: 11/11/24
Subject: 53
Experiment: OralFentSA
Group: One
Box: 9
Start Time: 13:21:10
End Time: 16:21:22
MSN: Golden_Liq_SelfAdmin_EXT
F:       0.000
G:    2193.000
H:   10799.750
I:       0.000
J:       0.000
K:       0.000
L:       0.000
M:       0.000
N:       0.000
O:       0.000
P:       0.000
Q:       0.000
R:       0.000
S:       0.000
U:       0.000
V:       0.000
W:       0.000
X:       0.000
Y:       0.000
Z:       0.000
A:
     0:        0.000        0.000      180.000        4.000        0.000
     5:        5.000        0.000        5.000        0.000        0.000
    10:        1.000        0.000       10.000   100000.000       19.000
    15:       16.000      600.000        0.000        0.000        0.000
    20:        0.000
B:
     0:        0.000        0.000        0.000        0.000        0.000
     5:        0.000        0.000        0.000        0.000        0.000
    10:        0.000        0.000     1000.000 10000000.000        0.000
    15:        0.000        0.000        0.000        0.000        0.000
    20:        0.000
C:
     0:        0.000       69.000        0.000      192.000     1465.000
     5:    10777.860        2.960       50.000     1545.140       30.903
    10:      192.000        0.000        0.000        0.000        0.000
    15:        0.000        0.000        0.000        0.000        0.000
    20:        0.000
D:
     0:        1.250        1.930        6.010        3.070      115.490
     5:       14.880        2.860       90.960        3.520        2.140
    10:       20.080       55.890        9.230        1.370       10.590
    15:        4.130        1.170        3.350      177.200        5.370
    20:        1.930        1.770        8.690       22.540       44.890
    25:       10.600        4.740      283.390        6.470        2.060
    30:        1.430        1.990        5.240       46.180       98.380
    35:      141.600        2.390       29.050       14.010        2.270
    40:        5.880       31.890      108.930       24.110        5.700
    45:       93.720        5.400        3.170        3.270        2.960
E:
     0:       19.000       11.000       26.000       27.000        6.000
     5:        6.000        6.000        6.000        6.000        6.000
    10:        6.000        2.000        4.000       22.000       24.000
    15:       12.000       19.000       11.000        2.000        4.000
    20:       22.000       24.000       12.000        6.000        6.000
    25:       19.000       11.000        6.000        6.000        6.000
    30:        6.000        6.000        6.000        6.000        6.000
    35:        6.000        6.000        6.000        6.000        6.000
    40:        6.000        6.000        6.000        6.000        6.000
    45:        6.000        6.000        6.000        6.000        6.000
    50:        6.000        6.000        6.000        6.000        6.000
    55:        6.000        6.000        6.000        6.000        6.000
    60:        6.000        6.000        6.000        6.000        6.000
    65:        6.000        6.000        6.000        6.000        6.000
    70:        6.000        6.000        6.000        6.000        6.000
    75:        6.000        6.000        6.000        6.000        6.000
    80:        6.000        6.000        6.000        6.000        6.000
    85:        6.000        6.000        6.000        6.000        6.000
    90:        6.000        6.000        6.000        6.000        6.000
    95:        6.000        6.000        6.000        6.000        6.000
   100:        6.000        6.000        6.000        6.000        2.000
   105:        4.000       22.000       24.000       12.000       21.000
   110:       22.000        6.000        6.000        6.000        6.000
   115:        6.000        6.000       21.000       22.000        6.000
   120:       19.000       11.000        6.000        6.000        2.000
   125:        4.000       22.000       24.000       12.000        6.000
   130:       19.000       11.000        2.000        4.000       22.000
   135:       24.000       12.000       21.000       22.000        6.000
   140:        6.000       19.000       11.000        6.000        6.000
   145:        6.000        6.000        6.000        6.000        6.000
   150:        6.000        6.000        6.000        6.000        6.000
   155:        6.000        6.000        6.000        6.000        6.000
   160:        6.000        6.000        2.000        4.000       22.000
   165:       24.000       12.000       21.000       22.000       19.000
   170:       11.000        6.000        6.000        6.000        6.000
   175:        6.000        6.000        6.000        6.000        6.000
   180:        6.000        6.000        6.000        6.000        6.000
   185:        6.000        6.000        6.000        6.000        6.000
   190:        6.000        6.000        6.000        6.000        6.000
   195:        6.000        6.000        6.000        6.000        6.000
   200:        6.000        6.000        6.000        6.000        6.000
   205:        6.000        6.000        6.000        6.000        6.000
   210:        6.000        6.000        6.000        6.000        6.000
   215:        6.000        6.000        6.000        6.000        6.000
   220:        6.000        6.000        6.000        6.000        6.000
   225:        6.000        6.000        6.000        6.000        6.000
   230:        6.000        6.000        6.000        6.000        6.000
   235:        6.000        6.000        6.000        6.000        6.000
   240:        6.000        6.000        6.000        6.000        6.000
   245:        6.000        6.000        6.000        6.000        6.000
   250:        6.000        6.000        6.000        6.000        6.000
   255:        6.000        6.000        6.000        6.000        6.000
   260:        6.000        6.000        6.000        6.000        6.000
   265:        2.000        4.000       22.000       24.000       12.000
   270:       19.000       11.000        6.000        2.000        4.000
   275:       22.000       24.000       12.000       21.000       22.000
   280:       21.000       22.000       19.000       11.000        2.000
   285:        4.000       22.000       24.000       12.000       21.000
   290:       22.000        6.000        6.000       21.000       22.000
   295:       19.000       11.000        2.000        4.000       22.000
   300:       24.000       12.000       21.000       22.000       19.000
   305:       11.000        6.000        6.000        6.000        6.000
   310:        2.000        4.000       22.000       24.000       12.000
   315:       21.000       22.000        6.000       19.000       11.000
   320:        6.000        6.000        6.000        6.000        6.000
   325:        6.000        2.000        4.000       22.000       24.000
   330:       12.000       19.000       11.000        2.000        4.000
   335:       22.000       24.000       12.000       21.000       22.000
   340:       21.000       22.000       19.000       11.000        2.000
   345:        4.000       22.000       24.000       12.000        6.000
   350:        6.000        6.000       19.000       11.000        6.000
   355:        6.000        6.000        6.000        6.000        6.000
   360:        6.000        6.000        6.000        6.000        6.000
   365:        6.000        6.000        6.000        6.000        6.000
   370:        6.000        6.000        6.000        6.000        6.000
   375:        6.000        6.000        6.000        6.000        6.000
   380:        6.000        6.000        6.000        6.000        6.000
   385:        6.000        6.000        6.000        6.000        6.000
   390:        6.000        6.000        6.000        6.000        6.000
   395:        6.000        6.000        6.000        6.000        6.000
   400:        6.000        6.000        6.000        6.000        6.000
   405:        6.000        6.000        6.000        6.000        6.000
   410:        6.000        6.000        6.000        6.000        6.000
   415:        6.000        6.000        6.000        6.000        6.000
   420:        6.000        6.000        6.000        6.000        2.000
   425:        4.000       22.000       24.000       12.000       19.000
   430:       11.000        6.000        6.000        6.000        6.000
   435:        6.000        6.000        6.000        2.000        4.000
   440:       22.000       24.000       12.000       19.000       11.000
   445:        6.000        6.000        6.000        6.000        6.000
   450:        6.000        6.000        6.000        6.000        6.000
   455:        6.000        6.000        6.000        6.000        6.000
   460:        6.000        6.000        2.000        4.000       22.000
   465:       24.000       12.000        6.000        6.000       19.000
   470:       11.000        6.000        6.000        6.000        6.000
   475:        6.000        6.000        6.000        6.000        6.000
   480:        6.000        6.000        6.000        6.000        6.000
   485:        6.000        6.000        6.000        6.000        2.000
   490:        4.000       22.000       24.000       12.000        6.000
   495:        6.000        6.000        6.000        6.000        6.000
   500:       19.000       11.000        2.000        4.000       22.000
   505:       24.000       12.000       21.000       22.000       21.000
   510:       22.000       21.000       22.000       19.000       11.000
   515:        6.000        6.000        6.000        6.000        6.000
   520:        6.000        6.000        6.000        2.000        4.000
   525:       22.000       24.000       12.000       19.000       11.000
   530:        2.000        4.000       22.000       24.000       12.000
   535:       21.000       22.000       21.000       22.000       21.000
   540:       22.000       21.000       22.000        6.000        6.000
   545:        6.000       19.000       11.000        2.000        4.000
   550:       22.000       24.000       12.000       19.000       11.000
   555:        2.000        4.000       22.000       24.000       12.000
   560:        6.000        6.000        6.000        6.000        6.000
   565:        6.000        6.000        6.000        6.000        6.000
   570:       19.000       11.000        6.000        6.000        6.000
   575:        6.000        6.000        6.000        6.000        6.000
   580:        6.000        6.000        6.000        6.000        6.000
   585:        6.000        6.000        6.000        6.000        6.000
   590:        6.000        6.000        6.000        6.000        6.000
   595:        6.000        6.000        6.000        6.000        2.000
   600:        4.000       22.000       24.000       12.000        6.000
   605:        6.000        6.000       19.000       11.000        2.000
   610:        4.000       22.000       24.000       12.000       21.000
   615:       22.000       21.000       22.000       19.000       11.000
   620:        6.000        6.000        6.000        6.000        6.000
   625:        6.000        6.000        6.000        6.000        6.000
   630:        6.000        6.000        6.000        6.000        6.000
   635:        6.000        6.000        6.000        6.000        6.000
   640:        6.000        6.000        6.000        6.000        6.000
   645:        6.000        6.000        6.000        6.000        6.000
   650:        6.000        6.000        6.000        6.000        6.000
   655:        6.000        6.000        2.000        4.000       22.000
   660:       24.000       12.000       21.000       22.000       21.000
   665:       22.000       21.000       22.000       21.000       22.000
   670:        6.000       19.000       11.000        2.000        4.000
   675:       22.000       24.000       12.000       21.000       22.000
   680:       21.000       22.000       21.000       22.000       21.000
   685:       22.000       21.000       22.000       21.000       22.000
   690:       21.000       22.000       21.000       22.000       21.000
   695:       22.000       21.000       22.000       21.000       22.000
   700:       21.000       22.000       21.000       22.000       21.000
   705:       22.000       21.000       22.000       19.000       11.000
   710:        2.000        4.000       22.000       24.000       12.000
   715:       21.000       22.000       21.000       22.000       21.000
   720:       22.000       21.000       22.000       21.000       22.000
   725:       21.000       22.000       21.000       22.000       21.000
   730:       22.000       21.000       22.000       21.000       22.000
   735:       21.000       22.000       21.000       22.000       19.000
   740:       11.000        2.000        4.000       22.000       24.000
   745:       12.000        6.000        6.000        6.000       19.000
   750:       11.000        2.000        4.000       22.000       24.000
   755:       12.000       21.000       22.000       21.000       22.000
   760:       21.000       22.000       21.000       22.000       21.000
   765:       22.000       21.000       22.000       21.000       22.000
   770:       21.000       22.000       21.000       22.000       21.000
   775:       22.000       21.000       22.000       21.000       22.000
   780:       21.000       22.000       19.000       11.000        2.000
   785:        4.000       22.000       24.000       12.000       21.000
   790:       22.000       21.000       22.000       21.000       22.000
   795:       21.000       22.000       21.000       22.000       21.000
   800:       22.000       21.000       22.000       21.000       22.000
   805:       21.000       22.000       21.000       22.000       21.000
   810:       22.000       21.000       22.000       21.000       22.000
   815:       21.000       22.000       21.000       22.000       19.000
   820:       11.000        2.000        4.000       22.000       24.000
   825:       12.000        6.000        6.000        6.000        6.000
   830:        6.000        6.000       19.000       11.000        2.000
   835:        4.000       22.000       24.000       12.000       21.000
   840:       22.000       21.000       22.000       21.000       22.000
   845:       21.000       22.000       21.000       22.000        6.000
   850:        6.000       19.000       11.000        6.000        6.000
   855:        6.000        6.000        6.000        6.000        6.000
   860:        6.000        6.000        6.000        6.000        6.000
   865:        6.000        6.000        6.000        6.000        6.000
   870:        6.000        6.000        6.000        6.000        6.000
   875:        2.000        4.000       22.000       24.000       12.000
   880:       19.000       11.000        6.000        6.000        6.000
   885:        6.000        6.000        6.000        6.000        2.000
   890:        4.000       22.000       24.000       12.000       19.000
   895:       11.000        6.000        6.000        6.000        6.000
   900:        6.000        2.000        4.000       22.000       24.000
   905:       12.000       19.000       11.000        6.000        6.000
   910:        6.000        6.000        6.000        6.000        6.000
   915:        6.000        6.000        6.000        6.000        6.000
   920:        6.000        6.000        6.000        6.000        6.000
   925:        6.000        6.000        6.000        6.000        6.000
   930:        6.000        2.000        4.000       22.000       24.000
   935:       12.000        6.000        6.000        6.000        6.000
   940:       19.000       11.000        2.000        4.000       22.000
   945:       24.000       12.000       19.000       11.000        6.000
   950:        6.000        6.000        6.000        6.000        6.000
   955:        6.000        6.000        6.000        6.000        6.000
   960:        2.000        4.000       22.000       24.000       12.000
   965:       21.000       22.000       21.000       22.000        6.000
   970:        6.000       19.000       11.000        6.000        6.000
   975:        6.000        6.000        2.000        4.000       22.000
   980:       24.000       12.000        6.000        6.000        6.000
   985:        6.000        6.000       19.000       11.000        2.000
   990:        4.000       22.000       24.000       12.000       21.000
   995:       22.000       21.000       22.000       21.000       22.000
  1000:       21.000       22.000       21.000       22.000       19.000
  1005:       11.000        2.000        4.000       22.000       24.000
  1010:       12.000       21.000       22.000        6.000        6.000
  1015:        6.000       19.000       11.000        6.000        6.000
  1020:        6.000        6.000        6.000        6.000        6.000
  1025:        6.000        6.000        6.000        6.000        6.000
  1030:        2.000        4.000       22.000       24.000       12.000
  1035:        6.000        6.000       19.000       11.000        6.000
  1040:        6.000        6.000        6.000        6.000        6.000
  1045:        6.000        6.000        6.000        6.000        6.000
  1050:        6.000        6.000        6.000        6.000        6.000
  1055:        6.000        6.000        6.000        6.000        6.000
  1060:        6.000        6.000        6.000        6.000        6.000
  1065:        6.000        6.000        6.000        6.000        6.000
  1070:        6.000        6.000        6.000        6.000        6.000
  1075:        6.000        6.000        6.000        6.000        6.000
  1080:        6.000        6.000        6.000        6.000        6.000
  1085:        6.000        6.000        6.000        6.000        6.000
  1090:        6.000        6.000        6.000        6.000        6.000
  1095:        6.000        6.000        6.000        6.000        6.000
  1100:        6.000        6.000        6.000        6.000        6.000
  1105:        6.000        6.000        6.000        6.000        6.000
  1110:        6.000        6.000        6.000        6.000        6.000
  1115:        6.000        6.000        6.000        6.000        6.000
  1120:        6.000        6.000        6.000        6.000        6.000
  1125:        6.000        6.000        6.000        6.000        6.000
  1130:        6.000        6.000        6.000        6.000        6.000
  1135:        6.000        6.000        6.000        6.000        6.000
  1140:        6.000        6.000        6.000        6.000        6.000
  1145:        6.000        6.000        6.000        6.000        6.000
  1150:        6.000        6.000        6.000        6.000        6.000
  1155:        6.000        6.000        6.000        6.000        6.000
  1160:        6.000        6.000        6.000        6.000        6.000
  1165:        6.000        6.000        6.000        6.000        6.000
  1170:        6.000        6.000        6.000        6.000        6.000
  1175:        6.000        6.000        6.000        6.000        6.000
  1180:        6.000        6.000        6.000        6.000        6.000
  1185:        6.000        6.000        6.000        6.000        6.000
  1190:        6.000        6.000        6.000        6.000        6.000
  1195:        6.000        6.000        6.000        6.000        6.000
  1200:        6.000        6.000        6.000        6.000        6.000
  1205:        6.000        6.000        6.000        6.000        6.000
  1210:        6.000        6.000        6.000        6.000        6.000
  1215:        6.000        6.000        6.000        6.000        6.000
  1220:        6.000        6.000        6.000        6.000        6.000
  1225:        6.000        6.000        6.000        6.000        6.000
  1230:        2.000        4.000       22.000       24.000       12.000
  1235:       19.000       11.000        2.000        4.000       22.000
  1240:       24.000       12.000       21.000       22.000        6.000
  1245:        6.000        6.000        6.000       19.000       11.000
  1250:        2.000        4.000       22.000       24.000       12.000
  1255:       21.000       22.000       21.000       22.000       21.000
  1260:       22.000       19.000       11.000        6.000        6.000
  1265:        6.000        6.000        6.000        6.000        2.000
  1270:        4.000       22.000       24.000       12.000       19.000
  1275:       11.000        6.000        6.000        6.000        6.000
  1280:        6.000        6.000        6.000        6.000        6.000
  1285:        6.000        6.000        6.000        6.000        6.000
  1290:        2.000        4.000       22.000       24.000       12.000
  1295:       19.000       11.000        6.000        6.000        6.000
  1300:        6.000        6.000        6.000        6.000        6.000
  1305:        6.000        6.000        6.000        6.000        6.000
  1310:        6.000        6.000        6.000        6.000        6.000
  1315:        6.000        6.000        6.000        6.000        6.000
  1320:        6.000        6.000        2.000        4.000       22.000
  1325:       24.000       12.000        6.000        6.000        6.000
  1330:       21.000       22.000       19.000       11.000        6.000
  1335:        6.000        6.000        6.000        6.000        6.000
  1340:        6.000        6.000        6.000        6.000        6.000
  1345:        6.000        6.000        6.000        6.000        6.000
  1350:        6.000        6.000        6.000        6.000        6.000
  1355:        6.000        6.000        6.000        6.000        6.000
  1360:        2.000        4.000       22.000       24.000       12.000
  1365:       19.000       11.000        6.000        6.000        6.000
  1370:        6.000        6.000        6.000        6.000        6.000
  1375:        6.000        6.000        6.000        6.000        6.000
  1380:        6.000        6.000        6.000        6.000        6.000
  1385:        6.000        6.000        6.000        6.000        6.000
  1390:        6.000        6.000        6.000        6.000        6.000
  1395:        6.000        6.000        6.000        6.000        6.000
  1400:        6.000        6.000        6.000        6.000        6.000
  1405:        6.000        6.000        6.000        6.000        6.000
  1410:        6.000        6.000        6.000        6.000        6.000
  1415:        6.000        6.000        6.000        6.000        6.000
  1420:        6.000        6.000        6.000        6.000        6.000
  1425:        6.000        6.000        6.000        6.000        6.000
  1430:        6.000        6.000        6.000        6.000        6.000
  1435:        6.000        6.000        6.000        6.000        6.000
  1440:        6.000        6.000        6.000        6.000        6.000
  1445:        6.000        6.000        6.000        6.000        6.000
  1450:        6.000        6.000        6.000        6.000        6.000
  1455:        6.000        6.000        6.000        6.000        6.000
  1460:        6.000        6.000        6.000        6.000        6.000
  1465:        6.000        6.000        6.000        6.000        6.000
  1470:        6.000        6.000        6.000        6.000        6.000
  1475:        6.000        6.000        6.000        6.000        6.000
  1480:        6.000        6.000        6.000        6.000        6.000
  1485:        6.000        6.000        6.000        6.000        6.000
  1490:        6.000        6.000        6.000        6.000        6.000
  1495:        6.000        6.000        6.000        6.000        6.000
  1500:        6.000        6.000        6.000        6.000        6.000
  1505:        6.000        6.000        6.000        2.000        4.000
  1510:       22.000       24.000       12.000       21.000       22.000
  1515:       19.000       11.000        6.000        6.000        6.000
  1520:        6.000        6.000        6.000        2.000        4.000
  1525:       22.000       24.000       12.000       21.000       22.000
  1530:        6.000       21.000       22.000       21.000       22.000
  1535:       21.000       22.000        6.000        6.000        6.000
  1540:       19.000       11.000        2.000        4.000       22.000
  1545:       24.000       12.000        6.000        6.000       19.000
  1550:       11.000        6.000        6.000        6.000        6.000
  1555:        6.000        6.000        6.000        6.000        6.000
  1560:        6.000        6.000        6.000        6.000        6.000
  1565:        6.000        6.000        6.000        6.000        6.000
  1570:        6.000        6.000        6.000        6.000        6.000
  1575:        6.000        6.000        6.000        6.000        6.000
  1580:        6.000        6.000        6.000        6.000        6.000
  1585:        6.000        6.000        6.000        6.000        6.000
  1590:        6.000        6.000        6.000        6.000        6.000
  1595:        6.000        6.000        6.000        6.000        6.000
  1600:        6.000        6.000        6.000        6.000        6.000
  1605:        6.000        6.000        6.000        6.000        6.000
  1610:        6.000        6.000        6.000        6.000        6.000
  1615:        6.000        6.000        6.000        6.000        6.000
  1620:        6.000        6.000        6.000        6.000        6.000
  1625:        6.000        6.000        6.000        6.000        6.000
  1630:        6.000        6.000        6.000        6.000        6.000
  1635:        6.000        6.000        6.000        6.000        6.000
  1640:        6.000        6.000        6.000        6.000        6.000
  1645:        6.000        6.000        6.000        6.000        6.000
  1650:        6.000        6.000        6.000        6.000        6.000
  1655:        6.000        6.000        6.000        6.000        6.000
  1660:        6.000        6.000        6.000        6.000        6.000
  1665:        6.000        6.000        6.000        6.000        6.000
  1670:        6.000        6.000        6.000        6.000        6.000
  1675:        6.000        6.000        6.000        6.000        6.000
  1680:        6.000        6.000        6.000        6.000        6.000
  1685:        6.000        6.000        6.000        6.000        6.000
  1690:        6.000        6.000        6.000        6.000        6.000
  1695:        6.000        6.000        6.000        6.000        6.000
  1700:        6.000        6.000        6.000        6.000        6.000
  1705:        6.000        6.000        6.000        6.000        6.000
  1710:        6.000        6.000        6.000        6.000        6.000
  1715:        6.000        6.000        6.000        6.000        6.000
  1720:        6.000        6.000        6.000        6.000        6.000
  1725:        6.000        6.000        6.000        6.000        6.000
  1730:        6.000        6.000        6.000        6.000        6.000
  1735:        6.000        2.000        4.000       22.000       24.000
  1740:       12.000       21.000       22.000       19.000       11.000
  1745:        2.000        4.000       22.000       24.000       12.000
  1750:       19.000       11.000        2.000        4.000       22.000
  1755:       24.000       12.000       21.000       22.000       21.000
  1760:       22.000       21.000       22.000       19.000       11.000
  1765:        6.000        6.000        6.000        6.000        6.000
  1770:        6.000        6.000        6.000        6.000        6.000
  1775:        6.000        6.000        6.000        6.000        6.000
  1780:        6.000        6.000        6.000        6.000        6.000
  1785:        6.000        6.000        6.000        6.000        6.000
  1790:        6.000        6.000        6.000        6.000        6.000
  1795:        6.000        6.000        6.000        6.000        6.000
  1800:        6.000        6.000        6.000        6.000        6.000
  1805:        6.000        6.000        6.000        6.000        6.000
  1810:        6.000        6.000        6.000        6.000        6.000
  1815:        6.000        6.000        6.000        6.000        6.000
  1820:        6.000        6.000        6.000        6.000        6.000
  1825:        6.000        6.000        6.000        6.000        2.000
  1830:        4.000       22.000       24.000       12.000       21.000
  1835:       22.000       19.000       11.000        6.000        6.000
  1840:        6.000        6.000        6.000        6.000        6.000
  1845:        6.000        6.000        6.000        6.000        6.000
  1850:        6.000        6.000        6.000        6.000        6.000
  1855:        6.000        6.000        6.000        6.000        6.000
  1860:        6.000        6.000        6.000        6.000        6.000
  1865:        6.000        6.000        6.000        6.000        6.000
  1870:        6.000        6.000        6.000        6.000        6.000
  1875:        6.000        6.000        6.000        6.000        6.000
  1880:        6.000        6.000        6.000        6.000        6.000
  1885:        6.000        6.000        6.000        6.000        6.000
  1890:        6.000        6.000        6.000        6.000        6.000
  1895:        6.000        6.000        6.000        6.000        6.000
  1900:        6.000        6.000        6.000        6.000        6.000
  1905:        6.000        6.000        6.000        6.000        6.000
  1910:        6.000        6.000        6.000        6.000        6.000
  1915:        6.000        6.000        6.000        6.000        6.000
  1920:        6.000        6.000        6.000        6.000        6.000
  1925:        6.000        6.000        6.000        6.000        2.000
  1930:        4.000       22.000       24.000       12.000       19.000
  1935:       11.000        6.000        6.000        6.000        2.000
  1940:        4.000       22.000       24.000       12.000        6.000
  1945:        6.000        6.000        6.000       19.000       11.000
  1950:        6.000        6.000        6.000        6.000        6.000
  1955:        6.000        6.000        6.000        6.000        6.000
  1960:        6.000        6.000        6.000        6.000        6.000
  1965:        6.000        6.000        6.000        6.000        6.000
  1970:        6.000        6.000        6.000        6.000        6.000
  1975:        6.000        6.000        6.000        6.000        6.000
  1980:        6.000        6.000        6.000        6.000        6.000
  1985:        2.000        4.000       22.000       24.000       12.000
  1990:       21.000       22.000       19.000       11.000        2.000
  1995:        4.000       22.000       24.000       12.000       19.000
  2000:       11.000        6.000        6.000        6.000        6.000
  2005:        6.000        6.000        6.000        6.000        6.000
  2010:        6.000        6.000        6.000        6.000        6.000
  2015:        6.000        6.000        6.000        6.000        6.000
  2020:        6.000        6.000        6.000        6.000        6.000
  2025:        6.000        6.000        6.000        6.000        6.000
  2030:        6.000        6.000        6.000        6.000        6.000
  2035:        6.000        6.000        6.000        6.000        6.000
  2040:        6.000        6.000        6.000        2.000        4.000
  2045:       22.000       24.000       12.000       21.000       22.000
  2050:        6.000        6.000        6.000       19.000       11.000
  2055:        6.000        6.000        6.000        6.000        6.000
  2060:        6.000        6.000        6.000        6.000        6.000
  2065:        6.000        6.000        6.000        6.000        6.000
  2070:        6.000        6.000        6.000        6.000        6.000
  2075:        6.000        6.000        6.000        6.000        6.000
  2080:        6.000        6.000        6.000        6.000        6.000
  2085:        6.000        6.000        6.000        6.000        6.000
  2090:        6.000        2.000        4.000       22.000       24.000
  2095:       12.000        6.000        6.000       21.000       22.000
  2100:       21.000       22.000       19.000       11.000        2.000
  2105:        4.000       22.000       24.000       12.000       21.000
  2110:       22.000       21.000       22.000       21.000       22.000
  2115:        6.000        6.000       19.000       11.000        2.000
  2120:        4.000       22.000       24.000       12.000       21.000
  2125:       22.000       21.000       22.000       21.000       22.000
  2130:       21.000       22.000       21.000       22.000       21.000
  2135:       22.000       21.000       22.000       19.000       11.000
  2140:        2.000        4.000       22.000       24.000       12.000
  2145:       21.000       22.000       19.000       11.000        2.000
  2150:        4.000       22.000       24.000       12.000       21.000
  2155:       22.000        6.000        6.000        6.000        6.000
  2160:        6.000        6.000       19.000       11.000        6.000
  2165:        6.000        6.000        6.000        6.000        6.000
  2170:        6.000        6.000        6.000        6.000        6.000
  2175:        6.000        6.000        6.000        6.000        6.000
  2180:        6.000        6.000        6.000        6.000        6.000
  2185:        6.000        2.000        4.000       22.000       24.000
  2190:       12.000       19.000       11.000
T:
     0:        0.000        0.000        0.000        0.000      107.660
     5:      108.430      108.540      110.440      110.550      110.620
    10:      111.380      121.260      121.260      121.260      121.270
    15:      121.270      131.260      131.270      186.180      186.180
    20:      186.180      186.190      186.190      187.440      188.390
    25:      196.180      196.190      223.210      223.310      223.690
    30:      223.840      223.990      224.190      224.590      224.630
    35:      224.680      227.630      272.320      272.730      272.900
    40:      273.020      273.100      273.810      300.750      319.810
    45:      319.890      331.740      331.960      333.200      333.270
    50:      345.460      349.670      351.010      351.100      351.240
    55:      351.800      352.320      358.790      375.530      375.740
    60:      375.970      378.730      378.940      379.300      379.440
    65:      379.620      379.810      386.670      393.280      393.800
    70:      393.860      397.260      397.800      400.110      400.240
    75:      409.990      410.300      410.540      413.750      417.170
    80:      427.580      429.570      431.930      432.390      432.590
    85:      432.650      436.060      436.980      439.980      443.070
    90:      444.480      446.600      447.130      454.860      455.820
    95:      458.030      487.500      489.110      489.760      501.360
   100:      501.950      502.580      502.720      506.720      510.240
   105:      510.240      510.240      510.250      510.250      511.010
   110:      511.010      512.180      512.840      513.000      513.080
   115:      513.490      513.540      515.490      515.490      517.130
   120:      520.240      520.250      522.320      522.460      791.380
   125:      791.380      791.380      791.390      791.390      797.400
   130:      801.380      801.390      808.070      808.070      808.070
   135:      808.080      808.080      810.330      810.330      811.150
   140:      811.950      818.070      818.080      837.120      839.620
   145:      840.490      840.840      841.190      843.020      843.200
   150:      843.940      844.960      845.280      863.810      902.480
   155:      902.870      903.190      905.220      905.290      907.760
   160:      907.820      908.790      920.450      920.450      920.450
   165:      920.460      920.460      923.040      923.040      930.450
   170:      930.460     1035.950     1036.440     1037.250     1038.390
   175:     1040.350     1041.450     1041.740     1042.930     1084.240
   180:     1087.220     1089.680     1093.350     1098.830     1101.270
   185:     1101.980     1104.710     1105.070     1108.620     1108.660
   190:     1108.910     1111.740     1113.530     1113.650     1113.730
   195:     1115.020     1116.790     1119.380     1119.460     1120.240
   200:     1120.420     1120.480     1121.580     1121.640     1122.070
   205:     1132.190     1132.530     1134.030     1134.870     1135.060
   210:     1155.600     1155.710     1156.170     1157.070     1157.160
   215:     1169.430     1170.490     1170.570     1170.600     1170.710
   220:     1170.790     1170.850     1170.890     1170.960     1171.140
   225:     1171.230     1171.380     1171.430     1171.840     1175.600
   230:     1175.630     1175.780     1181.100     1181.940     1182.200
   235:     1182.220     1182.400     1183.440     1184.060     1185.590
   240:     1195.690     1196.450     1196.880     1196.980     1198.850
   245:     1198.950     1204.150     1204.430     1204.780     1205.100
   250:     1205.160     1205.240     1205.300     1205.440     1205.790
   255:     1205.900     1209.840     1211.080     1274.890     1318.170
   260:     1318.320     1513.880     1514.110     1520.300     1526.410
   265:     1584.310     1584.310     1584.310     1584.320     1584.320
   270:     1594.310     1594.320     1599.200     1633.890     1633.890
   275:     1633.890     1633.900     1633.900     1634.270     1634.270
   280:     1641.190     1641.190     1643.890     1643.900     1644.030
   285:     1644.030     1644.030     1644.040     1644.040     1644.750
   290:     1644.750     1646.900     1648.090     1653.580     1653.580
   295:     1654.030     1654.040     1655.830     1655.830     1655.830
   300:     1655.840     1655.840     1662.220     1662.220     1665.830
   305:     1665.840     1746.800     1762.770     1772.790     1773.910
   310:     1779.830     1779.830     1779.830     1779.840     1779.840
   315:     1781.930     1781.930     1783.360     1789.830     1789.840
   320:     1866.720     1867.420     1873.160     1889.230     1889.550
   325:     1890.470     1894.040     1894.040     1894.040     1894.050
   330:     1894.050     1904.040     1904.050     1913.090     1913.090
   335:     1913.090     1913.100     1913.100     1914.170     1914.170
   340:     1915.480     1915.480     1923.090     1923.100     1923.470
   345:     1923.470     1923.470     1923.480     1923.480     1925.620
   350:     1929.100     1930.100     1933.470     1933.480     1976.750
   355:     1977.250     1977.560     2004.260     2004.350     2004.550
   360:     2004.700     2004.990     2005.140     2005.880     2006.510
   365:     2006.670     2008.440     2008.940     2009.110     2009.260
   370:     2009.410     2009.550     2010.390     2010.970     2011.180
   375:     2011.280     2011.450     2011.600     2011.690     2011.870
   380:     2011.990     2012.080     2015.450     2016.080     2016.120
   385:     2016.200     2016.280     2017.080     2017.790     2017.820
   390:     2018.660     2018.760     2021.320     2021.620     2021.690
   395:     2021.980     2022.120     2022.260     2022.440     2023.070
   400:     2040.960     2041.130     2041.830     2041.990     2042.270
   405:     2042.970     2043.390     2043.920     2045.280     2045.320
   410:     2045.360     2046.200     2046.800     2046.940     2047.270
   415:     2047.560     2047.630     2047.780     2048.160     2048.260
   420:     2051.730     2078.150     2078.960     2080.450     2160.180
   425:     2160.180     2160.180     2160.190     2160.190     2170.180
   430:     2170.190     2180.270     2180.930     2181.020     2181.320
   435:     2181.440     2182.300     2184.170     2195.540     2195.540
   440:     2195.540     2195.550     2195.550     2205.540     2205.550
   445:     2251.440     2255.760     2255.830     2289.710     2291.050
   450:     2291.150     2291.800     2292.130     2292.580     2292.880
   455:     2294.230     2294.250     2294.930     2348.510     2348.970
   460:     2349.070     2349.130     2381.340     2381.340     2381.340
   465:     2381.350     2381.350     2390.580     2390.760     2391.340
   470:     2391.350     2419.230     2421.600     2424.190     2424.330
   475:     2426.820     2428.380     2428.670     2428.860     2429.270
   480:     2429.340     2429.420     2431.040     2431.120     2431.350
   485:     2431.440     2432.070     2434.120     2434.260     2440.650
   490:     2440.650     2440.650     2440.660     2440.660     2442.030
   495:     2443.200     2444.290     2444.690     2445.040     2445.790
   500:     2450.650     2450.660     2533.750     2533.750     2533.750
   505:     2533.760     2533.760     2541.490     2541.490     2542.320
   510:     2542.320     2543.420     2543.420     2543.750     2543.760
   515:     2544.350     2545.000     2546.530     2546.890     2548.720
   520:     2548.750     2549.470     2573.530     2589.880     2589.880
   525:     2589.880     2589.890     2589.890     2599.880     2599.890
   530:     2624.190     2624.190     2624.190     2624.200     2624.200
   535:     2625.060     2625.060     2625.840     2625.840     2627.390
   540:     2627.390     2627.620     2627.620     2628.330     2628.820
   545:     2629.170     2634.190     2634.200     2667.070     2667.070
   550:     2667.070     2667.080     2667.080     2677.070     2677.080
   555:     2721.840     2721.840     2721.840     2721.850     2721.850
   560:     2723.020     2724.490     2724.580     2725.140     2725.370
   565:     2725.470     2725.720     2727.530     2727.650     2728.280
   570:     2731.840     2731.850     2778.820     2779.410     2780.210
   575:     2884.160     2884.970     2887.690     2888.180     2888.270
   580:     3013.880     3014.170     3014.360     3014.380     3014.850
   585:     3015.260     3024.990     3025.050     3025.190     3025.510
   590:     3025.920     3026.240     3026.500     3026.600     3027.160
   595:     3027.680     3028.150     3028.180     3028.700     3127.820
   600:     3127.820     3127.820     3127.830     3127.830     3131.180
   605:     3131.360     3131.820     3137.820     3137.830     3158.600
   610:     3158.600     3158.600     3158.610     3158.610     3160.210
   615:     3160.210     3160.510     3160.510     3168.600     3168.610
   620:     3335.810     3336.010     3336.300     3336.360     3339.080
   625:     3339.690     3345.650     3345.980     3348.240     3353.230
   630:     3353.670     3353.790     3353.910     3355.120     3355.360
   635:     3375.830     3376.310     3377.190     3377.870     3381.310
   640:     3382.570     3383.470     3514.910     3515.760     3515.860
   645:     3516.110     3517.130     3517.350     3526.440     3526.510
   650:     3527.320     3527.350     3528.020     3534.690     3534.950
   655:     3535.530     3536.510     3550.880     3550.880     3550.880
   660:     3550.890     3550.890     3552.730     3552.730     3553.150
   665:     3553.150     3553.230     3553.230     3554.190     3554.190
   670:     3556.260     3560.880     3560.890     3568.980     3568.980
   675:     3568.980     3568.990     3568.990     3571.020     3571.020
   680:     3571.270     3571.270     3571.770     3571.770     3572.080
   685:     3572.080     3572.780     3572.780     3573.100     3573.100
   690:     3573.490     3573.490     3573.770     3573.770     3575.300
   695:     3575.300     3575.660     3575.660     3576.150     3576.150
   700:     3576.420     3576.420     3578.210     3578.210     3578.570
   705:     3578.570     3578.870     3578.870     3578.980     3578.990
   710:     3580.240     3580.240     3580.240     3580.250     3580.250
   715:     3581.740     3581.740     3582.240     3582.240     3583.230
   720:     3583.230     3583.770     3583.770     3585.190     3585.190
   725:     3585.570     3585.570     3587.570     3587.570     3587.900
   730:     3587.900     3588.160     3588.160     3589.650     3589.650
   735:     3590.000     3590.000     3590.120     3590.120     3590.240
   740:     3590.250     3591.670     3591.670     3591.670     3591.680
   745:     3591.680     3593.610     3594.660     3594.760     3601.670
   750:     3601.680     3601.820     3601.820     3601.820     3601.830
   755:     3601.830     3603.460     3603.460     3604.210     3604.210
   760:     3605.020     3605.020     3605.390     3605.390     3606.510
   765:     3606.510     3607.390     3607.390     3607.600     3607.600
   770:     3609.040     3609.040     3609.310     3609.310     3609.390
   775:     3609.390     3609.590     3609.590     3610.710     3610.710
   780:     3611.400     3611.400     3611.820     3611.830     3612.640
   785:     3612.640     3612.640     3612.650     3612.650     3613.240
   790:     3613.240     3613.640     3613.640     3613.780     3613.780
   795:     3613.820     3613.820     3613.920     3613.920     3614.210
   800:     3614.210     3615.130     3615.130     3615.230     3615.230
   805:     3615.690     3615.690     3615.870     3615.870     3615.990
   810:     3615.990     3616.670     3616.670     3620.770     3620.770
   815:     3621.000     3621.000     3621.600     3621.600     3622.640
   820:     3622.650     3625.660     3625.660     3625.660     3625.670
   825:     3625.670     3627.440     3627.850     3628.280     3629.240
   830:     3629.340     3629.440     3635.660     3635.670     3640.930
   835:     3640.930     3640.930     3640.940     3640.940     3641.430
   840:     3641.430     3642.850     3642.850     3643.100     3643.100
   845:     3646.290     3646.290     3648.420     3648.420     3649.630
   850:     3649.870     3650.930     3650.940     3734.720     3735.300
   855:     3740.000     3741.150     3741.170     3741.260     3742.510
   860:     3744.850     3756.530     3756.590     3756.620     3756.720
   865:     3757.030     3771.050     3771.590     3771.880     3774.210
   870:     3774.240     3802.400     3803.330     3803.350     3804.460
   875:     3805.790     3805.790     3805.790     3805.800     3805.800
   880:     3815.790     3815.800     3828.340     3829.290     3830.230
   885:     3830.910     3831.420     3831.440     3831.540     3842.330
   890:     3842.330     3842.330     3842.340     3842.340     3852.330
   895:     3852.340     3887.230     3887.720     3888.560     3888.920
   900:     3889.840     3895.680     3895.680     3895.680     3895.690
   905:     3895.690     3905.680     3905.690     3906.290     3906.760
   910:     3906.870     3906.930     3907.600     3960.060     3960.130
   915:     3961.320     3961.500     3961.530     3961.990     3964.580
   920:     3975.090     3975.120     3975.610     3976.060     3980.590
   925:     3981.200     3981.250     3982.800     3983.340     3983.430
   930:     3983.970     3993.400     3993.400     3993.400     3993.410
   935:     3993.410     3998.150     3998.510     3998.540     3999.090
   940:     4003.400     4003.410     4015.600     4015.600     4015.600
   945:     4015.610     4015.610     4025.600     4025.610     4299.000
   950:     4299.040     4299.310     4300.040     4303.950     4304.130
   955:     4304.620     4304.660     4306.730     4307.520     4307.570
   960:     4363.950     4363.950     4363.950     4363.960     4363.960
   965:     4367.400     4367.400     4368.450     4368.450     4370.430
   970:     4371.010     4373.950     4373.960     4388.320     4388.440
   975:     4389.960     4390.360     4475.850     4475.850     4475.850
   980:     4475.860     4475.860     4477.920     4478.330     4478.390
   985:     4478.550     4479.280     4485.850     4485.860     4533.600
   990:     4533.600     4533.600     4533.610     4533.610     4535.600
   995:     4535.600     4535.840     4535.840     4539.860     4539.860
  1000:     4540.460     4540.460     4543.240     4543.240     4543.600
  1005:     4543.610     4545.670     4545.670     4545.670     4545.680
  1010:     4545.680     4546.310     4546.310     4547.110     4547.790
  1015:     4548.210     4555.670     4555.680     4644.150     4644.260
  1020:     4644.440     4644.480     4644.620     4645.450     4645.520
  1025:     4647.320     4672.830     4673.420     4674.250     4674.290
  1030:     5050.450     5050.450     5050.450     5050.460     5050.460
  1035:     5052.450     5053.690     5060.450     5060.460     5072.340
  1040:     5072.520     5072.610     5074.720     5075.620     5076.240
  1045:     5082.500     5085.630     5085.830     5087.390     5088.860
  1050:     5088.950     5089.380     5091.230     5091.420     5091.500
  1055:     5091.750     5091.870     5092.220     5092.530     5092.650
  1060:     5092.740     5093.510     5093.750     5093.900     5094.130
  1065:     5094.650     5095.360     5095.850     5096.240     5096.310
  1070:     5098.530     5099.350     5100.260     5100.750     5101.310
  1075:     5101.530     5101.660     5101.750     5101.840     5102.700
  1080:     5104.480     5104.580     5104.780     5104.890     5107.120
  1085:     5107.190     5107.340     5107.420     5107.560     5108.020
  1090:     5108.220     5108.270     5118.140     5118.200     5121.280
  1095:     5121.620     5122.500     5122.780     5122.970     5123.180
  1100:     5123.470     5123.770     5151.100     5151.300     5151.330
  1105:     5151.390     5152.220     5152.280     5152.440     5152.930
  1110:     5152.990     5153.130     5153.590     5153.630     5154.450
  1115:     5168.310     5172.160     5172.240     5172.560     5173.540
  1120:     5173.580     5174.150     5174.250     5174.390     5327.950
  1125:     5328.600     5338.490     5338.630     5339.450     5339.480
  1130:     5343.490     5387.640     5387.700     5398.400     5398.440
  1135:     5399.540     5401.210     5445.220     5447.770     5447.820
  1140:     5447.900     5450.540     5452.240     5452.270     5452.350
  1145:     5452.940     5453.320     5453.370     5453.560     5453.950
  1150:     5542.450     5542.770     5543.390     5627.460     5629.010
  1155:     5629.070     5629.450     5629.470     5630.660     5630.730
  1160:     5630.750     5630.780     5630.870     5631.110     5631.990
  1165:     5632.150     5632.840     5633.030     5634.560     5635.380
  1170:     5638.710     5639.080     5642.720     5647.290     5647.450
  1175:     5650.440     5659.890     5659.920     5659.990     5660.490
  1180:     5660.650     5660.870     5660.990     5661.040     5663.420
  1185:     5663.530     5665.500     5665.880     5665.980     5666.870
  1190:     5669.550     5669.660     5670.570     5670.760     5670.870
  1195:     5670.930     5671.640     5671.840     5672.000     5672.050
  1200:     5672.150     5672.820     5673.300     5673.380     5674.890
  1205:     5676.300     5681.620     5681.800     5692.700     5692.790
  1210:     5693.490     5694.000     5694.530     5694.690     5695.750
  1215:     5700.940     5700.980     5701.000     5703.010     5703.750
  1220:     5798.980     5799.020     5892.270     5893.490     6009.780
  1225:     6037.810     6038.300     6038.840     6039.510     6041.020
  1230:     6053.920     6053.920     6053.920     6053.930     6053.930
  1235:     6063.920     6063.930     6065.080     6065.080     6065.080
  1240:     6065.090     6065.090     6068.500     6068.500     6070.330
  1245:     6071.080     6072.890     6074.520     6075.080     6075.090
  1250:     6128.550     6128.550     6128.550     6128.560     6128.560
  1255:     6130.710     6130.710     6131.010     6131.010     6136.890
  1260:     6136.890     6138.550     6138.560     6174.740     6177.700
  1265:     6177.860     6178.040     6179.050     6179.130     6248.260
  1270:     6248.260     6248.260     6248.270     6248.270     6258.260
  1275:     6258.270     6346.650     6347.120     6347.140     6347.300
  1280:     6347.440     6347.560     6401.400     6401.420     6405.700
  1285:     6405.720     6405.900     6405.940     6406.370     6434.980
  1290:     6452.550     6452.550     6452.550     6452.560     6452.560
  1295:     6462.550     6462.560     6594.160     6734.660     6735.080
  1300:     6736.610     6977.940     6978.090     6981.280     6981.810
  1305:     6982.000     6988.780     6989.460     6991.980     7002.630
  1310:     7002.730     7003.080     7003.230     7003.920     7006.180
  1315:     7006.420     7009.950     7127.000     7127.270     7127.870
  1320:     7128.340     7129.060     7166.240     7166.240     7166.240
  1325:     7166.250     7166.250     7168.640     7172.260     7172.310
  1330:     7175.830     7175.830     7176.240     7176.250     7211.590
  1335:     7211.820     7288.320     7291.970     7292.800     7293.280
  1340:     7293.360     7293.490     7293.610     7293.680     7294.030
  1345:     7296.370     7298.950     7317.150     7318.170     7318.830
  1350:     7319.010     7319.500     7322.530     7323.620     7324.810
  1355:     7325.720     7329.320     7330.020     7330.400     7331.160
  1360:     7404.190     7404.190     7404.190     7404.200     7404.200
  1365:     7414.190     7414.200     7433.250     7439.280     7439.370
  1370:     7440.150     7440.670     7446.910     7447.200     7447.290
  1375:     7448.480     7454.500     7455.690     7457.510     7458.870
  1380:     7459.040     7460.240     7461.690     7462.780     7462.870
  1385:     7463.040     7463.270     7464.400     7596.450     7601.100
  1390:     7604.860     7608.080     7612.410     7613.190     7722.630
  1395:     7722.930     7722.950     7723.330     7724.050     7724.320
  1400:     7724.810     7724.910     7725.560     7725.590     7727.190
  1405:     7728.060     7728.170     7728.210     7728.890     7729.650
  1410:     7731.080     7731.770     7731.960     7732.810     7735.000
  1415:     7735.240     7735.570     7736.420     7737.440     7737.580
  1420:     7742.220     7742.280     7742.630     7743.540     7743.610
  1425:     7743.760     7743.920     7744.190     7745.890     7745.940
  1430:     7746.330     7747.160     7747.540     7759.610     7760.690
  1435:     7762.950     7763.310     7763.540     7763.590     7763.990
  1440:     7764.380     7764.450     7764.880     7767.110     7767.310
  1445:     7767.370     7767.610     7768.190     7771.590     7774.880
  1450:     7774.960     7778.510     7779.510     7782.420     7791.450
  1455:     7793.530     7795.940     7796.080     7796.460     7796.870
  1460:     7796.970     7797.040     7797.420     7797.830     7798.970
  1465:     7799.140     7800.010     7800.730     7802.410     7852.400
  1470:     7852.510     8024.420     8024.630     8024.650     8027.080
  1475:     8027.130     8027.220     8027.280     8028.300     8070.060
  1480:     8070.180     8070.390     8071.730     8072.030     8082.140
  1485:     8084.190     8094.700     8095.240     8098.970     8099.100
  1490:     8099.200     8101.530     8103.540     8103.730     8104.100
  1495:     8104.760     8104.820     8108.590     8108.710     8121.460
  1500:     8127.370     8127.590     8128.010     8128.230     8130.080
  1505:     8130.130     8130.430     8132.170     8140.170     8140.170
  1510:     8140.170     8140.180     8140.180     8143.050     8143.050
  1515:     8150.170     8150.180     8154.190     8155.210     8155.740
  1520:     8172.870     8173.050     8174.230     8183.030     8183.030
  1525:     8183.030     8183.040     8183.040     8184.700     8184.700
  1530:     8185.310     8189.160     8189.160     8189.390     8189.390
  1535:     8189.940     8189.940     8191.310     8192.760     8193.000
  1540:     8193.030     8193.040     8248.020     8248.020     8248.020
  1545:     8248.030     8248.030     8253.910     8257.370     8258.020
  1550:     8258.030     8259.670     8265.450     8272.150     8276.280
  1555:     8276.420     8285.620     8286.150     8287.110     8288.020
  1560:     8289.090     8289.160     8289.250     8289.460     8289.490
  1565:     8289.860     8290.220     8291.960     8292.080     8295.580
  1570:     8295.790     8295.900     8297.790     8298.340     8299.350
  1575:     8300.010     8300.370     8300.620     8301.420     8301.590
  1580:     8301.730     8302.120     8302.720     8302.930     8302.970
  1585:     8304.340     8304.470     8304.580     8304.940     8306.430
  1590:     8307.430     8307.550     8313.130     8313.210     8313.400
  1595:     8313.900     8314.840     8315.210     8315.320     8315.370
  1600:     8315.790     8317.020     8317.180     8317.290     8317.590
  1605:     8317.720     8317.790     8318.020     8318.150     8318.240
  1610:     8318.320     8318.420     8318.560     8318.820     8319.020
  1615:     8319.180     8319.270     8319.320     8320.030     8320.110
  1620:     8320.260     8323.830     8324.110     8324.210     8329.640
  1625:     8329.740     8329.890     8329.990     8330.220     8330.320
  1630:     8330.560     8330.670     8330.860     8330.950     8331.050
  1635:     8331.110     8331.330     8331.420     8334.080     8334.700
  1640:     8334.910     8334.990     8335.690     8336.470     8336.540
  1645:     8336.710     8338.050     8338.270     8338.480     8338.640
  1650:     8338.880     8339.130     8345.530     8345.810     8345.910
  1655:     8346.080     8346.410     8346.580     8346.720     8346.880
  1660:     8347.070     8355.260     8369.400     8373.170     8373.280
  1665:     8383.910     8384.220     8384.370     8384.670     8385.140
  1670:     8385.400     8385.550     8385.990     8386.120     8386.690
  1675:     8386.820     8392.750     8392.820     8395.050     8397.230
  1680:     8398.160     8398.270     8398.380     8398.480     8400.940
  1685:     8401.560     8401.670     8403.310     8406.790     8411.830
  1690:     8412.390     8413.150     8413.180     8413.320     8425.780
  1695:     8431.160     8431.320     8431.640     8433.120     8433.370
  1700:     8488.150     8488.220     8489.070     8489.210     8489.450
  1705:     8489.800     8489.950     8491.870     8521.070     8521.190
  1710:     8522.690     8528.000     8528.370     8528.420     8529.560
  1715:     8529.580     8530.650     8530.900     8533.060     8533.180
  1720:     8533.600     8533.840     8662.180     8662.630     8665.460
  1725:     8665.570     8677.840     8678.640     8679.760     8680.820
  1730:     8683.630     8683.660     8709.260     8709.380     8724.640
  1735:     8726.170     8730.440     8730.440     8730.440     8730.450
  1740:     8730.450     8731.890     8731.890     8740.440     8740.450
  1745:     8741.490     8741.490     8741.490     8741.500     8741.500
  1750:     8751.490     8751.500     8757.370     8757.370     8757.370
  1755:     8757.380     8757.380     8759.330     8759.330     8759.590
  1760:     8759.590     8760.620     8760.620     8767.370     8767.380
  1765:     8789.270     8789.360     8789.810     8790.100     8790.240
  1770:     8790.980     8791.530     8792.680     8792.840     8792.970
  1775:     8793.270     8793.670     8794.070     8794.100     8794.230
  1780:     8794.390     8794.480     8794.660     8794.880     8795.150
  1785:     8795.230     8795.360     8800.250     8800.490     8801.390
  1790:     8804.130     8804.210     8810.700     8811.730     8814.210
  1795:     8814.520     8814.700     8814.800     8816.800     8818.000
  1800:     8820.040     8820.920     8823.310     8826.090     8826.120
  1805:     8829.260     8829.400     8834.060     8836.980     8838.390
  1810:     8839.670     8840.070     8841.060     8841.170     8841.790
  1815:     8843.460     8843.940     8844.110     8844.480     8845.050
  1820:     8845.240     8845.500     8850.750     8850.790     8850.890
  1825:     8855.090     8856.240     8856.610     8857.400     8891.300
  1830:     8891.300     8891.300     8891.310     8891.310     8898.720
  1835:     8898.720     8901.300     8901.310     9000.240     9000.660
  1840:     9001.110     9006.290     9006.730     9050.050     9050.550
  1845:     9050.910     9053.180     9053.850     9071.260     9071.480
  1850:     9074.350     9074.450     9074.780     9074.940     9075.560
  1855:     9075.640     9075.820     9075.900     9076.030     9076.160
  1860:     9076.310     9077.430     9077.830     9077.920     9078.070
  1865:     9079.140     9079.200     9079.570     9080.060     9080.160
  1870:     9081.090     9083.940     9086.360     9089.920     9090.040
  1875:     9094.260     9094.790     9094.980     9095.110     9098.010
  1880:     9098.030     9098.090     9098.200     9099.480     9102.910
  1885:     9103.000     9103.910     9104.020     9104.090     9104.180
  1890:     9105.440     9106.970     9117.270     9117.480     9117.760
  1895:     9117.870     9118.380     9143.210     9143.410     9147.430
  1900:     9148.230     9148.320     9163.710     9164.770     9165.270
  1905:     9166.100     9169.610     9169.720     9184.800     9185.270
  1910:     9186.240     9190.460     9191.670     9199.430     9199.830
  1915:     9201.940     9204.840     9205.260     9209.520     9209.590
  1920:     9217.120     9218.070     9218.120     9219.380     9219.400
  1925:     9219.500     9220.250     9220.670     9220.780     9295.870
  1930:     9295.870     9295.870     9295.880     9295.880     9305.870
  1935:     9305.880     9319.990     9320.040     9321.280     9525.770
  1940:     9525.770     9525.770     9525.780     9525.780     9531.480
  1945:     9532.090     9533.500     9533.720     9535.770     9535.780
  1950:     9580.520     9583.690     9583.770     9584.030     9584.130
  1955:     9587.950     9589.140     9589.480     9591.540     9593.200
  1960:     9593.860     9594.350     9594.750     9594.890     9598.010
  1965:     9601.340     9601.670     9602.300     9602.340     9602.440
  1970:     9602.680     9606.500     9612.080     9612.470     9613.640
  1975:     9613.710     9613.960     9613.990     9614.460     9615.420
  1980:     9616.450     9618.810     9643.940     9765.480     9767.130
  1985:     9794.510     9794.510     9794.510     9794.520     9794.520
  1990:     9796.630     9796.630     9804.510     9804.520     9810.310
  1995:     9810.310     9810.310     9810.320     9810.320     9820.310
  2000:     9820.320     9904.040     9905.860     9909.580     9910.140
  2005:     9910.490     9911.830     9911.860     9912.720     9912.820
  2010:    10090.800    10091.910    10092.410    10093.260    10137.130
  2015:    10137.790    10137.990    10138.050    10167.570    10167.860
  2020:    10167.890    10168.170    10168.270    10168.480    10196.540
  2025:    10198.060    10198.260    10198.310    10199.620    10199.730
  2030:    10199.830    10216.380    10216.420    10216.650    10241.640
  2035:    10241.910    10242.660    10244.970    10248.550    10253.900
  2040:    10253.940    10254.760    10255.060    10288.600    10288.600
  2045:    10288.600    10288.610    10288.610    10290.150    10290.150
  2050:    10294.010    10294.050    10294.520    10298.600    10298.610
  2055:    10333.590    10334.410    10334.930    10335.490    10336.300
  2060:    10336.950    10337.160    10337.350    10337.500    10337.730
  2065:    10337.790    10337.880    10338.030    10339.040    10339.670
  2070:    10341.050    10341.250    10341.350    10343.900    10343.960
  2075:    10344.040    10353.870    10356.400    10357.080    10362.970
  2080:    10363.040    10364.720    10366.860    10367.520    10368.340
  2085:    10370.740    10370.830    10371.120    10373.030    10373.620
  2090:    10373.940    10414.850    10414.850    10414.850    10414.860
  2095:    10414.860    10418.030    10418.550    10422.740    10422.740
  2100:    10424.260    10424.260    10424.850    10424.860    10425.190
  2105:    10425.190    10425.190    10425.200    10425.200    10425.560
  2110:    10425.560    10425.890    10425.890    10426.880    10426.880
  2115:    10428.470    10431.050    10435.190    10435.200    10442.690
  2120:    10442.690    10442.690    10442.700    10442.700    10446.150
  2125:    10446.150    10446.750    10446.750    10446.930    10446.930
  2130:    10447.200    10447.200    10449.880    10449.880    10450.010
  2135:    10450.010    10451.710    10451.710    10452.690    10452.700
  2140:    10469.690    10469.690    10469.690    10469.700    10469.700
  2145:    10477.380    10477.380    10479.690    10479.700    10480.290
  2150:    10480.290    10480.290    10480.300    10480.300    10482.370
  2155:    10482.370    10483.260    10484.560    10487.630    10487.710
  2160:    10488.380    10489.670    10490.290    10490.300    10503.360
  2165:    10503.970    10504.000    10504.210    10514.780    10514.910
  2170:    10515.150    10515.280    10515.940    10516.690    10516.970
  2175:    10517.040    10520.000    10520.050    10544.290    10545.550
  2180:    10546.160    10557.990    10558.590    10561.450    10561.540
  2185:    10562.140    10777.850    10777.850    10777.850    10777.860
  2190:    10777.860    10787.850    10787.860
