File: C:\MED-PC\Data\2024-11-20_16h01m_Subject 49.txt


Start Date: 11/20/24
End Date: 11/20/24
Subject: 49
Experiment: OralFentSA
Group: One
Box: 5
Start Time: 16:01:41
End Time: 18:49:48
MSN: Golden_Liq_SelfAdmin_EXT
F:       0.000
G:     778.000
H:   10067.870
I:       0.000
J:       0.000
K:       0.000
L:       0.000
M:       0.000
N:       0.000
O:       0.000
P:       0.000
Q:       0.000
R:       0.000
S:       0.000
U:       0.000
V:       0.000
W:       0.000
X:       0.000
Y:       0.000
Z:       0.000
A:
     0:        0.000        0.000      180.000        4.000        0.000
     5:        5.000        0.000        5.000        0.000        0.000
    10:        1.000        0.000       10.000   100000.000       28.200
    15:       23.000      600.000        0.000        0.000        0.000
    20:        0.000
B:
     0:        0.000        0.000        0.000        0.000        0.000
     5:        0.000        0.000        0.000        0.000        0.000
    10:        0.000        0.000     1000.000 10000000.000        0.000
    15:        0.000        0.000        0.000        0.000        0.000
    20:        0.000
C:
     0:        0.000       40.000       30.000       79.000      391.000
     5:     9721.960       96.010       32.000     1034.370       32.324
    10:       79.000       30.000        0.000        0.000        0.000
    15:        0.000        0.000        0.000        0.000        0.000
    20:        0.000
D:
     0:        4.290        7.810       89.880        3.570       62.550
     5:        2.570        1.880        1.590        7.360        1.170
    10:       24.390        0.800      186.860       68.800       56.370
    15:       71.130        1.900       59.180       30.400        8.950
    20:        2.340       32.210        3.890       95.440        7.400
    25:       14.470        2.750       34.400        8.790       29.530
    30:       15.690       96.010
E:
     0:       19.000       11.000       26.000       27.000        6.000
     5:        6.000        1.000        1.000        6.000        6.000
    10:        6.000        6.000        6.000        6.000        6.000
    15:        6.000        6.000        6.000        6.000        6.000
    20:        6.000        1.000        6.000        6.000        6.000
    25:        6.000        6.000        6.000        6.000        2.000
    30:        4.000       22.000       24.000       12.000       21.000
    35:       22.000        6.000       19.000       11.000        2.000
    40:        4.000       22.000       24.000       12.000        6.000
    45:       19.000       11.000        6.000        6.000        6.000
    50:        2.000        4.000       22.000       24.000       12.000
    55:       20.000       20.000       19.000       11.000        1.000
    60:        6.000        6.000        6.000        6.000        6.000
    65:        2.000        4.000       22.000       24.000       12.000
    70:       21.000       22.000        6.000        6.000       19.000
    75:       11.000        2.000        4.000       22.000       24.000
    80:       12.000       19.000       11.000        1.000        1.000
    85:        6.000        6.000        6.000        6.000        6.000
    90:        6.000        6.000        1.000        2.000        4.000
    95:       22.000       24.000       12.000        6.000       19.000
   100:       11.000        6.000        6.000        6.000        6.000
   105:        6.000        6.000        2.000        4.000       22.000
   110:       24.000       12.000        6.000       20.000       19.000
   115:       11.000        6.000        6.000        2.000        4.000
   120:       22.000       24.000       12.000        6.000       20.000
   125:       19.000       11.000        2.000        4.000       22.000
   130:       24.000       12.000       19.000       11.000        1.000
   135:        2.000        4.000       22.000       24.000       12.000
   140:       21.000       22.000        6.000        6.000       19.000
   145:       11.000        6.000        6.000        6.000        2.000
   150:        4.000       22.000       24.000       12.000        6.000
   155:        6.000        6.000        6.000        6.000        6.000
   160:       19.000       11.000        6.000        6.000        6.000
   165:        6.000        6.000        6.000        6.000        6.000
   170:        6.000        2.000        4.000       22.000       24.000
   175:       12.000       19.000       11.000        2.000        4.000
   180:       22.000       24.000       12.000       21.000       22.000
   185:       21.000       22.000       21.000       22.000       19.000
   190:       11.000        6.000        6.000        6.000        6.000
   195:        6.000        2.000        4.000       22.000       24.000
   200:       12.000        6.000       21.000       22.000       21.000
   205:       22.000       21.000       22.000       21.000       22.000
   210:       21.000       22.000       21.000       22.000       21.000
   215:       22.000       21.000       22.000        6.000       19.000
   220:       11.000        6.000        1.000        1.000        6.000
   225:        6.000        2.000        4.000       22.000       24.000
   230:       12.000       19.000       11.000        6.000        2.000
   235:        4.000       22.000       24.000       12.000       19.000
   240:       11.000        6.000        6.000        6.000        6.000
   245:        6.000        6.000        6.000        6.000        6.000
   250:        6.000        2.000        4.000       22.000       24.000
   255:       12.000       21.000       22.000       21.000       22.000
   260:       19.000       11.000        6.000        6.000        2.000
   265:        4.000       22.000       24.000       12.000       21.000
   270:       22.000       19.000       11.000        1.000        1.000
   275:        6.000        6.000        6.000        6.000        6.000
   280:        6.000        6.000        6.000        6.000        6.000
   285:        2.000        4.000       22.000       24.000       12.000
   290:        6.000       19.000       11.000        6.000        6.000
   295:        6.000        6.000        6.000        2.000        4.000
   300:       22.000       24.000       12.000       21.000       22.000
   305:       21.000       22.000       21.000       22.000       19.000
   310:       11.000        2.000        4.000       22.000       24.000
   315:       12.000       19.000       11.000        6.000        6.000
   320:        1.000        1.000        1.000        1.000        6.000
   325:        2.000        4.000       22.000       24.000       12.000
   330:       19.000       11.000        2.000        4.000       22.000
   335:       24.000       12.000       21.000       22.000       19.000
   340:       11.000        6.000        6.000        6.000        6.000
   345:        6.000        6.000        6.000        6.000        6.000
   350:        1.000        6.000        6.000        6.000        6.000
   355:        6.000        6.000        6.000        6.000        6.000
   360:        6.000        2.000        4.000       22.000       24.000
   365:       12.000        6.000        6.000       19.000       11.000
   370:        6.000        6.000        6.000        6.000        6.000
   375:        6.000        6.000        6.000        2.000        4.000
   380:       22.000       24.000       12.000        6.000        6.000
   385:       19.000       11.000        6.000        6.000        6.000
   390:        6.000        6.000        6.000        6.000        6.000
   395:        6.000        6.000        6.000        6.000        6.000
   400:        6.000        6.000        6.000        6.000        6.000
   405:        2.000        4.000       22.000       24.000       12.000
   410:       19.000       11.000        6.000        6.000        6.000
   415:        6.000        6.000        6.000        6.000        6.000
   420:        6.000        6.000        6.000        6.000        6.000
   425:        6.000        6.000        6.000        6.000        6.000
   430:        6.000        6.000        6.000        6.000        6.000
   435:        1.000        6.000        6.000        6.000        2.000
   440:        4.000       22.000       24.000       12.000       19.000
   445:       11.000        2.000        4.000       22.000       24.000
   450:       12.000       21.000       22.000        6.000        6.000
   455:        6.000       19.000       11.000        2.000        4.000
   460:       22.000       24.000       12.000       21.000       22.000
   465:       19.000       11.000        6.000        6.000        6.000
   470:        6.000        2.000        4.000       22.000       24.000
   475:       12.000       21.000       22.000       21.000       22.000
   480:       21.000       22.000        6.000        6.000       19.000
   485:       11.000        6.000        6.000        6.000        6.000
   490:        6.000        6.000        6.000        6.000        6.000
   495:        6.000        6.000        6.000        6.000        6.000
   500:        6.000        6.000        6.000        6.000        6.000
   505:        6.000        2.000        4.000       22.000       24.000
   510:       12.000       21.000       22.000       21.000       22.000
   515:       19.000       11.000        2.000        4.000       22.000
   520:       24.000       12.000       21.000       22.000       21.000
   525:       22.000       21.000       22.000       21.000       22.000
   530:       19.000       11.000        6.000        6.000        1.000
   535:        1.000        1.000        1.000        1.000        1.000
   540:        2.000        4.000       22.000       24.000       12.000
   545:       21.000       22.000        6.000       19.000       11.000
   550:        6.000        6.000        6.000        6.000        6.000
   555:        6.000        6.000        6.000        6.000        6.000
   560:        6.000        6.000        6.000        6.000        6.000
   565:        6.000        6.000        6.000        6.000        6.000
   570:        6.000        6.000        6.000        6.000        6.000
   575:        2.000        4.000       22.000       24.000       12.000
   580:       19.000       11.000        6.000        6.000        6.000
   585:        6.000        6.000        6.000        6.000        6.000
   590:        6.000        6.000        6.000        6.000        6.000
   595:        2.000        4.000       22.000       24.000       12.000
   600:        6.000       19.000       11.000        6.000        6.000
   605:        6.000        6.000        6.000        6.000        6.000
   610:        6.000        6.000        6.000        6.000        6.000
   615:        6.000        6.000        6.000        6.000        6.000
   620:        6.000        6.000        6.000        6.000        6.000
   625:        6.000        6.000        6.000        6.000        6.000
   630:        6.000        6.000        6.000        6.000        6.000
   635:        6.000        6.000        6.000        6.000        6.000
   640:        6.000        6.000        6.000        6.000        6.000
   645:        6.000        6.000        6.000        6.000        6.000
   650:        6.000        6.000        6.000        6.000        6.000
   655:        6.000        6.000        6.000        6.000        6.000
   660:        6.000        6.000        6.000        6.000        6.000
   665:        6.000        6.000        6.000        6.000        6.000
   670:        6.000        6.000        6.000        6.000        6.000
   675:        6.000        6.000        2.000        4.000       22.000
   680:       24.000       12.000       21.000       22.000       21.000
   685:       22.000       21.000       22.000       19.000       11.000
   690:        6.000        6.000        6.000        6.000        6.000
   695:        6.000        6.000        6.000        6.000        6.000
   700:        6.000        6.000        6.000        6.000        6.000
   705:        6.000        6.000        6.000        6.000        6.000
   710:        6.000        6.000        6.000        6.000        6.000
   715:        6.000        6.000        6.000        6.000        6.000
   720:        6.000        6.000        6.000        2.000        4.000
   725:       22.000       24.000       12.000       21.000       22.000
   730:       21.000       22.000       21.000       22.000       21.000
   735:       22.000       19.000       11.000        2.000        4.000
   740:       22.000       24.000       12.000       19.000       11.000
   745:        1.000        1.000        6.000        6.000        6.000
   750:        6.000        6.000        6.000        6.000        6.000
   755:        6.000        6.000        6.000        6.000        6.000
   760:        6.000        6.000        6.000        6.000        6.000
   765:        6.000        6.000        2.000        4.000       22.000
   770:       24.000       12.000       19.000       11.000        6.000
   775:        6.000        6.000        6.000
T:
     0:        0.000        0.000        0.000        0.000        1.040
     5:        1.160       10.120       10.980       61.450       61.690
    10:       63.270       63.430       64.920       65.400       69.460
    15:       70.780       70.950       71.860      102.170      113.720
    20:      114.060      120.790      129.640      129.740      129.830
    25:      129.880      138.180      139.250      139.720      145.030
    30:      145.030      145.030      145.040      145.040      147.240
    35:      147.240      149.330      155.030      155.040      165.460
    40:      165.460      165.460      165.470      165.470      173.280
    45:      175.460      175.470      186.440      214.450      266.720
    50:      290.890      290.890      290.890      290.900      290.900
    55:      298.960      299.850      300.890      300.900      373.240
    60:      380.780      380.990      381.540      394.640      395.510
    65:      413.330      413.330      413.330      413.340      413.340
    70:      415.740      415.740      416.910      417.520      423.330
    75:      423.340      423.950      423.950      423.950      423.960
    80:      423.960      433.950      433.960      439.840      453.570
    85:      486.510      516.290      518.440      518.580      529.380
    90:      531.320      640.510      649.750      664.420      664.420
    95:      664.420      664.430      664.430      667.000      674.420
   100:      674.430      763.310      806.940      808.520      816.950
   105:      819.720      820.960      872.710      872.710      872.710
   110:      872.720      872.720      874.600      880.800      882.710
   115:      882.720      906.220      910.870      913.230      913.230
   120:      913.230      913.240      913.240      914.830      918.830
   125:      923.230      923.240      943.800      943.800      943.800
   130:      943.810      943.810      953.800      953.810      973.850
   135:      988.010      988.010      988.010      988.020      988.020
   140:      994.020      994.020      995.380      995.680      998.010
   145:      998.020     1001.350     1001.450     1001.870     1030.590
   150:     1030.590     1030.590     1030.600     1030.600     1031.770
   155:     1032.070     1032.270     1032.590     1039.430     1039.700
   160:     1040.590     1040.600     1040.910     1070.540     1120.080
   165:     1132.530     1134.460     1134.940     1148.500     1167.550
   170:     1167.930     1170.280     1170.280     1170.280     1170.290
   175:     1170.290     1180.280     1180.290     1203.620     1203.620
   180:     1203.620     1203.630     1203.630     1204.810     1204.810
   185:     1210.640     1210.640     1212.260     1212.260     1213.620
   190:     1213.630     1228.020     1228.190     1233.780     1233.920
   195:     1234.300     1244.400     1244.400     1244.400     1244.410
   200:     1244.410     1245.210     1246.710     1246.710     1249.120
   205:     1249.120     1249.430     1249.430     1249.830     1249.830
   210:     1249.910     1249.910     1251.540     1251.540     1252.850
   215:     1252.850     1253.140     1253.140     1253.970     1254.400
   220:     1254.410     1258.950     1276.170     1280.510     1297.450
   225:     1300.590     1304.030     1304.030     1304.030     1304.040
   230:     1304.040     1314.030     1314.040     1490.900     1561.340
   235:     1561.340     1561.340     1561.350     1561.350     1571.340
   240:     1571.350     1630.150     1721.060     1721.400     1808.830
   245:     1808.930     1812.470     1856.270     1856.450     1871.350
   250:     1894.450     1909.540     1909.540     1909.540     1909.550
   255:     1909.550     1910.580     1910.580     1912.440     1912.440
   260:     1919.540     1919.550     1965.920     1966.230     2010.150
   265:     2010.150     2010.150     2010.160     2010.160     2012.470
   270:     2012.470     2020.150     2020.160     2076.070     2077.240
   275:     2081.290     2082.200     2089.240     2164.680     2198.250
   280:     2198.440     2255.530     2255.740     2390.860     2390.900
   285:     2404.850     2404.850     2404.850     2404.860     2404.860
   290:     2406.760     2414.850     2414.860     2533.960     2534.140
   295:     2534.190     2534.400     2563.170     2571.970     2571.970
   300:     2571.970     2571.980     2571.980     2572.750     2572.750
   305:     2580.220     2580.220     2581.480     2581.480     2581.970
   310:     2581.980     2587.600     2587.600     2587.600     2587.610
   315:     2587.610     2597.600     2597.610     2646.790     2690.730
   320:     2711.410     2711.710     2713.980     2714.420     2756.970
   325:     2818.070     2818.070     2818.070     2818.080     2818.080
   330:     2828.070     2828.080     2852.540     2852.540     2852.540
   335:     2852.550     2852.550     2852.800     2852.800     2862.540
   340:     2862.550     2882.950     2883.230     2963.800     3085.920
   345:     3095.890     3133.160     3133.410     3133.460     3136.350
   350:     3274.700     3291.010     3291.400     3291.660     3360.970
   355:     3363.130     3364.740     3365.250     3370.960     3408.250
   360:     3411.530     3413.960     3413.960     3413.960     3413.970
   365:     3413.970     3422.920     3423.020     3423.960     3423.970
   370:     3424.040     3512.360     3629.640     3629.730     3653.800
   375:     3682.450     3682.740     3691.910     3694.590     3694.590
   380:     3694.590     3694.600     3694.600     3696.940     3698.250
   385:     3704.590     3704.600     3729.580     3729.650     3737.770
   390:     3743.260     3743.330     3747.390     3748.550     3753.220
   395:     3757.590     3762.510     3834.560     3834.730     3836.160
   400:     3836.290     3836.550     3840.220     3840.550     3875.960
   405:     3941.380     3941.380     3941.380     3941.390     3941.390
   410:     3951.380     3951.390     3973.600     3973.720     3973.790
   415:     3979.010     3980.080     3980.130     3981.640     4140.420
   420:     4140.580     4183.530     4184.550     4185.390     4318.360
   425:     4350.070     4350.420     4350.710     4650.620     4650.670
   430:     4735.110     4735.330     4946.580     4949.370     4949.800
   435:     5062.070     5069.470     5081.620     5143.710     5220.370
   440:     5220.370     5220.370     5220.380     5220.380     5230.370
   445:     5230.380     5236.130     5236.130     5236.130     5236.140
   450:     5236.140     5237.650     5237.650     5240.030     5244.840
   455:     5245.010     5246.130     5246.140     5249.090     5249.090
   460:     5249.090     5249.100     5249.100     5251.000     5251.000
   465:     5259.090     5259.100     5344.540     5344.870     5345.370
   470:     5345.650     5727.920     5727.920     5727.920     5727.930
   475:     5727.930     5729.240     5729.240     5729.940     5729.940
   480:     5730.410     5730.410     5735.330     5735.620     5737.920
   485:     5737.930     5761.660     5761.810     5762.380     5767.740
   490:     6243.560     6245.050     6246.020     6257.100     6262.940
   495:     6265.490     6309.330     6311.430     6311.930     6312.150
   500:     6384.470     6384.710     6429.550     6429.660     6452.070
   505:     6453.970     6470.900     6470.900     6470.900     6470.910
   510:     6470.910     6471.670     6471.670     6480.510     6480.510
   515:     6480.900     6480.910     6481.110     6481.110     6481.110
   520:     6481.120     6481.120     6481.660     6481.660     6483.280
   525:     6483.280     6490.470     6490.470     6490.650     6490.650
   530:     6491.110     6491.120     6495.590     6495.760     6521.460
   535:     6521.870     6523.480     6524.350     6526.720     6534.910
   540:     6538.540     6538.540     6538.540     6538.550     6538.550
   545:     6539.410     6539.410     6541.300     6548.540     6548.550
   550:     6561.200     6561.270     6561.320     6561.990     6563.290
   555:     6594.860     6604.030     6611.600     6611.640     6612.280
   560:     6616.030     6645.100     6649.310     6649.840     6659.620
   565:     6660.060     6704.250     6704.840     6705.020     6705.290
   570:     6706.190     6722.580     6726.530     6726.940     6727.150
   575:     6753.460     6753.460     6753.460     6753.470     6753.470
   580:     6763.460     6763.470     6787.870     6877.440     6880.480
   585:     6881.710     6881.960     6882.100     6883.350     6885.010
   590:     6885.870     6886.570     6887.770     6933.130     6933.520
   595:     6991.880     6991.880     6991.880     6991.890     6991.890
   600:     7000.680     7001.880     7001.890     7038.940     7046.950
   605:     7055.740     7056.360     7057.190     7060.010     7060.160
   610:     7107.280     7107.830     7110.260     7117.320     7118.420
   615:     7120.730     7120.970     7166.900     7197.110     7197.600
   620:     7205.830     7207.170     7210.420     7220.710     7221.560
   625:     7221.660     7221.860     7225.340     7274.540     7274.730
   630:     7275.100     7275.420     7278.310     7279.190     7280.420
   635:     7281.130     7281.160     7281.850     7321.060     7321.400
   640:     7321.920     7322.400     7323.160     7323.270     7325.630
   645:     7325.740     7326.580     7331.500     7333.410     7336.990
   650:     7346.990     7347.040     7347.360     7603.490     7604.780
   655:     7608.710     7623.390     7624.280     7624.760     7625.670
   660:     7627.010     7627.170     7628.520     7630.590     7630.710
   665:     7635.110     7642.410     7642.430     7643.110     7645.440
   670:     7649.090     7651.090     7652.340     7673.880     7673.980
   675:     7674.440     7675.040     7680.840     7680.840     7680.840
   680:     7680.850     7680.850     7683.440     7683.440     7685.980
   685:     7685.980     7687.540     7687.540     7690.840     7690.850
   690:     7710.380     7762.040     7804.640     7848.130     7880.010
   695:     7893.980     8016.420     8104.210     8104.250     8104.320
   700:     8105.950     8156.840     8169.710     8171.500     8204.750
   705:     8205.170     8274.750     8275.630     8276.580     8284.190
   710:     8303.340     8303.610     8303.960     8315.690     8316.490
   715:     8316.590     8417.130     8417.660     8430.730     8441.990
   720:     8442.480     8455.500     8455.670     8465.620     8465.620
   725:     8465.620     8465.630     8465.630     8466.090     8466.090
   730:     8467.230     8467.230     8469.660     8469.660     8471.020
   735:     8471.020     8475.620     8475.630     8486.520     8486.520
   740:     8486.520     8486.530     8486.530     8496.520     8496.530
   745:     8497.620     8498.680     8502.220     8502.550     8536.230
   750:     8536.900     8586.580     8587.170     8592.120     9263.060
   755:     9263.840     9307.950     9308.260     9398.080     9398.520
   760:     9427.990     9428.170     9453.150     9453.650     9459.210
   765:     9460.260     9682.800     9721.950     9721.950     9721.950
   770:     9721.960     9721.960     9731.950     9731.960     9817.970
   775:     9824.080     9827.430     9830.410
