File: C:\MED-PC\Data\2024-11-21_13h10m_Subject 55.txt


Start Date: 11/21/24
End Date: 11/21/24
Subject: 55
Experiment: OralFentSA
Group: One
Box: 11
Start Time: 13:10:12
End Time: 16:10:17
MSN: Golden_Liq_SelfAdmin_EXT
F:       0.000
G:    1475.000
H:   10800.000
I:       0.000
J:       0.000
K:       0.000
L:       0.000
M:       0.000
N:       0.000
O:       0.000
P:       0.000
Q:       0.000
R:       0.000
S:       0.000
U:       0.000
V:       0.000
W:       0.000
X:       0.000
Y:       0.000
Z:       0.000
A:
     0:        0.000        0.000      180.000        4.000        0.000
     5:        5.000        0.000        5.000        0.000        0.000
    10:        1.000        0.000       10.000   100000.000       41.200
    15:       24.000      600.000        0.000        0.000        0.000
    20:        0.000
B:
     0:        0.000        0.000        0.000        0.000        0.000
     5:        0.000        0.000        0.000        0.000        0.000
    10:        0.000        0.000     1000.000 10000000.000        0.000
    15:        0.000        0.000        0.000        0.000        0.000
    20:        0.000
C:
     0:        0.000       70.000       93.000      189.000      655.000
     5:    10629.900      118.570       48.000     3317.160       69.108
    10:      189.000       93.000        0.000        0.000        0.000
    15:        0.000        0.000        0.000        0.000        0.000
    20:        0.000
D:
     0:       86.790       25.380        4.690        9.040       12.800
     5:        3.200      163.160      201.770        3.590        3.170
    10:       43.580       35.390       62.400       80.230      160.950
    15:       47.910        4.750      106.470      154.900        9.730
    20:       20.670       76.340       68.040       18.430       16.730
    25:        4.450       17.360       22.250       83.810      221.810
    30:       37.790      235.000       16.100       22.710        3.270
    35:        3.830      481.570        4.420        1.890        7.790
    40:       10.570        5.780        8.800        8.970      346.760
    45:      215.600       17.950      118.570
E:
     0:       19.000       11.000       26.000       27.000        6.000
     5:        6.000        6.000        1.000        1.000        2.000
    10:        4.000       22.000       24.000       12.000       20.000
    15:       19.000       11.000        1.000        6.000        6.000
    20:        6.000        6.000        6.000        2.000        4.000
    25:       22.000       24.000       12.000       21.000       22.000
    30:       21.000       22.000       21.000       22.000       21.000
    35:       22.000       21.000       22.000       20.000       19.000
    40:       11.000        6.000        2.000        4.000       22.000
    45:       24.000       12.000       21.000       22.000        6.000
    50:        6.000        6.000        6.000        6.000        6.000
    55:       19.000       11.000        6.000        1.000        1.000
    60:        1.000        6.000        6.000        6.000        6.000
    65:        6.000        6.000        6.000        2.000        4.000
    70:       22.000       24.000       12.000       21.000       22.000
    75:       21.000       22.000       21.000       22.000        6.000
    80:       19.000       11.000        6.000        1.000        1.000
    85:        6.000        6.000        2.000        4.000       22.000
    90:       24.000       12.000       21.000       22.000       21.000
    95:       22.000       21.000       22.000       19.000       11.000
   100:        6.000        6.000        6.000        6.000        6.000
   105:        6.000        6.000        6.000        6.000        6.000
   110:        6.000        6.000        6.000        6.000        6.000
   115:        6.000        6.000        6.000        6.000        6.000
   120:        6.000        6.000        6.000        6.000        6.000
   125:        6.000        6.000        6.000        6.000        6.000
   130:        6.000        6.000        6.000        6.000        6.000
   135:        6.000        6.000        6.000        6.000        6.000
   140:        6.000        2.000        4.000       22.000       24.000
   145:       12.000       19.000       11.000        2.000        4.000
   150:       22.000       24.000       12.000       21.000       22.000
   155:       21.000       22.000        6.000        6.000       19.000
   160:       11.000        1.000        1.000        1.000        6.000
   165:        6.000        6.000        2.000        4.000       22.000
   170:       24.000       12.000       21.000       22.000       21.000
   175:       22.000       19.000       11.000        1.000        1.000
   180:        1.000        1.000        1.000        6.000        6.000
   185:        6.000        6.000        6.000        6.000        6.000
   190:        6.000        6.000        6.000        6.000        6.000
   195:        6.000        6.000        6.000        6.000        6.000
   200:        6.000        6.000        6.000        6.000        6.000
   205:        6.000        6.000        6.000        6.000        6.000
   210:        6.000        6.000        6.000        6.000        6.000
   215:        6.000        2.000        4.000       22.000       24.000
   220:       12.000       21.000       22.000       19.000       11.000
   225:        6.000        6.000        6.000        6.000        6.000
   230:        6.000        6.000        6.000        6.000        6.000
   235:        6.000        6.000        6.000        6.000        6.000
   240:        6.000        6.000        6.000        6.000        6.000
   245:        6.000        6.000        6.000        6.000        6.000
   250:        6.000        6.000        6.000        6.000        6.000
   255:        2.000        4.000       22.000       24.000       12.000
   260:        6.000        6.000       19.000       11.000        2.000
   265:        4.000       22.000       24.000       12.000       21.000
   270:       22.000       21.000       22.000        6.000        6.000
   275:        6.000        6.000        6.000        6.000       19.000
   280:       11.000        1.000        2.000        4.000       22.000
   285:       24.000       12.000       21.000       22.000       21.000
   290:       22.000       21.000       22.000       19.000       11.000
   295:        1.000        1.000        1.000        6.000        6.000
   300:        2.000        4.000       22.000       24.000       12.000
   305:       19.000       11.000        1.000        6.000        1.000
   310:        6.000        6.000        6.000        6.000        2.000
   315:        4.000       22.000       24.000       12.000       21.000
   320:       22.000       21.000       22.000       19.000       11.000
   325:        1.000        1.000        6.000        6.000        6.000
   330:        6.000        6.000        6.000        6.000        6.000
   335:        6.000        6.000        6.000        6.000        6.000
   340:        6.000        6.000        6.000        6.000        2.000
   345:        4.000       22.000       24.000       12.000       21.000
   350:       22.000       19.000       11.000        6.000        6.000
   355:        6.000        6.000        6.000        1.000        6.000
   360:        6.000        6.000        6.000        6.000        6.000
   365:        6.000        6.000        6.000        2.000        4.000
   370:       22.000       24.000       12.000       21.000       22.000
   375:       19.000       11.000        2.000        4.000       22.000
   380:       24.000       12.000       21.000       22.000       21.000
   385:       22.000       21.000       22.000       21.000       22.000
   390:       21.000       22.000       21.000       22.000       21.000
   395:       22.000       21.000       22.000       19.000       11.000
   400:        2.000        4.000       22.000       24.000       12.000
   405:       21.000       22.000       21.000       22.000       21.000
   410:       22.000       21.000       22.000       21.000       22.000
   415:       21.000       22.000       21.000       22.000       21.000
   420:       22.000       21.000       22.000       21.000       22.000
   425:       21.000       22.000       21.000       22.000       19.000
   430:       11.000        2.000        4.000       22.000       24.000
   435:       12.000       21.000       22.000       21.000       22.000
   440:       21.000       22.000       21.000       22.000       21.000
   445:       22.000       21.000       22.000       21.000       22.000
   450:       21.000       22.000       21.000       22.000       21.000
   455:       22.000       21.000       22.000       21.000       22.000
   460:       19.000       11.000        2.000        4.000       22.000
   465:       24.000       12.000       21.000       22.000       19.000
   470:       11.000        1.000        6.000        6.000        6.000
   475:        6.000        2.000        4.000       22.000       24.000
   480:       12.000       21.000       22.000       19.000       11.000
   485:        6.000        2.000        4.000       22.000       24.000
   490:       12.000       21.000       22.000        6.000        6.000
   495:        6.000        6.000       19.000       11.000        6.000
   500:        6.000        6.000        6.000        6.000        6.000
   505:        6.000        6.000        6.000        6.000        6.000
   510:        6.000        6.000        1.000        1.000        1.000
   515:        1.000        1.000        1.000        6.000        6.000
   520:        2.000        4.000       22.000       24.000       12.000
   525:       20.000       19.000       11.000        6.000        2.000
   530:        4.000       22.000       24.000       12.000       21.000
   535:       22.000       21.000       22.000       19.000       11.000
   540:        1.000        1.000        1.000        1.000        1.000
   545:        6.000        6.000        6.000        6.000        2.000
   550:        4.000       22.000       24.000       12.000       21.000
   555:       22.000       19.000       11.000        2.000        4.000
   560:       22.000       24.000       12.000       21.000       22.000
   565:        6.000       19.000       11.000        6.000        1.000
   570:        2.000        4.000       22.000       24.000       12.000
   575:       19.000       11.000        6.000        6.000        6.000
   580:        6.000        6.000        6.000        2.000        4.000
   585:       22.000       24.000       12.000       21.000       22.000
   590:       19.000       11.000        6.000        6.000        6.000
   595:        6.000        2.000        4.000       22.000       24.000
   600:       12.000       21.000       22.000       21.000       22.000
   605:       19.000       11.000        6.000        6.000        6.000
   610:        6.000        6.000        6.000        2.000        4.000
   615:       22.000       24.000       12.000       21.000       22.000
   620:       21.000       22.000       21.000       22.000       21.000
   625:       22.000       21.000       22.000       21.000       22.000
   630:       19.000       11.000        6.000        6.000        1.000
   635:        1.000        1.000        1.000        6.000        6.000
   640:        6.000        6.000        6.000        6.000        6.000
   645:        6.000        6.000        6.000        1.000        1.000
   650:        1.000        1.000        1.000        1.000        2.000
   655:        4.000       22.000       24.000       12.000       19.000
   660:       11.000        6.000        6.000        6.000        6.000
   665:        6.000        6.000        6.000        2.000        4.000
   670:       22.000       24.000       12.000       21.000       22.000
   675:       21.000       22.000       21.000       22.000       21.000
   680:       22.000        6.000        6.000        6.000        6.000
   685:        6.000        6.000        6.000        6.000        6.000
   690:        6.000       19.000       11.000        6.000        6.000
   695:        6.000        6.000        6.000        6.000        6.000
   700:        2.000        4.000       22.000       24.000       12.000
   705:       19.000       11.000        2.000        4.000       22.000
   710:       24.000       12.000       19.000       11.000        2.000
   715:        4.000       22.000       24.000       12.000       21.000
   720:       22.000       21.000       22.000       21.000       22.000
   725:       21.000       22.000       21.000       22.000       21.000
   730:       22.000       19.000       11.000        6.000        6.000
   735:        6.000        6.000        6.000        6.000        6.000
   740:        2.000        4.000       22.000       24.000       12.000
   745:       21.000       22.000       21.000       22.000       19.000
   750:       11.000        6.000        6.000        6.000        6.000
   755:        6.000        6.000        6.000        6.000        6.000
   760:        1.000        2.000        4.000       22.000       24.000
   765:       12.000       19.000       11.000        2.000        4.000
   770:       22.000       24.000       12.000       19.000       11.000
   775:        6.000        6.000        6.000        6.000        6.000
   780:        6.000        6.000        6.000        6.000        6.000
   785:        6.000        6.000        6.000        6.000        6.000
   790:        6.000        6.000        6.000        6.000        6.000
   795:        6.000        6.000        6.000        6.000        6.000
   800:        6.000        6.000        6.000        6.000        6.000
   805:        6.000        6.000        6.000        6.000        6.000
   810:        6.000        6.000        6.000        6.000        6.000
   815:        6.000        6.000        6.000        6.000        6.000
   820:        6.000        6.000        6.000        6.000        6.000
   825:        6.000        6.000        6.000        6.000        6.000
   830:        6.000        6.000        6.000        6.000        6.000
   835:        6.000        6.000        6.000        2.000        4.000
   840:       22.000       24.000       12.000       21.000       22.000
   845:       19.000       11.000        2.000        4.000       22.000
   850:       24.000       12.000       21.000       22.000       21.000
   855:       22.000       21.000       22.000       21.000       22.000
   860:       21.000       22.000       19.000       11.000        2.000
   865:        4.000       22.000       24.000       12.000       21.000
   870:       22.000       21.000       22.000       21.000       22.000
   875:       19.000       11.000        6.000        6.000        2.000
   880:        4.000       22.000       24.000       12.000       19.000
   885:       11.000        1.000        2.000        4.000       22.000
   890:       24.000       12.000       19.000       11.000        6.000
   895:        6.000        6.000        6.000        6.000        6.000
   900:        6.000        6.000        2.000        4.000       22.000
   905:       24.000       12.000       21.000       22.000       21.000
   910:       22.000       19.000       11.000        6.000        6.000
   915:        2.000        4.000       22.000       24.000       12.000
   920:       21.000       22.000       21.000       22.000       21.000
   925:       22.000       21.000       22.000       21.000       22.000
   930:       19.000       11.000        2.000        4.000       22.000
   935:       24.000       12.000       19.000       11.000        6.000
   940:        6.000        6.000        6.000        6.000        6.000
   945:        6.000        1.000        1.000        1.000        1.000
   950:        1.000        1.000        1.000        1.000        6.000
   955:        6.000        6.000        6.000        6.000        6.000
   960:        6.000        6.000        6.000        6.000        2.000
   965:        4.000       22.000       24.000       12.000       21.000
   970:       22.000       19.000       11.000        6.000        6.000
   975:        6.000        6.000        6.000        6.000        6.000
   980:        6.000        6.000        6.000        6.000        6.000
   985:        6.000        6.000        6.000        6.000        6.000
   990:        6.000        6.000        6.000        6.000        6.000
   995:        6.000        6.000        6.000        6.000        6.000
  1000:        6.000        6.000        6.000        6.000        6.000
  1005:        6.000        6.000        6.000        6.000        6.000
  1010:        6.000        6.000        6.000        6.000        6.000
  1015:        6.000        6.000        6.000        6.000        6.000
  1020:        6.000        6.000        6.000        6.000        6.000
  1025:        6.000        6.000        6.000        6.000        6.000
  1030:        6.000        6.000        6.000        6.000        6.000
  1035:        6.000        6.000        6.000        6.000        6.000
  1040:        6.000        6.000        6.000        6.000        6.000
  1045:        6.000        6.000        6.000        6.000        6.000
  1050:        6.000        6.000        6.000        6.000        6.000
  1055:        6.000        6.000        6.000        6.000        6.000
  1060:        6.000        6.000        6.000        6.000        6.000
  1065:        6.000        6.000        6.000        6.000        6.000
  1070:        6.000        6.000        6.000        6.000        6.000
  1075:        6.000        6.000        6.000        6.000        6.000
  1080:        6.000        6.000        6.000        6.000        6.000
  1085:        2.000        4.000       22.000       24.000       12.000
  1090:       21.000       22.000        6.000        6.000        6.000
  1095:        6.000       21.000       22.000       21.000       22.000
  1100:       21.000       22.000       21.000       22.000       19.000
  1105:       11.000        1.000        6.000        6.000        6.000
  1110:        6.000        6.000        1.000        1.000        1.000
  1115:        1.000        1.000        1.000        2.000        4.000
  1120:       22.000       24.000       12.000       21.000       22.000
  1125:       19.000       11.000        2.000        4.000       22.000
  1130:       24.000       12.000        6.000        6.000        6.000
  1135:        6.000        6.000        6.000        6.000        6.000
  1140:        6.000        6.000        6.000        6.000       19.000
  1145:       11.000        6.000        6.000        2.000        4.000
  1150:       22.000       24.000       12.000       21.000       22.000
  1155:       19.000       11.000        1.000        6.000        6.000
  1160:        6.000        6.000        6.000        6.000        2.000
  1165:        4.000       22.000       24.000       12.000        6.000
  1170:        6.000        6.000        6.000        6.000       19.000
  1175:       11.000        6.000        6.000        6.000        6.000
  1180:        6.000        6.000        6.000        6.000        1.000
  1185:        2.000        4.000       22.000       24.000       12.000
  1190:        6.000        6.000        6.000       20.000       19.000
  1195:       11.000        1.000        1.000        1.000        1.000
  1200:        1.000        1.000        1.000        2.000        4.000
  1205:       22.000       24.000       12.000        6.000        6.000
  1210:       19.000       11.000        6.000        6.000        6.000
  1215:        6.000        2.000        4.000       22.000       24.000
  1220:       12.000       19.000       11.000        2.000        4.000
  1225:       22.000       24.000       12.000       19.000       11.000
  1230:        2.000        4.000       22.000       24.000       12.000
  1235:       19.000       11.000        6.000        6.000        6.000
  1240:        6.000        6.000        6.000        6.000        2.000
  1245:        4.000       22.000       24.000       12.000       19.000
  1250:       11.000        1.000        2.000        4.000       22.000
  1255:       24.000       12.000        6.000       19.000       11.000
  1260:        6.000        6.000        6.000        6.000        6.000
  1265:        6.000        6.000        6.000        6.000        2.000
  1270:        4.000       22.000       24.000       12.000       21.000
  1275:       22.000       21.000       22.000       21.000       22.000
  1280:       21.000       22.000       21.000       22.000       21.000
  1285:       22.000       21.000       22.000       19.000       11.000
  1290:        2.000        4.000       22.000       24.000       12.000
  1295:       21.000       22.000        6.000       19.000       11.000
  1300:        6.000        2.000        4.000       22.000       24.000
  1305:       12.000       21.000       22.000        6.000       19.000
  1310:       11.000        6.000        6.000        6.000        6.000
  1315:        6.000        6.000        6.000        1.000        1.000
  1320:        1.000        1.000        1.000        1.000        1.000
  1325:        1.000        1.000        1.000        1.000        1.000
  1330:        1.000        2.000        4.000       22.000       24.000
  1335:       12.000       19.000       11.000        2.000        4.000
  1340:       22.000       24.000       12.000       19.000       11.000
  1345:        6.000        6.000        6.000        6.000        6.000
  1350:        6.000        6.000        6.000        6.000        6.000
  1355:        6.000        6.000        6.000        6.000        6.000
  1360:        6.000        6.000        6.000        6.000        6.000
  1365:        6.000        6.000        6.000        6.000        6.000
  1370:        6.000        6.000        6.000        6.000        6.000
  1375:        6.000        6.000        6.000        6.000        6.000
  1380:        6.000        6.000        6.000        6.000        6.000
  1385:        6.000        6.000        6.000        6.000        6.000
  1390:        6.000        6.000        6.000        6.000        6.000
  1395:        6.000        6.000        6.000        6.000        6.000
  1400:        6.000        6.000        6.000        6.000        6.000
  1405:        6.000        6.000        6.000        6.000        6.000
  1410:        6.000        6.000        6.000        6.000        6.000
  1415:        6.000        6.000        6.000        6.000        6.000
  1420:        6.000        6.000        6.000        2.000        4.000
  1425:       22.000       24.000       12.000       19.000       11.000
  1430:        2.000        4.000       22.000       24.000       12.000
  1435:       21.000       22.000       19.000       11.000        2.000
  1440:        4.000       22.000       24.000       12.000       19.000
  1445:       11.000        1.000        6.000        6.000        6.000
  1450:        2.000        4.000       22.000       24.000       12.000
  1455:       19.000       11.000        6.000        6.000        6.000
  1460:        2.000        4.000       22.000       24.000       12.000
  1465:       19.000       11.000        6.000        6.000        6.000
  1470:        6.000        6.000        6.000        6.000        6.000
  1475:      100.000
T:
     0:        0.000        0.000        0.000        0.000        4.110
     5:        4.430        4.860        7.780        8.180       15.280
    10:       15.280       15.280       15.290       15.290       24.790
    15:       25.280       25.290       44.370      102.080      102.250
    20:      102.790      104.590      105.370      113.630      113.630
    25:      113.630      113.640      113.640      114.240      114.240
    30:      116.660      116.660      116.780      116.780      117.020
    35:      117.020      117.220      117.220      121.610      123.630
    40:      123.640      139.020      145.290      145.290      145.290
    45:      145.300      145.300      149.630      149.630      149.990
    50:      150.960      151.620      152.190      152.350      152.780
    55:      155.290      155.300      160.000      199.780      201.940
    60:      203.480      247.270      247.370      247.730      248.190
    65:      248.210      248.520      249.420      251.800      251.800
    70:      251.800      251.810      251.810      252.390      252.390
    75:      252.500      252.500      253.560      253.560      260.850
    80:      261.800      261.810      367.420      446.100      448.600
    85:      603.100      603.590      606.320      606.320      606.320
    90:      606.330      606.330      609.280      609.280      609.620
    95:      609.620      609.870      609.870      616.320      616.330
   100:      619.130      621.720      622.020      622.230      623.240
   105:      623.530      623.740      624.080      624.220      624.600
   110:      625.020      625.130      625.730      626.440      626.560
   115:      627.190      627.310      627.460      627.540      627.680
   120:      627.810      627.950      628.290      628.420      628.560
   125:      628.710      629.220      629.380      630.260      630.600
   130:      631.080      632.440      632.620      632.650      634.060
   135:      634.130      635.080      635.200      635.590      637.560
   140:      638.110      640.000      640.000      640.000      640.010
   145:      640.010      650.000      650.010      655.780      655.780
   150:      655.780      655.790      655.790      656.280      656.280
   155:      656.450      656.450      658.990      659.260      665.780
   160:      665.790      692.600      697.900      731.480      841.520
   165:      841.740      842.600      851.840      851.840      851.840
   170:      851.850      851.850      852.620      852.620      852.840
   175:      852.840      861.840      861.850      871.600      919.410
   180:      920.110      921.830      922.430     1015.010     1015.070
   185:     1015.130     1015.210     1015.750     1016.600     1019.450
   190:     1019.830     1019.980     1023.410     1023.750     1023.830
   195:     1024.630     1024.900     1025.260     1025.670     1026.230
   200:     1027.890     1028.210     1028.380     1028.570     1028.600
   205:     1032.500     1033.300     1033.350     1033.490     1033.680
   210:     1034.590     1036.650     1036.970     1037.050     1038.080
   215:     1038.160     1066.720     1066.720     1066.720     1066.730
   220:     1066.730     1066.950     1066.950     1076.720     1076.730
   225:     1268.500     1268.800     1268.930     1270.600     1274.180
   230:     1274.280     1274.430     1274.470     1274.560     1275.030
   235:     1275.540     1275.880     1289.610     1290.850     1293.250
   240:     1294.070     1294.300     1294.510     1295.150     1295.250
   245:     1296.320     1296.400     1298.840     1299.310     1299.350
   250:     1299.670     1300.230     1300.270     1304.610     1305.210
   255:     1386.500     1386.500     1386.500     1386.510     1386.510
   260:     1390.100     1390.250     1396.500     1396.510     1437.690
   265:     1437.690     1437.690     1437.700     1437.700     1437.900
   270:     1437.900     1438.140     1438.140     1440.870     1441.440
   275:     1441.640     1441.780     1442.310     1444.300     1447.690
   280:     1447.700     1457.900     1490.990     1490.990     1490.990
   285:     1491.000     1491.000     1492.020     1492.020     1492.360
   290:     1492.360     1494.940     1494.940     1500.990     1501.000
   295:     1518.570     1519.140     1520.790     1534.580     1548.250
   300:     1555.330     1555.330     1555.330     1555.340     1555.340
   305:     1565.330     1565.340     1584.860     1590.730     1722.230
   310:     1756.290     1759.680     1760.330     1761.580     1857.200
   315:     1857.200     1857.200     1857.210     1857.210     1858.210
   320:     1858.210     1858.550     1858.550     1867.200     1867.210
   325:     1869.470     1870.680     1919.610     1919.650     1919.830
   330:     1923.840     2049.840     2050.190     2051.070     2051.140
   335:     2051.820     2054.580     2054.780     2055.490     2055.680
   340:     2056.670     2058.180     2060.720     2061.150     2103.840
   345:     2103.840     2103.840     2103.850     2103.850     2109.080
   350:     2109.080     2113.840     2113.850     2184.080     2184.280
   355:     2185.930     2253.090     2254.900     2284.100     2308.150
   360:     2308.570     2308.930     2309.030     2309.920     2444.170
   365:     2444.500     2444.700     2447.800     2488.600     2488.600
   370:     2488.600     2488.610     2488.610     2496.370     2496.370
   375:     2498.600     2498.610     2502.140     2502.140     2502.140
   380:     2502.150     2502.150     2502.480     2502.480     2502.750
   385:     2502.750     2502.960     2502.960     2503.070     2503.070
   390:     2504.610     2504.610     2504.850     2504.850     2506.510
   395:     2506.510     2506.790     2506.790     2512.140     2512.150
   400:     2518.500     2518.500     2518.500     2518.510     2518.510
   405:     2518.820     2518.820     2520.030     2520.030     2520.080
   410:     2520.080     2520.820     2520.820     2521.000     2521.000
   415:     2521.460     2521.460     2523.100     2523.100     2523.390
   420:     2523.390     2523.660     2523.660     2525.920     2525.920
   425:     2526.260     2526.260     2527.380     2527.380     2528.500
   430:     2528.510     2529.770     2529.770     2529.770     2529.780
   435:     2529.780     2530.070     2530.070     2530.540     2530.540
   440:     2531.390     2531.390     2532.040     2532.040     2534.830
   445:     2534.830     2535.520     2535.520     2535.860     2535.860
   450:     2536.950     2536.950     2537.340     2537.340     2538.730
   455:     2538.730     2539.100     2539.100     2539.510     2539.510
   460:     2539.770     2539.780     2542.050     2542.050     2542.050
   465:     2542.060     2542.060     2542.700     2542.700     2552.050
   470:     2552.060     2696.740     2703.010     2703.410     2703.650
   475:     2703.710     2745.810     2745.810     2745.810     2745.820
   480:     2745.820     2749.700     2749.700     2755.810     2755.820
   485:     2793.730     2813.440     2813.440     2813.440     2813.450
   490:     2813.450     2815.890     2815.890     2818.200     2821.940
   495:     2821.960     2822.180     2823.440     2823.450     2825.760
   500:     2854.820     2854.870     2855.190     2858.420     2861.040
   505:     2861.220     2861.810     2861.960     2863.470     2863.620
   510:     2868.630     2869.520     2904.730     2909.770     2911.470
   515:     2911.700     2912.510     2912.880     2949.100     2953.800
   520:     2973.520     2973.520     2973.520     2973.530     2973.530
   525:     2982.280     2983.520     2983.530     3080.000     3106.270
   530:     3106.270     3106.270     3106.280     3106.280     3107.110
   535:     3107.110     3107.820     3107.820     3116.270     3116.280
   540:     3203.330     3207.470     3212.220     3214.870     3216.520
   545:     3261.180     3261.640     3261.800     3262.310     3266.570
   550:     3266.570     3266.570     3266.580     3266.580     3275.960
   555:     3275.960     3276.570     3276.580     3277.560     3277.560
   560:     3277.560     3277.570     3277.570     3282.230     3282.230
   565:     3287.300     3287.560     3287.570     3287.610     3328.440
   570:     3338.720     3338.720     3338.720     3338.730     3338.730
   575:     3348.720     3348.730     3359.400     3366.200     3366.240
   580:     3367.210     3416.110     3416.350     3521.260     3521.260
   585:     3521.260     3521.270     3521.270     3522.150     3522.150
   590:     3531.260     3531.270     3597.610     3602.590     3603.490
   595:     3604.930     3617.410     3617.410     3617.410     3617.420
   600:     3617.420     3617.840     3617.840     3618.200     3618.200
   605:     3627.410     3627.420     3685.460     3691.610     3691.820
   610:     3692.230     3692.330     3693.270     3725.600     3725.600
   615:     3725.600     3725.610     3725.610     3727.990     3727.990
   620:     3728.800     3728.800     3731.380     3731.380     3733.470
   625:     3733.470     3733.660     3733.660     3733.870     3733.870
   630:     3735.600     3735.610     3744.040     3747.730     3759.880
   635:     3897.250     3992.660     4052.770     4063.330     4063.990
   640:     4064.860     4196.520     4196.760     4368.310     4368.360
   645:     4370.600     4408.850     4412.540     4470.450     4473.980
   650:     4474.760     4474.950     4475.670     4477.550     4641.740
   655:     4641.740     4641.740     4641.750     4641.750     4651.740
   660:     4651.750     4658.480     4658.700     4658.830     4658.930
   665:     4659.270     4659.310     4659.790     4679.320     4679.320
   670:     4679.320     4679.330     4679.330     4679.950     4679.950
   675:     4680.050     4680.050     4681.770     4681.770     4681.970
   680:     4681.970     4683.780     4683.870     4684.130     4684.240
   685:     4685.590     4686.100     4687.950     4688.000     4688.770
   690:     4688.890     4689.320     4689.330     4689.380     4689.510
   695:     4689.620     4690.500     4692.880     4693.060     4693.460
   700:     4791.240     4791.240     4791.240     4791.250     4791.250
   705:     4801.240     4801.250     4852.120     4852.120     4852.120
   710:     4852.130     4852.130     4862.120     4862.130     4929.590
   715:     4929.590     4929.590     4929.600     4929.600     4930.380
   720:     4930.380     4931.510     4931.510     4932.010     4932.010
   725:     4934.440     4934.440     4934.620     4934.620     4936.530
   730:     4936.530     4939.590     4939.600     4946.960     4947.020
   735:     4947.200     4953.490     4957.420     4958.990     4959.810
   740:     5003.760     5003.760     5003.760     5003.770     5003.770
   745:     5006.180     5006.180     5006.900     5006.900     5013.760
   750:     5013.770     5026.020     5026.100     5026.240     5026.320
   755:     5056.720     5056.790     5058.490     5062.660     5062.880
   760:     5112.020     5170.400     5170.400     5170.400     5170.410
   765:     5170.410     5180.400     5180.410     5248.900     5248.900
   770:     5248.900     5248.910     5248.910     5258.900     5258.910
   775:     5332.720     5332.870     5333.800     5333.850     5333.890
   780:     5333.940     5338.860     5340.020     5340.300     5354.080
   785:     5354.450     5354.760     5354.840     5355.470     5355.920
   790:     5357.280     5360.620     5364.920     5365.450     5366.010
   795:     5367.960     5368.670     5368.840     5369.900     5370.020
   800:     5370.120     5370.210     5370.810     5371.050     5371.140
   805:     5371.300     5371.440     5371.520     5371.560     5372.980
   810:     5373.500     5373.770     5374.490     5374.580     5375.110
   815:     5375.350     5375.490     5375.790     5376.110     5376.720
   820:     5377.140     5377.480     5378.270     5378.840     5378.980
   825:     5379.300     5379.530     5381.410     5381.840     5385.760
   830:     5386.080     5386.380     5386.570     5386.870     5388.490
   835:     5388.680     5388.790     5393.090     5520.250     5520.250
   840:     5520.250     5520.260     5520.260     5525.410     5525.410
   845:     5530.250     5530.260     5535.620     5535.620     5535.620
   850:     5535.630     5535.630     5538.490     5538.490     5539.930
   855:     5539.930     5540.660     5540.660     5540.830     5540.830
   860:     5543.770     5543.770     5545.620     5545.630     5546.050
   865:     5546.050     5546.050     5546.060     5546.060     5546.190
   870:     5546.190     5546.740     5546.740     5548.240     5548.240
   875:     5556.050     5556.060     5767.870     5767.940     5775.720
   880:     5775.720     5775.720     5775.730     5775.730     5785.720
   885:     5785.730     5796.480     5966.010     5966.010     5966.010
   890:     5966.020     5966.020     5976.010     5976.020     6003.810
   895:     6003.930     6004.400     6004.510     6006.630     6008.550
   900:     6008.940     6009.020     6071.530     6071.530     6071.530
   905:     6071.540     6071.540     6075.870     6075.870     6076.110
   910:     6076.110     6081.530     6081.540     6306.540     6307.320
   915:     6335.970     6335.970     6335.970     6335.980     6335.980
   920:     6340.740     6340.740     6340.930     6340.930     6341.290
   925:     6341.290     6344.490     6344.490     6345.920     6345.920
   930:     6345.970     6345.980     6346.120     6346.120     6346.120
   935:     6346.130     6346.130     6356.120     6356.130     6362.230
   940:     6362.420     6365.460     6365.930     6367.200     6367.700
   945:     6369.000     6486.480     6486.620     6487.860     6488.030
   950:     6490.340     6493.090     6495.160     6497.600     6618.280
   955:     6618.710     6618.780     6620.370     6621.440     6621.630
   960:     6622.200     6740.070     6740.630     6740.780     6770.460
   965:     6770.460     6770.460     6770.470     6770.470     6770.570
   970:     6770.570     6780.460     6780.470     6793.180     6794.460
   975:     6795.850     6796.810     6798.880     6799.970     6800.010
   980:     6801.470     6802.250     6803.530     6803.740     6803.920
   985:     6806.010     6806.330     6806.630     6807.060     6808.030
   990:     6808.370     6808.610     6810.390     6811.530     6812.790
   995:     6813.470     6813.850     6816.170     6819.280     6820.850
  1000:     6822.770     6823.640     6823.710     6828.330     6828.410
  1005:     6828.740     6830.660     6831.290     6831.440     6831.880
  1010:     6832.630     6838.640     6840.800     6840.920     6840.970
  1015:     6841.060     6841.130     6842.190     6842.310     6842.760
  1020:     6843.100     6843.180     6843.320     6843.800     6843.880
  1025:     6843.990     6844.390     6844.470     6845.070     6845.550
  1030:     6847.150     6847.450     6848.140     6848.740     6849.100
  1035:     6849.220     6849.570     6849.720     6849.820     6849.930
  1040:     6850.090     6850.200     6850.380     6850.620     6851.020
  1045:     6851.150     6851.330     6851.580     6851.980     6853.070
  1050:     6853.460     6864.660     6864.730     6864.830     6864.920
  1055:     6865.100     6865.320     6865.450     6866.240     6866.340
  1060:     6866.590     6871.930     6872.040     6872.350     6872.430
  1065:     6873.450     6873.550     6874.510     6874.570     6874.630
  1070:     6890.550     6890.940     6892.290     6892.930     6898.120
  1075:     6898.820     6898.950     6899.260     6899.370     6899.530
  1080:     6899.830     6900.230     6902.590     6903.620     6904.000
  1085:     6907.220     6907.220     6907.220     6907.230     6907.230
  1090:     6909.300     6909.300     6910.500     6910.730     6910.800
  1095:     6911.100     6914.680     6914.680     6916.220     6916.220
  1100:     6916.490     6916.490     6917.050     6917.050     6917.220
  1105:     6917.230     7094.960     7243.790     7244.240     7244.350
  1110:     7244.460     7245.750     7267.110     7278.200     7287.930
  1115:     7291.540     7295.450     7296.560     7316.850     7316.850
  1120:     7316.850     7316.860     7316.860     7325.090     7325.090
  1125:     7326.850     7326.860     7327.080     7327.080     7327.080
  1130:     7327.090     7327.090     7330.920     7331.150     7333.310
  1135:     7333.590     7333.860     7333.950     7334.950     7335.260
  1140:     7335.300     7335.510     7335.540     7336.830     7337.080
  1145:     7337.090     7337.110     7429.920     7526.360     7526.360
  1150:     7526.360     7526.370     7526.370     7528.190     7528.190
  1155:     7536.360     7536.370     7588.700     8007.940     8010.640
  1160:     8010.960     8011.040     8011.110     8011.680     8024.910
  1165:     8024.910     8024.910     8024.920     8024.920     8029.340
  1170:     8029.540     8032.570     8032.680     8034.490     8034.910
  1175:     8034.920     8035.250     8035.490     8035.590     8102.270
  1180:     8104.460     8108.210     8108.590     8121.800     8244.060
  1185:     8263.810     8263.810     8263.810     8263.820     8263.820
  1190:     8265.710     8265.760     8266.100     8271.550     8273.810
  1195:     8273.820     8274.200     8274.350     8275.560     8388.030
  1200:     8452.080     8452.580     8453.680     8470.610     8470.610
  1205:     8470.610     8470.620     8470.620     8478.410     8479.610
  1210:     8480.610     8480.620     8509.120     8509.330     8552.990
  1215:     8554.140     8560.460     8560.460     8560.460     8560.470
  1220:     8560.470     8570.460     8570.470     8581.480     8581.480
  1225:     8581.480     8581.490     8581.490     8591.480     8591.490
  1230:     8715.710     8715.710     8715.710     8715.720     8715.720
  1235:     8725.710     8725.720     8726.290     8726.840     8740.690
  1240:     8740.820     8743.260     8751.110     8756.170     8761.460
  1245:     8761.460     8761.460     8761.470     8761.470     8771.460
  1250:     8771.470     8942.070     9062.180     9062.180     9062.180
  1255:     9062.190     9062.190     9067.970     9072.180     9072.190
  1260:     9111.290     9111.460     9115.360     9115.550     9116.430
  1265:     9116.580     9116.900     9117.000     9117.140     9140.420
  1270:     9140.420     9140.420     9140.430     9140.430     9140.690
  1275:     9140.690     9141.020     9141.020     9142.840     9142.840
  1280:     9143.130     9143.130     9143.460     9143.460     9144.510
  1285:     9144.510     9146.890     9146.890     9150.420     9150.430
  1290:     9160.600     9160.600     9160.600     9160.610     9160.610
  1295:     9160.820     9160.820     9169.410     9170.600     9170.610
  1300:     9174.370     9178.870     9178.870     9178.870     9178.880
  1305:     9178.880     9178.970     9178.970     9187.850     9188.870
  1310:     9188.880     9193.130     9195.660     9196.200     9217.730
  1315:     9219.340     9220.930     9221.010     9312.560     9313.450
  1320:     9314.210     9318.410     9318.530     9321.200     9322.890
  1325:     9326.500     9328.840     9332.410     9333.960     9334.310
  1330:     9337.030     9381.010     9381.010     9381.010     9381.020
  1335:     9381.020     9391.010     9391.020     9406.790     9406.790
  1340:     9406.790     9406.800     9406.800     9416.790     9416.800
  1345:     9753.560     9753.770     9754.850     9756.920     9757.010
  1350:     9758.480     9762.210     9762.350     9762.480     9762.780
  1355:     9762.820     9762.970     9763.730     9763.820     9763.850
  1360:     9763.960     9764.370     9764.480     9765.520     9766.770
  1365:     9768.980     9769.200     9773.970     9774.380     9774.690
  1370:     9775.460     9776.890     9777.130     9777.290     9777.550
  1375:     9779.930     9779.990     9780.100     9781.610     9782.130
  1380:     9782.570     9782.640     9782.760     9782.970     9783.020
  1385:     9786.250     9786.550     9787.940     9788.880     9788.950
  1390:     9789.130     9789.220     9790.850     9791.260     9791.430
  1395:     9791.800     9794.120     9794.360     9794.930     9795.180
  1400:     9796.400     9796.470     9797.000     9797.360     9797.970
  1405:     9798.370     9798.560     9798.930     9800.230     9800.310
  1410:     9800.530     9800.610     9800.750     9801.040     9801.120
  1415:     9801.820     9805.770     9805.830     9806.160     9806.230
  1420:     9807.210     9807.250     9807.340     9824.960     9824.960
  1425:     9824.960     9824.970     9824.970     9834.960     9834.970
  1430:     9939.050     9939.050     9939.050     9939.060     9939.060
  1435:     9941.810     9941.810     9949.050     9949.060    10021.560
  1440:    10021.560    10021.560    10021.570    10021.570    10031.560
  1445:    10031.570    10068.660    10237.170    10237.770    10402.230
  1450:    10565.060    10565.060    10565.060    10565.070    10565.070
  1455:    10575.060    10575.070    10583.020    10583.100    10583.430
  1460:    10629.890    10629.890    10629.890    10629.900    10629.900
  1465:    10639.890    10639.900    10748.470    10748.560    10748.880
  1470:    10749.100    10749.230    10760.130    10766.040    10766.450
  1475:    10800.000
