File: C:\MED-PC\Data\2024-11-04_16h14m_Subject 49.txt


Start Date: 11/04/24
End Date: 11/04/24
Subject: 49
Experiment: OralFentSA
Group: One
Box: 5
Start Time: 16:14:10
End Time: 19:15:40
MSN: 20241014_Golden_Liq_SelfAdmin
F:       0.000
G:     859.000
H:   10800.000
I:       0.000
J:       0.000
K:       0.000
L:       0.000
M:       0.000
N:       0.000
O:       0.000
P:       0.000
Q:       0.000
R:       0.000
S:       0.000
U:       0.000
V:       0.000
W:       0.000
X:       0.000
Y:       0.000
Z:       0.000
A:
     0:        0.000        0.000      180.000        4.000        0.000
     5:        5.000        0.000        5.000        0.000        0.000
    10:        1.000        0.000       10.000   100000.000       27.000
    15:       11.000      640.000        0.000        0.000        0.000
    20:        0.000
B:
     0:        0.000        0.000        0.000      400.000        0.000
     5:      500.000        0.000      500.000        0.000        0.000
    10:        0.000        0.000     1000.000 10000000.000        0.000
    15:        0.000        0.000        0.000        0.000        0.000
    20:        0.000
C:
     0:       34.000       35.000       25.000       56.000      310.000
     5:    10565.440       46.150       31.000      488.740       15.766
    10:       56.000       25.000        0.000        0.000        0.000
    15:        0.000        0.000        0.000        0.000        0.000
    20:        0.000
D:
     0:       11.180        4.570        0.830        5.450        6.730
     5:        0.410        5.940       11.340        2.450        3.300
    10:        1.650       53.540       15.690       13.030       17.610
    15:       13.290        7.150      130.740        7.440       10.210
    20:        7.670        2.660        4.380        8.700        4.470
    25:       20.660       13.310       24.640       21.320       12.230
    30:       46.150
E:
     0:       19.000       11.000       26.000       27.000        6.000
     5:        1.000        1.000        1.000        1.000        2.000
    10:        4.000       22.000       24.000       12.000       13.000
    15:        8.000        5.000       17.000       18.000       14.000
    20:       10.000       21.000       22.000       21.000       22.000
    25:       21.000       22.000       21.000       22.000       19.000
    30:       11.000        6.000        6.000        1.000        2.000
    35:        4.000       22.000       24.000       12.000       13.000
    40:        8.000        5.000       17.000       21.000       22.000
    45:       21.000       22.000       18.000        6.000       14.000
    50:       10.000        6.000       19.000       11.000        2.000
    55:        4.000       22.000       24.000       12.000       13.000
    60:        8.000        5.000       17.000        6.000       18.000
    65:       14.000       10.000       19.000       11.000        1.000
    70:        1.000        6.000        2.000        4.000       22.000
    75:       24.000       12.000       13.000        8.000        5.000
    80:       17.000       21.000       22.000       21.000       22.000
    85:       21.000       22.000       21.000       22.000       18.000
    90:       21.000       22.000       21.000       22.000       14.000
    95:       10.000        6.000       19.000       11.000        2.000
   100:        4.000       22.000       24.000       12.000       13.000
   105:        8.000        5.000       17.000       18.000       14.000
   110:       10.000        6.000       19.000       11.000        6.000
   115:        6.000        6.000        6.000        1.000        1.000
   120:        1.000        1.000        2.000        4.000       22.000
   125:       24.000       12.000       13.000        8.000        5.000
   130:       17.000        6.000       18.000       14.000       10.000
   135:       19.000       11.000        2.000        4.000       22.000
   140:       24.000       12.000       13.000        8.000        5.000
   145:       17.000       21.000       22.000       21.000       22.000
   150:       21.000       22.000       21.000       22.000       18.000
   155:       14.000       10.000        6.000       19.000       11.000
   160:        6.000        2.000        4.000       22.000       24.000
   165:       12.000       13.000        8.000        5.000       17.000
   170:       18.000       14.000       10.000       19.000       11.000
   175:        2.000        4.000       22.000       24.000       12.000
   180:       13.000        8.000        5.000       17.000       18.000
   185:       14.000       10.000       19.000       11.000        6.000
   190:        2.000        4.000       22.000       24.000       12.000
   195:       13.000        8.000        5.000       17.000        6.000
   200:       18.000       14.000       10.000        6.000       19.000
   205:       11.000        1.000        2.000        4.000       22.000
   210:       24.000       12.000       13.000        8.000        5.000
   215:       17.000        6.000       18.000       14.000       10.000
   220:       19.000       11.000        2.000        4.000       22.000
   225:       24.000       12.000       13.000        8.000        5.000
   230:       17.000        6.000       18.000       14.000       10.000
   235:       19.000       11.000        2.000        4.000       22.000
   240:       24.000       12.000       13.000        8.000        5.000
   245:       17.000       18.000       14.000       10.000       19.000
   250:       11.000        6.000        6.000        2.000        4.000
   255:       22.000       24.000       12.000       13.000        8.000
   260:        5.000       17.000       18.000       14.000       10.000
   265:       19.000       11.000        6.000        2.000        4.000
   270:       22.000       24.000       12.000       13.000        8.000
   275:        5.000       17.000       21.000       22.000       18.000
   280:       14.000       10.000       19.000       11.000        6.000
   285:        6.000        6.000        6.000        6.000        6.000
   290:        6.000        1.000        6.000        6.000        2.000
   295:        4.000       22.000       24.000       12.000       13.000
   300:        8.000        5.000       17.000       18.000       14.000
   305:       10.000       19.000       11.000        6.000        6.000
   310:        6.000        6.000        6.000        6.000        6.000
   315:        6.000        6.000        6.000        6.000        6.000
   320:        6.000        6.000        6.000        6.000        6.000
   325:        6.000        6.000        6.000        6.000        6.000
   330:        6.000        6.000        6.000        6.000        6.000
   335:        6.000        6.000        6.000        6.000        6.000
   340:        6.000        6.000        6.000        6.000        6.000
   345:        6.000        6.000        6.000        6.000        6.000
   350:        6.000        6.000        6.000        6.000        6.000
   355:        6.000        6.000        6.000        6.000        6.000
   360:        6.000        6.000        6.000        6.000        6.000
   365:        6.000        6.000        6.000        6.000        6.000
   370:        6.000        6.000        6.000        6.000        6.000
   375:        6.000        6.000        6.000        6.000        6.000
   380:        6.000        1.000        6.000        6.000        6.000
   385:        6.000        6.000        6.000        2.000        4.000
   390:       22.000       24.000       12.000       13.000        8.000
   395:        5.000       17.000       18.000       14.000       10.000
   400:       19.000       11.000        6.000        6.000        6.000
   405:        6.000        6.000        6.000        6.000        6.000
   410:        1.000        6.000        1.000        6.000        6.000
   415:        6.000        6.000        6.000        6.000        6.000
   420:        1.000        6.000        6.000        6.000        6.000
   425:        6.000        6.000        6.000        6.000        6.000
   430:        6.000        6.000        6.000        6.000        6.000
   435:        6.000        6.000        6.000        6.000        2.000
   440:        4.000       22.000       24.000       12.000       13.000
   445:        8.000        5.000       17.000       18.000       14.000
   450:       10.000        6.000       19.000       11.000        6.000
   455:        6.000        6.000        6.000        6.000        6.000
   460:        6.000        6.000        2.000        4.000       22.000
   465:       24.000       12.000       13.000        8.000        5.000
   470:       17.000       18.000       14.000       10.000       19.000
   475:       11.000        6.000        1.000        6.000        6.000
   480:        6.000        6.000        6.000        6.000        6.000
   485:        6.000        6.000        6.000        6.000        6.000
   490:        6.000        6.000        6.000        6.000        6.000
   495:        6.000        6.000        2.000        4.000       22.000
   500:       24.000       12.000       13.000        8.000        5.000
   505:       17.000       18.000       14.000       10.000        6.000
   510:       19.000       11.000        6.000        6.000        6.000
   515:        6.000        6.000        6.000        6.000        6.000
   520:        6.000        6.000        6.000        6.000        6.000
   525:        6.000        6.000        6.000        6.000        6.000
   530:        6.000        6.000        6.000        6.000        6.000
   535:        6.000        6.000        6.000        6.000        6.000
   540:        6.000        6.000        6.000        6.000        6.000
   545:        2.000        4.000       22.000       24.000       12.000
   550:       13.000        8.000        5.000       17.000       18.000
   555:       14.000       10.000       19.000       11.000        6.000
   560:        6.000        6.000        6.000        6.000        6.000
   565:        6.000        6.000        6.000        6.000        6.000
   570:        6.000        6.000        6.000        6.000        6.000
   575:        6.000        6.000        6.000        6.000        6.000
   580:        6.000        6.000        6.000        6.000        6.000
   585:        6.000        6.000        6.000        1.000        1.000
   590:        6.000        6.000        6.000        2.000        4.000
   595:       22.000       24.000       12.000       13.000        8.000
   600:        5.000       17.000       18.000       14.000       10.000
   605:        6.000       19.000       11.000        2.000        4.000
   610:       22.000       24.000       12.000       13.000        8.000
   615:        5.000       17.000       21.000       22.000       18.000
   620:       14.000       10.000       19.000       11.000        2.000
   625:        4.000       22.000       24.000       12.000       13.000
   630:        8.000        5.000       17.000        6.000        6.000
   635:       18.000        6.000        6.000       14.000       10.000
   640:        6.000       19.000       11.000        2.000        4.000
   645:       22.000       24.000       12.000       13.000        8.000
   650:        5.000       17.000       21.000       22.000       18.000
   655:        6.000       14.000       10.000       19.000       11.000
   660:        2.000        4.000       22.000       24.000       12.000
   665:       13.000        8.000        5.000       17.000       21.000
   670:       22.000       18.000       14.000       10.000        6.000
   675:       19.000       11.000        2.000        4.000       22.000
   680:       24.000       12.000       13.000        8.000        5.000
   685:       17.000       18.000        6.000       14.000       10.000
   690:       19.000       11.000        2.000        4.000       22.000
   695:       24.000       12.000       13.000        8.000        5.000
   700:       17.000       21.000       22.000       18.000       14.000
   705:       10.000       19.000       11.000        6.000        6.000
   710:        6.000        6.000        6.000        6.000        6.000
   715:        6.000        6.000        6.000        6.000        6.000
   720:        1.000        1.000        6.000        6.000        6.000
   725:        6.000        6.000        6.000        6.000        6.000
   730:        6.000        6.000        6.000        1.000        6.000
   735:        2.000        4.000       22.000       24.000       12.000
   740:       13.000        8.000        5.000       17.000       18.000
   745:       14.000       10.000       19.000       11.000        6.000
   750:        6.000        6.000        6.000        6.000        6.000
   755:        6.000        6.000        1.000        1.000        6.000
   760:        6.000        6.000        2.000        4.000       22.000
   765:       24.000       12.000       13.000        8.000        5.000
   770:       17.000       18.000       14.000       10.000       19.000
   775:       11.000        6.000        6.000        6.000        6.000
   780:        6.000        6.000        6.000        6.000        6.000
   785:        6.000        6.000        6.000        6.000        6.000
   790:        6.000        6.000        6.000        6.000        6.000
   795:        2.000        4.000       22.000       24.000       12.000
   800:       13.000        8.000        5.000       17.000       18.000
   805:       14.000       10.000       19.000       11.000        6.000
   810:        2.000        4.000       22.000       24.000       12.000
   815:       13.000        8.000        5.000       17.000       21.000
   820:       22.000       18.000       14.000       10.000       19.000
   825:       11.000        6.000        6.000        2.000        4.000
   830:       22.000       24.000       12.000       13.000        8.000
   835:        5.000       17.000       18.000       14.000       10.000
   840:       19.000       11.000        6.000        6.000        6.000
   845:        2.000        4.000       22.000       24.000       12.000
   850:       13.000        8.000        5.000       17.000       18.000
   855:       14.000       10.000       19.000       11.000      100.000
T:
     0:        0.000        0.000        0.000        0.000        7.140
     5:       10.770       11.300       12.030       12.480       19.090
    10:       19.090       19.090       19.100       19.100       19.100
    15:       19.100       19.100       19.100       23.100       24.100
    20:       24.100       24.670       24.670       25.870       25.870
    25:       26.880       26.880       27.860       27.860       29.090
    30:       29.100       30.280       32.040       51.930      105.090
    35:      105.090      105.090      105.100      105.100      105.100
    40:      105.100      105.100      105.100      106.220      106.220
    45:      108.730      108.730      109.100      109.670      110.100
    50:      110.100      113.890      115.090      115.100      118.180
    55:      118.180      118.180      118.190      118.190      118.190
    60:      118.190      118.190      118.190      119.020      122.190
    65:      123.190      123.190      128.180      128.190      134.580
    70:      135.330      138.720      140.600      140.600      140.600
    75:      140.610      140.610      140.610      140.610      140.610
    80:      140.610      141.760      141.760      143.260      143.260
    85:      143.390      143.390      143.970      143.970      144.610
    90:      145.170      145.170      145.300      145.300      145.610
    95:      145.610      146.060      150.600      150.610      156.860
   100:      156.860      156.860      156.870      156.870      156.870
   105:      156.870      156.870      156.870      160.870      161.870
   110:      161.870      163.600      166.860      166.870      172.740
   115:      204.650      266.430      290.180      304.810      304.960
   120:      305.820      305.940      324.210      324.210      324.210
   125:      324.220      324.220      324.220      324.220      324.220
   130:      324.220      324.630      328.220      329.220      329.220
   135:      334.210      334.220      353.740      353.740      353.740
   140:      353.750      353.750      353.750      353.750      353.750
   145:      353.750      354.010      354.010      354.300      354.300
   150:      355.270      355.270      356.740      356.740      357.750
   155:      358.750      358.750      359.690      363.740      363.750
   160:      364.430      369.590      369.590      369.590      369.600
   165:      369.600      369.600      369.600      369.600      369.600
   170:      373.600      374.600      374.600      379.590      379.600
   175:      406.350      406.350      406.350      406.360      406.360
   180:      406.360      406.360      406.360      406.360      410.360
   185:      411.360      411.360      416.350      416.360      417.700
   190:      426.200      426.200      426.200      426.210      426.210
   195:      426.210      426.210      426.210      426.210      428.660
   200:      430.210      431.210      431.210      433.900      436.200
   205:      436.210      458.920      495.390      495.390      495.390
   210:      495.400      495.400      495.400      495.400      495.400
   215:      495.400      498.700      499.400      500.400      500.400
   220:      505.390      505.400      519.960      519.960      519.960
   225:      519.970      519.970      519.970      519.970      519.970
   230:      519.970      521.620      523.970      524.970      524.970
   235:      529.960      529.970      595.100      595.100      595.100
   240:      595.110      595.110      595.110      595.110      595.110
   245:      595.110      599.110      600.110      600.110      605.100
   250:      605.110      648.650      648.820      652.940      652.940
   255:      652.940      652.950      652.950      652.950      652.950
   260:      652.950      652.950      656.950      657.950      657.950
   265:      662.940      662.950      668.640      672.680      672.680
   270:      672.680      672.690      672.690      672.690      672.690
   275:      672.690      672.690      675.980      675.980      676.690
   280:      677.690      677.690      682.680      682.690      685.720
   285:      709.530      718.600      839.930      840.900      856.850
   290:      868.620      870.860      885.830      916.310      952.850
   295:      952.850      952.850      952.860      952.860      952.860
   300:      952.860      952.860      952.860      956.860      957.860
   305:      957.860      962.850      962.860      970.470      973.680
   310:      978.290      989.430     1012.680     1014.430     1018.610
   315:     1030.140     1043.920     1054.780     1055.240     1055.470
   320:     1056.380     1081.490     1116.060     1116.400     1116.890
   325:     1122.260     1122.320     1122.860     1129.080     1131.180
   330:     1133.600     1134.210     1137.120     1137.440     1154.630
   335:     1157.900     1177.900     1185.330     1208.230     1220.510
   340:     1226.330     1369.410     1372.280     1386.330     1391.790
   345:     1392.010     1398.240     1476.160     1530.680     1564.310
   350:     1597.950     1777.020     1879.660     1982.130     1984.150
   355:     1994.030     2003.260     2019.400     2029.180     2105.250
   360:     2116.470     2142.570     2186.890     2197.240     2316.250
   365:     2325.940     2330.780     2400.970     2401.010     2434.210
   370:     2446.190     2478.750     2496.570     2758.850     2813.770
   375:     3136.780     3137.670     3243.930     3266.580     3282.380
   380:     3333.920     3408.920     3435.390     3436.340     3455.350
   385:     3455.660     3461.890     3462.330     3491.480     3491.480
   390:     3491.480     3491.490     3491.490     3491.490     3491.490
   395:     3491.490     3491.490     3495.490     3496.490     3496.490
   400:     3501.480     3501.490     3504.780     3507.720     3516.760
   405:     3519.200     3544.140     3568.950     3578.890     3594.450
   410:     3599.280     3632.630     3764.920     3783.100     3801.160
   415:     3803.490     3913.260     4045.450     4073.310     4600.250
   420:     4922.140     4959.420     4995.840     5000.670     5006.230
   425:     5006.400     5012.970     5034.560     5034.800     5035.550
   430:     5041.150     5041.780     5042.590     5048.340     5048.560
   435:     5048.910     5048.960     5058.090     5065.540     5067.650
   440:     5067.650     5067.650     5067.660     5067.660     5067.660
   445:     5067.660     5067.660     5067.660     5071.660     5072.660
   450:     5072.660     5074.810     5077.650     5077.660     5089.170
   455:     5089.510     5096.920     5097.250     5122.940     5132.800
   460:     5135.710     5147.910     5156.110     5156.110     5156.110
   465:     5156.120     5156.120     5156.120     5156.120     5156.120
   470:     5156.120     5160.120     5161.120     5161.120     5166.110
   475:     5166.120     5286.860     5291.560     5292.510     5297.560
   480:     5297.790     5298.990     5301.410     5308.780     5338.490
   485:     5347.020     5348.880     5352.920     5362.220     5392.260
   490:     5557.910     5654.290     5655.010     5663.440     5666.610
   495:     5677.230     5684.220     5690.440     5690.440     5690.440
   500:     5690.450     5690.450     5690.450     5690.450     5690.450
   505:     5690.450     5694.450     5695.450     5695.450     5697.890
   510:     5700.440     5700.450     5716.200     5746.370     5752.000
   515:     5756.080     5760.840     5802.870     5806.740     5808.880
   520:     5813.130     5816.360     5820.530     5820.590     5834.040
   525:     5837.520     5838.520     5864.130     5906.850     5942.620
   530:     5942.810     5954.180     5988.980     6019.760     6039.710
   535:     6043.120     6053.980     6144.290     6149.880     6268.470
   540:     6299.050     6370.290     6389.780     6392.950     6394.470
   545:     6402.480     6402.480     6402.480     6402.490     6402.490
   550:     6402.490     6402.490     6402.490     6402.490     6406.490
   555:     6407.490     6407.490     6412.480     6412.490     6412.700
   560:     6413.720     6420.270     6421.320     6421.960     6433.040
   565:     6453.090     6555.010     6577.610     6650.230     6672.750
   570:     6778.780     6805.210     6805.630     6806.220     6806.260
   575:     6809.180     6812.210     6815.480     6819.970     6820.980
   580:     6829.100     6834.070     6865.540     6867.490     6871.240
   585:     6876.950     7124.350     7126.830     7139.050     7201.660
   590:     7209.820     7222.040     7235.570     7260.010     7260.010
   595:     7260.010     7260.020     7260.020     7260.020     7260.020
   600:     7260.020     7260.020     7264.020     7265.020     7265.020
   605:     7267.690     7270.010     7270.020     7274.220     7274.220
   610:     7274.220     7274.230     7274.230     7274.230     7274.230
   615:     7274.230     7274.230     7274.530     7274.530     7278.230
   620:     7279.230     7279.230     7284.220     7284.230     7349.910
   625:     7349.910     7349.910     7349.920     7349.920     7349.920
   630:     7349.920     7349.920     7349.920     7352.580     7353.890
   635:     7353.920     7354.230     7354.630     7354.920     7354.920
   640:     7359.830     7359.910     7359.920     7367.040     7367.040
   645:     7367.040     7367.050     7367.050     7367.050     7367.050
   650:     7367.050     7367.050     7367.240     7367.240     7371.050
   655:     7371.430     7372.050     7372.050     7377.040     7377.050
   660:     7378.870     7378.870     7378.870     7378.880     7378.880
   665:     7378.880     7378.880     7378.880     7378.880     7380.720
   670:     7380.720     7382.880     7383.880     7383.880     7387.580
   675:     7388.870     7388.880     7390.200     7390.200     7390.200
   680:     7390.210     7390.210     7390.210     7390.210     7390.210
   685:     7390.210     7394.210     7394.680     7395.210     7395.210
   690:     7400.200     7400.210     7412.670     7412.670     7412.670
   695:     7412.680     7412.680     7412.680     7412.680     7412.680
   700:     7412.680     7414.180     7414.180     7416.680     7417.680
   705:     7417.680     7422.670     7422.680     7433.340     7455.480
   710:     7628.520     7693.900     7704.290     7710.000     7716.620
   715:     7720.220     7720.780     7720.840     7728.900     7740.720
   720:     7802.470     7859.960     8346.690     8349.570     8389.990
   725:     8417.450     8741.140     8781.250     9005.920     9039.220
   730:     9043.740     9078.560     9151.750     9254.040     9261.680
   735:     9306.850     9306.850     9306.850     9306.860     9306.860
   740:     9306.860     9306.860     9306.860     9306.860     9310.860
   745:     9311.860     9311.860     9316.850     9316.860     9320.170
   750:     9321.140     9322.320     9330.900     9339.260     9341.660
   755:     9354.210     9365.690     9385.980     9386.760     9397.810
   760:     9401.140     9403.740     9422.030     9422.030     9422.030
   765:     9422.040     9422.040     9422.040     9422.040     9422.040
   770:     9422.040     9426.040     9427.040     9427.040     9432.030
   775:     9432.040     9446.680     9453.050     9458.040     9461.090
   780:     9469.050     9469.640     9472.230     9477.760     9480.480
   785:     9484.950     9490.150     9550.440     9552.910     9925.860
   790:     9940.780     9958.060     9966.220     9970.800     9999.660
   795:    10002.670    10002.670    10002.670    10002.680    10002.680
   800:    10002.680    10002.680    10002.680    10002.680    10006.680
   805:    10007.680    10007.680    10012.670    10012.680    10024.000
   810:    10030.510    10030.510    10030.510    10030.520    10030.520
   815:    10030.520    10030.520    10030.520    10030.520    10030.740
   820:    10030.740    10034.520    10035.520    10035.520    10040.510
   825:    10040.520    10042.750    10051.180    10085.160    10085.160
   830:    10085.160    10085.170    10085.170    10085.170    10085.170
   835:    10085.170    10085.170    10089.170    10090.170    10090.170
   840:    10095.160    10095.170    10131.320    10137.210    10143.230
   845:    10565.430    10565.430    10565.430    10565.440    10565.440
   850:    10565.440    10565.440    10565.440    10565.440    10569.440
   855:    10570.440    10570.440    10575.430    10575.440    10800.000
