File: C:\MED-PC\Data\2024-10-25_12h38m_Subject 46.txt


Start Date: 10/25/24
End Date: 10/25/24
Subject: 46
Experiment: OralFentSA
Group: One
Box: 2
Start Time: 12:38:59
End Time: 15:39:46
MSN: 20241014_Golden_Liq_SelfAdmin
F:       0.000
G:     713.000
H:   10800.000
I:       0.000
J:       0.000
K:       0.000
L:       0.000
M:       0.000
N:       0.000
O:       0.000
P:       0.000
Q:       0.000
R:       0.000
S:       0.000
U:       0.000
V:       0.000
W:       0.000
X:       0.000
Y:       0.000
Z:       0.000
A:
     0:        0.000        0.000      180.000        4.000        0.000
     5:        5.000        0.000        5.000        0.000        0.000
    10:        1.000        0.000       10.000     3000.000       15.700
    15:        5.000      640.000        0.000        0.000        0.000
    20:        0.000
B:
     0:        0.000        0.000        0.000      400.000        0.000
     5:      500.000        0.000      500.000        0.000        0.000
    10:        0.000        0.000     1000.000   300000.000        0.000
    15:        0.000        0.000        0.000        0.000        0.000
    20:        0.000
C:
     0:       24.000       25.000       36.000       39.000      307.000
     5:    10222.190        1.930       22.000       55.140        2.506
    10:       39.000       36.000        0.000        0.000        0.000
    15:        0.000        0.000        0.000        0.000        0.000
    20:        0.000
D:
     0:        3.500        2.650        2.870        0.950        1.730
     5:        2.280        1.650        2.580        2.670        2.660
    10:        1.460        3.330        1.630        2.150        1.360
    15:        1.260        3.750        5.170        4.860        1.710
    20:        2.990        1.930
E:
     0:       19.000       11.000       26.000       27.000        6.000
     5:        6.000        6.000        6.000        6.000        6.000
    10:        2.000        4.000       22.000       24.000       12.000
    15:       13.000        8.000        5.000       17.000       21.000
    20:       22.000        6.000       18.000       14.000       10.000
    25:        6.000       19.000       11.000        6.000        6.000
    30:        6.000        6.000        2.000        4.000       22.000
    35:       24.000       12.000       13.000        8.000        5.000
    40:       17.000       18.000       14.000       10.000       19.000
    45:       11.000        2.000        4.000       22.000       24.000
    50:       12.000       13.000        8.000        5.000       17.000
    55:       21.000       22.000       21.000       22.000        6.000
    60:       18.000       14.000       10.000       19.000       11.000
    65:        6.000        6.000        6.000        6.000        6.000
    70:        6.000        6.000        1.000        1.000        1.000
    75:        2.000        4.000       22.000       24.000       12.000
    80:       13.000        8.000        5.000       17.000       21.000
    85:       22.000        6.000       18.000       14.000       10.000
    90:       19.000       11.000        6.000        6.000        6.000
    95:        6.000        6.000        6.000        6.000        6.000
   100:        6.000        6.000        6.000        6.000        6.000
   105:        6.000        6.000        6.000        6.000        6.000
   110:        6.000        6.000        6.000        6.000        6.000
   115:        6.000        6.000        6.000        6.000        6.000
   120:        6.000        6.000        6.000        6.000        6.000
   125:        6.000        6.000        6.000        6.000        6.000
   130:        6.000        6.000        6.000        6.000        1.000
   135:        1.000        1.000        2.000        4.000       22.000
   140:       24.000       12.000       13.000        8.000        5.000
   145:       17.000        6.000       18.000        6.000       14.000
   150:       10.000        6.000       19.000       11.000        6.000
   155:        6.000        6.000        6.000        6.000        6.000
   160:        1.000        1.000        1.000        1.000        6.000
   165:        6.000        6.000        6.000        6.000        6.000
   170:        2.000        4.000       22.000       24.000       12.000
   175:       13.000        8.000        5.000       17.000       21.000
   180:       22.000        6.000       18.000       14.000       10.000
   185:       19.000       11.000        2.000        4.000       22.000
   190:       24.000       12.000       13.000        8.000        5.000
   195:       17.000        6.000       18.000        6.000       14.000
   200:       10.000        6.000        6.000       19.000       11.000
   205:        6.000        6.000        6.000        6.000        6.000
   210:        6.000        6.000        6.000        6.000        6.000
   215:        6.000        6.000        6.000        6.000        6.000
   220:        6.000        6.000        2.000        4.000       22.000
   225:       24.000       12.000       13.000        8.000        5.000
   230:       17.000        6.000       18.000       14.000       10.000
   235:       19.000       11.000        6.000        6.000        6.000
   240:        6.000        6.000        6.000        6.000        6.000
   245:        6.000        6.000        6.000        6.000        2.000
   250:        4.000       22.000       24.000       12.000       13.000
   255:        8.000        5.000       17.000       21.000       22.000
   260:        6.000       18.000       14.000       10.000       19.000
   265:       11.000        6.000        6.000        6.000        6.000
   270:        6.000        6.000        6.000        6.000        6.000
   275:        6.000        6.000        6.000        6.000        6.000
   280:        6.000        6.000        6.000        6.000        6.000
   285:        6.000        6.000        6.000        6.000        6.000
   290:        6.000        2.000        4.000       22.000       24.000
   295:       12.000       13.000        8.000        5.000       17.000
   300:        6.000       18.000       14.000       10.000       19.000
   305:       11.000        6.000        6.000        6.000        6.000
   310:        6.000        1.000        1.000        1.000        1.000
   315:        1.000        1.000        6.000        6.000        6.000
   320:        6.000        2.000        4.000       22.000       24.000
   325:       12.000       13.000        8.000        5.000       17.000
   330:       21.000       22.000        6.000        6.000       18.000
   335:       14.000       10.000       19.000       11.000        6.000
   340:        6.000        6.000        6.000        6.000        6.000
   345:        6.000        6.000        6.000        6.000        6.000
   350:        6.000        6.000        6.000        6.000        6.000
   355:        6.000        2.000        4.000       22.000       24.000
   360:       12.000       13.000        8.000        5.000       17.000
   365:       21.000       22.000        6.000       18.000       14.000
   370:       10.000       19.000       11.000        6.000        6.000
   375:        6.000        6.000        6.000        6.000        6.000
   380:        6.000        6.000        6.000        6.000        6.000
   385:        6.000        6.000        6.000        6.000        1.000
   390:        1.000        1.000        2.000        4.000       22.000
   395:       24.000       12.000       13.000        8.000        5.000
   400:       17.000       21.000       22.000        6.000       18.000
   405:       14.000       10.000        6.000       19.000       11.000
   410:        6.000        6.000        6.000        6.000        6.000
   415:        6.000        6.000        6.000        6.000        1.000
   420:        1.000        1.000        6.000        6.000        6.000
   425:        6.000        6.000        6.000        6.000        6.000
   430:        6.000        6.000        2.000        4.000       22.000
   435:       24.000       12.000       13.000        8.000        5.000
   440:       17.000        6.000       18.000       14.000       10.000
   445:       19.000       11.000        6.000        6.000        6.000
   450:        6.000        6.000        6.000        6.000        2.000
   455:        4.000       22.000       24.000       12.000       13.000
   460:        8.000        5.000       17.000        6.000       18.000
   465:       14.000       10.000        6.000       19.000       11.000
   470:        6.000        6.000        6.000        6.000        6.000
   475:        6.000        6.000        6.000        6.000        6.000
   480:        6.000        6.000        6.000        6.000        6.000
   485:        6.000        6.000        6.000        1.000        1.000
   490:        1.000        1.000        1.000        1.000        2.000
   495:        4.000       22.000       24.000       12.000       13.000
   500:        8.000        5.000       17.000       21.000       22.000
   505:        6.000       18.000       14.000       10.000        6.000
   510:        6.000       19.000       11.000        1.000        1.000
   515:        1.000        1.000        1.000        1.000        1.000
   520:        6.000        6.000        2.000        4.000       22.000
   525:       24.000       12.000       13.000        8.000        5.000
   530:       17.000        6.000        6.000        6.000       18.000
   535:       14.000       10.000        6.000        6.000       19.000
   540:       11.000        6.000        6.000        6.000        6.000
   545:        6.000        6.000        6.000        6.000        6.000
   550:        2.000        4.000       22.000       24.000       12.000
   555:       13.000        8.000        5.000       17.000        6.000
   560:       18.000       14.000       10.000       19.000       11.000
   565:        6.000        6.000        6.000        6.000        6.000
   570:        2.000        4.000       22.000       24.000       12.000
   575:       13.000        8.000        5.000       17.000       21.000
   580:       22.000       18.000       14.000       10.000        6.000
   585:        6.000        6.000       19.000       11.000        2.000
   590:        4.000       22.000       24.000       12.000       13.000
   595:        8.000        5.000       17.000       21.000       22.000
   600:       18.000       14.000       10.000       21.000       22.000
   605:       21.000       22.000       19.000       11.000        2.000
   610:        4.000       22.000       24.000       12.000       13.000
   615:        8.000        5.000       17.000       21.000       22.000
   620:       18.000        6.000       14.000       10.000       19.000
   625:       11.000        6.000        6.000        6.000        6.000
   630:        6.000        6.000        6.000        6.000        6.000
   635:        6.000        6.000        6.000        6.000        6.000
   640:        6.000        6.000        6.000        6.000        6.000
   645:        2.000        4.000       22.000       24.000       12.000
   650:       13.000        8.000        5.000       17.000        6.000
   655:       18.000       14.000       10.000        6.000       19.000
   660:       11.000        6.000        6.000        6.000        6.000
   665:        6.000        6.000        6.000        6.000        2.000
   670:        4.000       22.000       24.000       12.000       13.000
   675:        8.000        5.000       17.000        6.000       18.000
   680:       14.000       10.000        6.000       19.000       11.000
   685:        6.000        6.000        6.000        6.000        6.000
   690:        2.000        4.000       22.000       24.000       12.000
   695:       13.000        8.000        5.000       17.000        6.000
   700:       18.000        6.000       14.000       10.000       19.000
   705:       11.000        6.000        6.000        6.000        6.000
   710:        6.000        1.000        6.000      100.000
T:
     0:        0.000        0.000        0.000        0.000        4.540
     5:       51.420       51.580       51.620       51.690       52.090
    10:      121.940      121.940      121.940      121.950      121.950
    15:      121.950      121.950      121.950      121.950      124.120
    20:      124.120      125.450      125.950      126.950      126.950
    25:      127.380      131.940      131.950      139.330      161.330
    30:      228.220      233.000      242.700      242.700      242.700
    35:      242.710      242.710      242.710      242.710      242.710
    40:      242.710      246.710      247.710      247.710      252.700
    45:      252.710      324.620      324.620      324.620      324.630
    50:      324.630      324.630      324.630      324.630      324.630
    55:      324.980      324.980      325.410      325.410      327.280
    60:      328.630      329.630      329.630      334.620      334.630
    65:      345.460      348.140      384.690      384.960      386.080
    70:      388.030      389.280      458.850      460.540      460.970
    75:      468.160      468.160      468.160      468.170      468.170
    80:      468.170      468.170      468.170      468.170      469.020
    85:      469.020      471.040      472.170      473.170      473.170
    90:      478.160      478.170      558.700      586.280      596.350
    95:      599.930      601.910      602.400      606.790      607.680
   100:      609.480      609.730      626.220      755.220      973.460
   105:      984.440     1024.190     1056.240     1056.510     1057.880
   110:     1218.210     1525.390     1525.570     1525.970     1527.100
   115:     1528.820     1530.480     1539.020     1539.250     1586.540
   120:     1607.760     1636.410     1798.110     1801.240     1806.660
   125:     1807.060     1862.410     1863.680     1869.000     1869.530
   130:     1869.810     1871.030     1881.750     1882.690     1897.840
   135:     1899.200     1900.210     1963.360     1963.360     1963.360
   140:     1963.370     1963.370     1963.370     1963.370     1963.370
   145:     1963.370     1964.320     1967.370     1967.900     1968.370
   150:     1968.370     1969.510     1973.360     1973.370     1973.460
   155:     1973.830     2031.290     2062.400     2064.240     2093.810
   160:     2104.740     2105.810     2111.290     2111.880     2117.860
   165:     2123.820     2124.740     2127.710     2127.790     2127.940
   170:     2132.520     2132.520     2132.520     2132.530     2132.530
   175:     2132.530     2132.530     2132.530     2132.530     2132.900
   180:     2132.900     2134.260     2136.530     2137.530     2137.530
   185:     2142.520     2142.530     2160.220     2160.220     2160.220
   190:     2160.230     2160.230     2160.230     2160.230     2160.230
   195:     2160.230     2162.510     2164.230     2165.150     2165.230
   200:     2165.230     2166.590     2166.860     2170.220     2170.230
   205:     2184.060     2191.960     2198.020     2198.670     2202.820
   210:     2204.470     2896.210     2899.560     2909.930     2917.370
   215:     2940.210     2942.060     2955.500     2988.730     2989.490
   220:     2992.600     3007.950     3011.270     3011.270     3011.270
   225:     3011.280     3011.280     3011.280     3011.280     3011.280
   230:     3011.280     3012.930     3015.280     3016.280     3016.280
   235:     3021.270     3021.280     3030.350     3052.890     3060.290
   240:     3061.480     3075.550     3078.000     3078.160     3096.360
   245:     3098.370     3152.840     3177.880     3593.520     3623.980
   250:     3623.980     3623.980     3623.990     3623.990     3623.990
   255:     3623.990     3623.990     3623.990     3624.530     3624.530
   260:     3626.570     3627.990     3628.990     3628.990     3633.980
   265:     3633.990     3644.230     3658.710     3661.420     3664.480
   270:     3692.000     3717.190     3731.620     4240.870     4252.230
   275:     4333.160     4351.230     4367.970     4375.340     4385.300
   280:     4390.940     4392.220     4444.830     4474.890     4475.370
   285:     4480.050     4480.410     4488.200     4494.810     4494.970
   290:     4495.450     4508.220     4508.220     4508.220     4508.230
   295:     4508.230     4508.230     4508.230     4508.230     4508.230
   300:     4510.900     4512.230     4513.230     4513.230     4518.220
   305:     4518.230     4574.420     4588.050     4615.350     4663.890
   310:     4701.650     4725.250     4725.720     4726.300     4728.570
   315:     4728.670     4730.460     4740.400     4746.600     4771.960
   320:     4772.840     4777.200     4777.200     4777.200     4777.210
   325:     4777.210     4777.210     4777.210     4777.210     4777.210
   330:     4777.470     4777.470     4779.870     4779.970     4781.210
   335:     4782.210     4782.210     4787.200     4787.210     4787.350
   340:     4788.200     4795.290     4796.610     4798.010     4799.680
   345:     4799.910     4836.040     4871.400     4886.170     4901.020
   350:     4901.300     4902.260     4914.550     5322.160     5325.550
   355:     5370.200     5423.120     5423.120     5423.120     5423.130
   360:     5423.130     5423.130     5423.130     5423.130     5423.130
   365:     5423.400     5423.400     5424.590     5427.130     5428.130
   370:     5428.130     5433.120     5433.130     5437.190     5437.570
   375:     5444.980     5453.250     5453.330     5463.420     5463.590
   380:     5478.320     5509.540     5509.920     5516.190     5543.530
   385:     5780.580     5870.990     5938.160     5948.800     5989.910
   390:     5990.460     5991.130     6016.780     6016.780     6016.780
   395:     6016.790     6016.790     6016.790     6016.790     6016.790
   400:     6016.790     6017.740     6017.740     6020.120     6020.790
   405:     6021.790     6021.790     6022.240     6026.780     6026.790
   410:     6270.860     6271.130     6279.700     6280.100     6285.440
   415:     6292.650     6303.180     6324.540     6325.310     6335.650
   420:     6336.540     6336.960     6345.250     6357.280     6426.210
   425:     6427.250     6452.730     6734.520     6736.880     6743.530
   430:     6747.910     6748.090     6753.030     6753.030     6753.030
   435:     6753.040     6753.040     6753.040     6753.040     6753.040
   440:     6753.040     6754.670     6757.040     6758.040     6758.040
   445:     6763.030     6763.040     6782.820     6819.590     6858.800
   450:     6881.030     6905.530     6906.100     6928.910     6964.890
   455:     6964.890     6964.890     6964.900     6964.900     6964.900
   460:     6964.900     6964.900     6964.900     6967.050     6968.900
   465:     6969.900     6969.900     6973.680     6974.890     6974.900
   470:     6980.760     6981.420     6981.710     7078.470     7085.110
   475:     7287.850     7326.480     7533.970     7554.970     7599.170
   480:     7682.890     7779.930     7825.420     7859.360     7902.800
   485:     7904.080     7910.450     7911.700     7920.030     7922.350
   490:     7923.990     7930.300     7930.780     7931.890     7962.540
   495:     7962.540     7962.540     7962.550     7962.550     7962.550
   500:     7962.550     7962.550     7962.550     7963.020     7963.020
   505:     7963.910     7966.550     7967.550     7967.550     7967.550
   510:     7968.510     7972.540     7972.550     8001.080     8008.250
   515:     8019.950     8020.630     8022.400     8026.660     8028.750
   520:     8033.650     8037.070     8040.420     8040.420     8040.420
   525:     8040.430     8040.430     8040.430     8040.430     8040.430
   530:     8040.430     8041.690     8042.970     8044.240     8044.430
   535:     8045.430     8045.430     8049.280     8049.470     8050.420
   540:     8050.430     8066.780     8073.910     8075.850     8107.670
   545:     8131.880     8140.400     8160.030     8160.340     8179.400
   550:     8188.540     8188.540     8188.540     8188.550     8188.550
   555:     8188.550     8188.550     8188.550     8188.550     8192.300
   560:     8192.550     8193.550     8193.550     8198.540     8198.550
   565:     8199.480     8200.390     8206.880     8218.830     8297.000
   570:     8299.480     8299.480     8299.480     8299.490     8299.490
   575:     8299.490     8299.490     8299.490     8299.490     8300.520
   580:     8300.520     8303.490     8304.490     8304.490     8304.660
   585:     8307.640     8308.090     8309.480     8309.490     8315.510
   590:     8315.510     8315.510     8315.520     8315.520     8315.520
   595:     8315.520     8315.520     8315.520     8317.700     8317.700
   600:     8319.520     8320.520     8320.520     8321.550     8321.550
   605:     8322.210     8322.210     8325.510     8325.520     8325.960
   610:     8325.960     8325.960     8325.970     8325.970     8325.970
   615:     8325.970     8325.970     8325.970     8329.860     8329.860
   620:     8329.970     8330.830     8330.970     8330.970     8335.960
   625:     8335.970     8337.120     8341.570     8444.370     8448.210
   630:     8690.010     8745.200     8812.450     8814.060     8825.770
   635:     8904.020     8905.250     8939.060     8952.390     9407.370
   640:     9683.790     9706.550     9745.880     9752.250     9773.630
   645:     9776.040     9776.040     9776.040     9776.050     9776.050
   650:     9776.050     9776.050     9776.050     9776.050     9777.760
   655:     9780.050     9781.050     9781.050     9782.950     9786.040
   660:     9786.050     9813.880     9821.770    10080.910    10109.280
   665:    10109.800    10110.040    10110.570    10147.960    10150.070
   670:    10150.070    10150.070    10150.080    10150.080    10150.080
   675:    10150.080    10150.080    10150.080    10153.070    10154.080
   680:    10155.080    10155.080    10158.090    10160.070    10160.080
   685:    10187.190    10193.390    10193.480    10203.190    10215.720
   690:    10222.180    10222.180    10222.180    10222.190    10222.190
   695:    10222.190    10222.190    10222.190    10222.190    10224.120
   700:    10226.190    10227.100    10227.190    10227.190    10232.180
   705:    10232.190    10237.270    10245.260    10251.060    10253.830
   710:    10254.060    10321.710    10332.270    10800.000
