File: C:\MED-PC\Data\2024-10-30_08h56m_Subject 42.txt


Start Date: 10/30/24
End Date: 10/30/24
Subject: 42
Experiment: OralFentSA
Group: One
Box: 10
Start Time: 08:56:20
End Time: 11:57:00
MSN: 20241014_Golden_Liq_SelfAdmin
F:       0.000
G:     562.000
H:   10800.000
I:       0.000
J:       0.000
K:       0.000
L:       0.000
M:       0.000
N:       0.000
O:       0.000
P:       0.000
Q:       0.000
R:       0.000
S:       0.000
U:       0.000
V:       0.000
W:       0.000
X:       0.000
Y:       0.000
Z:       0.000
A:
     0:        0.000        0.000      180.000        4.000        0.000
     5:        5.000        0.000        5.000        0.000        0.000
    10:        1.000        0.000       10.000   100000.000       19.200
    15:        8.000      640.000        0.000        0.000        0.000
    20:        0.000
B:
     0:        0.000        0.000        0.000      400.000        0.000
     5:      500.000        0.000      500.000        0.000        0.000
    10:        0.000        0.000     1000.000 10000000.000        0.000
    15:        0.000        0.000        0.000        0.000        0.000
    20:        0.000
C:
     0:       30.000       31.000       19.000       45.000       89.000
     5:    10574.360      178.940       22.000     3366.170      153.008
    10:       45.000       19.000        0.000        0.000        0.000
    15:        0.000        0.000        0.000        0.000        0.000
    20:        0.000
D:
     0:      882.020        5.020      116.600       54.170       31.000
     5:       73.130       88.280      102.450      180.110      399.190
    10:      361.410        9.890      185.240      530.920        8.880
    15:       16.130       49.530       27.730        8.730       10.580
    20:       46.220      178.940
E:
     0:       19.000       11.000       26.000       27.000        2.000
     5:        4.000       22.000       24.000       12.000       13.000
    10:        8.000        5.000       17.000       21.000       22.000
    15:       18.000       14.000       10.000       19.000       11.000
    20:        2.000        4.000       22.000       24.000       12.000
    25:       13.000        8.000        5.000       17.000       18.000
    30:       14.000       10.000       21.000       22.000       21.000
    35:       22.000       19.000       11.000        2.000        4.000
    40:       22.000       24.000       12.000       13.000        8.000
    45:        5.000       17.000       18.000       14.000       10.000
    50:       20.000       19.000       11.000        1.000        1.000
    55:        6.000        6.000        2.000        4.000       22.000
    60:       24.000       12.000       13.000        8.000        5.000
    65:       17.000       18.000       14.000       10.000        6.000
    70:       19.000       11.000        6.000        6.000        6.000
    75:        2.000        4.000       22.000       24.000       12.000
    80:       13.000        8.000        5.000       17.000       18.000
    85:       14.000       10.000       19.000       11.000        2.000
    90:        4.000       22.000       24.000       12.000       13.000
    95:        8.000        5.000       17.000       18.000       14.000
   100:       10.000       19.000       11.000        6.000        6.000
   105:        6.000        2.000        4.000       22.000       24.000
   110:       12.000       13.000        8.000        5.000       17.000
   115:       18.000       14.000       10.000       19.000       11.000
   120:        6.000        6.000        2.000        4.000       22.000
   125:       24.000       12.000       13.000        8.000        5.000
   130:       17.000       18.000       14.000       10.000       19.000
   135:       11.000        6.000        6.000        6.000        6.000
   140:        6.000        2.000        4.000       22.000       24.000
   145:       12.000       13.000        8.000        5.000       17.000
   150:       18.000       14.000       10.000       19.000       11.000
   155:        2.000        4.000       22.000       24.000       12.000
   160:       13.000        8.000        5.000       17.000       21.000
   165:       22.000       18.000       14.000       10.000       19.000
   170:       11.000        6.000        6.000        6.000        6.000
   175:        1.000        1.000        6.000        6.000        6.000
   180:        6.000        6.000        6.000        6.000        2.000
   185:        4.000       22.000       24.000       12.000       13.000
   190:        8.000        5.000       17.000       18.000       14.000
   195:       10.000       19.000       11.000        6.000        2.000
   200:        4.000       22.000       24.000       12.000       13.000
   205:        8.000        5.000       17.000       18.000       14.000
   210:       10.000       19.000       11.000        6.000        6.000
   215:        6.000        2.000        4.000       22.000       24.000
   220:       12.000       13.000        8.000        5.000       17.000
   225:       18.000       14.000       10.000       19.000       11.000
   230:        6.000        6.000        6.000        6.000        6.000
   235:        6.000        2.000        4.000       22.000       24.000
   240:       12.000       13.000        8.000        5.000       17.000
   245:       18.000       14.000       10.000       19.000       11.000
   250:        2.000        4.000       22.000       24.000       12.000
   255:       13.000        8.000        5.000       17.000       21.000
   260:       22.000       21.000       22.000       18.000       14.000
   265:       10.000       19.000       11.000        2.000        4.000
   270:       22.000       24.000       12.000       13.000        8.000
   275:        5.000       17.000       18.000       14.000       10.000
   280:       19.000       11.000        1.000        6.000        2.000
   285:        4.000       22.000       24.000       12.000       13.000
   290:        8.000        5.000       17.000       21.000       22.000
   295:       18.000       14.000       10.000       19.000       11.000
   300:        6.000        6.000        6.000        6.000        6.000
   305:        1.000        2.000        4.000       22.000       24.000
   310:       12.000       13.000        8.000        5.000       17.000
   315:       21.000       22.000       18.000       14.000       10.000
   320:       19.000       11.000        2.000        4.000       22.000
   325:       24.000       12.000       13.000        8.000        5.000
   330:       17.000       21.000       22.000       18.000       14.000
   335:       10.000       21.000       22.000       21.000       22.000
   340:       19.000       11.000        2.000        4.000       22.000
   345:       24.000       12.000       13.000        8.000        5.000
   350:       17.000       18.000       14.000       10.000        6.000
   355:       19.000       11.000        6.000        6.000        6.000
   360:        1.000        2.000        4.000       22.000       24.000
   365:       12.000       13.000        8.000        5.000       17.000
   370:       21.000       22.000       18.000       14.000       10.000
   375:       19.000       11.000        6.000        2.000        4.000
   380:       22.000       24.000       12.000       13.000        8.000
   385:        5.000       17.000       21.000       22.000       18.000
   390:       14.000       10.000       20.000       20.000       19.000
   395:       11.000        1.000        6.000        1.000        2.000
   400:        4.000       22.000       24.000       12.000       13.000
   405:        8.000        5.000       17.000       21.000       22.000
   410:       18.000       14.000       10.000        6.000       19.000
   415:       11.000        2.000        4.000       22.000       24.000
   420:       12.000       13.000        8.000        5.000       17.000
   425:       18.000       14.000       10.000       19.000       11.000
   430:        6.000        1.000        1.000        1.000        1.000
   435:        6.000        6.000        6.000        6.000        6.000
   440:        6.000        6.000        2.000        4.000       22.000
   445:       24.000       12.000       13.000        8.000        5.000
   450:       17.000       18.000       14.000       10.000       19.000
   455:       11.000        6.000        6.000        6.000        6.000
   460:        6.000        6.000        6.000        6.000        6.000
   465:        6.000        2.000        4.000       22.000       24.000
   470:       12.000       13.000        8.000        5.000       17.000
   475:       18.000       14.000       10.000       19.000       11.000
   480:        6.000        6.000        1.000        6.000        6.000
   485:        6.000        1.000        6.000        6.000        6.000
   490:        6.000        6.000        6.000        6.000        6.000
   495:        6.000        6.000        2.000        4.000       22.000
   500:       24.000       12.000       13.000        8.000        5.000
   505:       17.000       18.000       14.000       10.000        6.000
   510:       19.000       11.000        2.000        4.000       22.000
   515:       24.000       12.000       13.000        8.000        5.000
   520:       17.000       21.000       22.000       18.000       14.000
   525:       10.000       19.000       11.000        6.000        2.000
   530:        4.000       22.000       24.000       12.000       13.000
   535:        8.000        5.000       17.000       18.000       14.000
   540:       10.000       19.000       11.000        1.000        6.000
   545:        6.000        6.000        2.000        4.000       22.000
   550:       24.000       12.000       13.000        8.000        5.000
   555:       17.000       18.000       14.000       10.000       19.000
   560:       11.000        6.000      100.000
T:
     0:        0.000        0.000        0.000        0.000        1.620
     5:        1.620        1.620        1.630        1.630        1.630
    10:        1.630        1.630        1.630        3.770        3.770
    15:        5.630        6.630        6.630       11.620       11.630
    20:       12.140       12.140       12.140       12.150       12.150
    25:       12.150       12.150       12.150       12.150       16.150
    30:       17.150       17.150       18.230       18.230       19.270
    35:       19.270       22.140       22.150       25.350       25.350
    40:       25.350       25.360       25.360       25.360       25.360
    45:       25.360       25.360       29.360       30.360       30.360
    50:       32.950       35.350       35.360       52.280       54.090
    55:      907.380      910.720     1007.530     1007.530     1007.530
    60:     1007.540     1007.540     1007.540     1007.540     1007.540
    65:     1007.540     1011.540     1012.540     1012.540     1012.560
    70:     1017.530     1017.540     1018.330     1022.100     1026.830
    75:     1124.050     1124.050     1124.050     1124.060     1124.060
    80:     1124.060     1124.060     1124.060     1124.060     1128.060
    85:     1129.060     1129.060     1134.050     1134.060     1592.450
    90:     1592.450     1592.450     1592.460     1592.460     1592.460
    95:     1592.460     1592.460     1592.460     1596.460     1597.460
   100:     1597.460     1602.450     1602.460     1709.060     1709.110
   105:     1709.270     1830.810     1830.810     1830.810     1830.820
   110:     1830.820     1830.820     1830.820     1830.820     1830.820
   115:     1834.820     1835.820     1835.820     1840.810     1840.820
   120:     1884.990     1902.090     2405.530     2405.530     2405.530
   125:     2405.540     2405.540     2405.540     2405.540     2405.540
   130:     2405.540     2409.540     2410.540     2410.540     2415.530
   135:     2415.540     2436.540     2441.250     2602.610     2605.810
   140:     2606.300     2626.520     2626.520     2626.520     2626.530
   145:     2626.530     2626.530     2626.530     2626.530     2626.530
   150:     2630.530     2631.530     2631.530     2636.520     2636.530
   155:     2686.940     2686.940     2686.940     2686.950     2686.950
   160:     2686.950     2686.950     2686.950     2686.950     2688.890
   165:     2688.890     2690.950     2691.950     2691.950     2696.940
   170:     2696.950     2760.080     3159.290     3258.650     3269.010
   175:     3424.350     3711.110     3765.830     3843.290     3845.640
   180:     3849.740     3850.340     4246.940     4341.810     4521.870
   185:     4521.870     4521.870     4521.880     4521.880     4521.880
   190:     4521.880     4521.880     4521.880     4525.880     4526.880
   195:     4526.880     4531.870     4531.880     4610.160     4650.880
   200:     4650.880     4650.880     4650.890     4650.890     4650.890
   205:     4650.890     4650.890     4650.890     4654.890     4655.890
   210:     4655.890     4660.880     4660.890     4753.340     4972.040
   215:     4972.220     5159.230     5159.230     5159.230     5159.240
   220:     5159.240     5159.240     5159.240     5159.240     5159.240
   225:     5163.240     5164.240     5164.240     5169.230     5169.240
   230:     5339.350     5350.690     5351.160     5690.410     5693.140
   235:     5695.090     5700.190     5700.190     5700.190     5700.200
   240:     5700.200     5700.200     5700.200     5700.200     5700.200
   245:     5704.200     5705.200     5705.200     5710.190     5710.200
   250:     5772.400     5772.400     5772.400     5772.410     5772.410
   255:     5772.410     5772.410     5772.410     5772.410     5772.440
   260:     5772.440     5773.980     5773.980     5776.410     5777.410
   265:     5777.410     5782.400     5782.410     6002.270     6002.270
   270:     6002.270     6002.280     6002.280     6002.280     6002.280
   275:     6002.280     6002.280     6006.280     6007.280     6007.280
   280:     6012.270     6012.280     6394.590     6401.470     6408.060
   285:     6408.060     6408.060     6408.070     6408.070     6408.070
   290:     6408.070     6408.070     6408.070     6409.370     6409.370
   295:     6412.070     6413.070     6413.070     6418.060     6418.070
   300:     6769.480     6797.000     6798.170     6800.090     6800.280
   305:     7167.440     7489.430     7489.430     7489.430     7489.440
   310:     7489.440     7489.440     7489.440     7489.440     7489.440
   315:     7492.900     7492.900     7493.440     7494.440     7494.440
   320:     7499.430     7499.440     7586.040     7586.040     7586.040
   325:     7586.050     7586.050     7586.050     7586.050     7586.050
   330:     7586.050     7588.230     7588.230     7590.050     7591.050
   335:     7591.050     7591.330     7591.330     7593.490     7593.490
   340:     7596.040     7596.050     7614.520     7614.520     7614.520
   345:     7614.530     7614.530     7614.530     7614.530     7614.530
   350:     7614.530     7618.530     7619.530     7619.530     7624.420
   355:     7624.520     7624.530     7626.790     7657.780     7663.030
   360:     7679.180     7686.310     7686.310     7686.310     7686.320
   365:     7686.320     7686.320     7686.320     7686.320     7686.320
   370:     7687.140     7687.140     7690.320     7691.320     7691.320
   375:     7696.310     7696.320     7871.560     7876.950     7876.950
   380:     7876.950     7876.960     7876.960     7876.960     7876.960
   385:     7876.960     7876.960     7878.560     7878.560     7880.960
   390:     7881.960     7881.960     7885.550     7886.300     7886.950
   395:     7886.960     7888.680     8407.880     8442.940     8473.630
   400:     8473.630     8473.630     8473.640     8473.640     8473.640
   405:     8473.640     8473.640     8473.640     8474.720     8474.720
   410:     8477.640     8478.640     8478.640     8482.520     8483.630
   415:     8483.640     8534.010     8534.010     8534.010     8534.020
   420:     8534.020     8534.020     8534.020     8534.020     8534.020
   425:     8538.020     8539.020     8539.020     8544.010     8544.020
   430:     8550.150     8593.300     8611.030     8627.180     8631.120
   435:     8649.800     8650.710     8653.660     9543.510     9544.460
   440:     9545.200     9546.240     9577.190     9577.190     9577.190
   445:     9577.200     9577.200     9577.200     9577.200     9577.200
   450:     9577.200     9581.200     9582.200     9582.200     9587.190
   455:     9587.200     9626.730     9655.840     9656.250     9659.430
   460:     9659.470     9659.930     9663.690     9664.680     9667.320
   465:     9667.660     9709.280     9709.280     9709.280     9709.290
   470:     9709.290     9709.290     9709.290     9709.290     9709.290
   475:     9713.290     9714.290     9714.290     9719.280     9719.290
   480:     9737.020     9786.420     9920.890    10348.020    10363.740
   485:    10367.110    10434.920    10446.690    10450.340    10450.520
   490:    10461.020    10462.040    10462.300    10462.770    10463.070
   495:    10463.540    10464.060    10470.320    10470.320    10470.320
   500:    10470.330    10470.330    10470.330    10470.330    10470.330
   505:    10470.330    10474.330    10475.330    10475.330    10479.060
   510:    10480.320    10480.330    10502.490    10502.490    10502.490
   515:    10502.500    10502.500    10502.500    10502.500    10502.500
   520:    10502.500    10503.890    10503.890    10506.500    10507.500
   525:    10507.500    10512.490    10512.500    10513.080    10515.290
   530:    10515.290    10515.290    10515.300    10515.300    10515.300
   535:    10515.300    10515.300    10515.300    10519.300    10520.300
   540:    10520.300    10525.290    10525.300    10551.470    10561.520
   545:    10562.910    10570.620    10574.350    10574.350    10574.350
   550:    10574.360    10574.360    10574.360    10574.360    10574.360
   555:    10574.360    10578.360    10579.360    10579.360    10584.350
   560:    10584.360    10753.300    10800.000
