File: C:\MED-PC\Data\2024-10-29_09h06m_Subject 37.txt


Start Date: 10/29/24
End Date: 10/29/24
Subject: 37
Experiment: OralFentSA
Group: One
Box: 5
Start Time: 09:06:40
End Time: 12:29:42
MSN: 20241014_Golden_Liq_SelfAdmin
F:       0.000
G:     266.000
H:   10800.000
I:       0.000
J:       0.000
K:       0.000
L:       0.000
M:       0.000
N:       0.000
O:       0.000
P:       0.000
Q:       0.000
R:       0.000
S:       0.000
U:       0.000
V:       0.000
W:       0.000
X:       0.000
Y:       0.000
Z:       0.000
A:
     0:        0.000        0.000      180.000        4.000        0.000
     5:        5.000        0.000        5.000        0.000        0.000
    10:        1.000        0.000       10.000   100000.000       23.900
    15:        7.000      640.000        0.000        0.000        0.000
    20:        0.000
B:
     0:        0.000        0.000        0.000      400.000        0.000
     5:      500.000        0.000      500.000        0.000        0.000
    10:        0.000        0.000     1000.000 10000000.000        0.000
    15:        0.000        0.000        0.000        0.000        0.000
    20:        0.000
C:
     0:        9.000       10.000        4.000       12.000      126.000
     5:    10111.740        7.530        8.000     1914.330      239.291
    10:       12.000        4.000        0.000        0.000        0.000
    15:        0.000        0.000        0.000        0.000        0.000
    20:        0.000
D:
     0:       15.330       62.130      835.450       65.750       24.970
     5:      792.620      110.550        7.530
E:
     0:       19.000       11.000       26.000       27.000        6.000
     5:        6.000        6.000        6.000        6.000        6.000
    10:        6.000        6.000        2.000        4.000       22.000
    15:       24.000       12.000       13.000        8.000        5.000
    20:       17.000       18.000       14.000       10.000       19.000
    25:       11.000        6.000        6.000        6.000        6.000
    30:        6.000        6.000        6.000        6.000        6.000
    35:        6.000        6.000        6.000        6.000        6.000
    40:        6.000        6.000        6.000        6.000        6.000
    45:        6.000        6.000        6.000        6.000        6.000
    50:        6.000        6.000        6.000        6.000        6.000
    55:        6.000        6.000        6.000        6.000        6.000
    60:        6.000        6.000        6.000        6.000        1.000
    65:        6.000        6.000        2.000        4.000       22.000
    70:       24.000       12.000       13.000        8.000        5.000
    75:       17.000       18.000       14.000       10.000       19.000
    80:       11.000        6.000        6.000        6.000        2.000
    85:        4.000       22.000       24.000       12.000       13.000
    90:        8.000        5.000       17.000       18.000       14.000
    95:       10.000       19.000       11.000        6.000        6.000
   100:        6.000        6.000        6.000        6.000        6.000
   105:        6.000        6.000        6.000        6.000        6.000
   110:        6.000        6.000        6.000        6.000        6.000
   115:        6.000        6.000        1.000        6.000        6.000
   120:        6.000        2.000        4.000       22.000       24.000
   125:       12.000       13.000        8.000        5.000       17.000
   130:       18.000       14.000       10.000       19.000       11.000
   135:        2.000        4.000       22.000       24.000       12.000
   140:       13.000        8.000        5.000       17.000       18.000
   145:       14.000       10.000       19.000       11.000        6.000
   150:        6.000        6.000        2.000        4.000       22.000
   155:       24.000       12.000       13.000        8.000        5.000
   160:       17.000       21.000       22.000       18.000       14.000
   165:       10.000       19.000       11.000        6.000        6.000
   170:        6.000        6.000        6.000        6.000        6.000
   175:        6.000        6.000        6.000        6.000        2.000
   180:        4.000       22.000       24.000       12.000       13.000
   185:        8.000        5.000       17.000       18.000       14.000
   190:       10.000       21.000       22.000       19.000       11.000
   195:        6.000        6.000        6.000        6.000        6.000
   200:        6.000        6.000        6.000        6.000        6.000
   205:        6.000        6.000        6.000        6.000        6.000
   210:        1.000        6.000        6.000        6.000        6.000
   215:        6.000        6.000        6.000        6.000        6.000
   220:        6.000        6.000        6.000        6.000        6.000
   225:        2.000        4.000       22.000       24.000       12.000
   230:       13.000        8.000        5.000       17.000       18.000
   235:       14.000       10.000       19.000       11.000        1.000
   240:        6.000        6.000        6.000        6.000        2.000
   245:        4.000       22.000       24.000       12.000       13.000
   250:        8.000        5.000       17.000       21.000       22.000
   255:       18.000       14.000       10.000        6.000       19.000
   260:       11.000        6.000        6.000        6.000        6.000
   265:        6.000      100.000
T:
     0:        0.000        0.000        0.000        0.000      656.700
     5:      658.660      661.420      678.820      681.420      835.300
    10:      842.810      848.390      857.830      857.830      857.830
    15:      857.840      857.840      857.840      857.840      857.840
    20:      857.840      861.840      862.840      862.840      867.830
    25:      867.840      873.170      873.510      880.120      884.450
    30:      886.480      889.380      896.060      896.900      906.380
    35:      907.270      908.220      913.990      919.660     2001.390
    40:     2026.670     2118.570     2128.190     2528.190     2529.200
    45:     2529.790     2535.990     2537.330     2544.810     2717.690
    50:     2732.560     2732.740     2862.700     2862.860     2877.510
    55:     2881.540     2882.650     2887.900     2896.910     2904.930
    60:     2923.310     4368.880     4369.400     4375.390     4504.390
    65:     4521.920     4522.940     4537.530     4537.530     4537.530
    70:     4537.540     4537.540     4537.540     4537.540     4537.540
    75:     4537.540     4541.540     4542.540     4542.540     4547.530
    80:     4547.540     4599.670     4607.810     4695.650     4710.810
    85:     4710.810     4710.810     4710.820     4710.820     4710.820
    90:     4710.820     4710.820     4710.820     4714.820     4715.820
    95:     4715.820     4720.810     4720.820     5546.270     5555.470
   100:     5656.650     5670.880     5906.560     5907.040     6049.490
   105:     6072.530     6072.570     6129.340     6129.380     6898.370
   110:     6977.310     6977.490     7073.160     7073.460     7075.420
   115:     7170.830     7170.980     7396.080     7479.880     7842.530
   120:     7842.870     7864.500     7864.500     7864.500     7864.510
   125:     7864.510     7864.510     7864.510     7864.510     7864.510
   130:     7868.510     7869.510     7869.510     7874.500     7874.510
   135:     7905.290     7905.290     7905.290     7905.300     7905.300
   140:     7905.300     7905.300     7905.300     7905.300     7909.300
   145:     7910.300     7910.300     7915.290     7915.300     7971.050
   150:     8038.370     8044.570     8104.820     8104.820     8104.820
   155:     8104.830     8104.830     8104.830     8104.830     8104.830
   160:     8104.830     8108.310     8108.310     8108.830     8109.830
   165:     8109.830     8114.820     8114.830     8129.800     8136.590
   170:     8138.650     8138.840     8142.760     8143.880     8147.040
   175:     8150.110     8150.150     8156.210     8156.560     8162.180
   180:     8162.180     8162.180     8162.190     8162.190     8162.190
   185:     8162.190     8162.190     8162.190     8166.190     8167.190
   190:     8167.190     8168.560     8168.560     8172.180     8172.190
   195:     8954.810     8960.710     9019.680     9020.600     9033.640
   200:     9047.390     9051.190     9058.510     9059.290     9061.100
   205:     9068.710     9086.120     9086.340     9087.470     9089.480
   210:     9133.160     9139.950     9158.010     9158.210     9476.430
   215:     9476.590     9479.860     9541.430     9674.950     9675.310
   220:     9675.390     9852.230     9880.740     9952.190     9952.290
   225:     9962.400     9962.400     9962.400     9962.410     9962.410
   230:     9962.410     9962.410     9962.410     9962.410     9966.410
   235:     9967.410     9967.410     9972.400     9972.410     9993.240
   240:    10072.960    10080.210    10088.420    10097.450    10111.730
   245:    10111.730    10111.730    10111.740    10111.740    10111.740
   250:    10111.740    10111.740    10111.740    10112.470    10112.470
   255:    10115.740    10116.740    10116.740    10119.270    10121.730
   260:    10121.740    10124.770    10135.160    10139.890    10407.930
   265:    10765.520    10800.000
