File: C:\MED-PC\Data\2024-11-20_16h01m_Subject 51.txt


Start Date: 11/20/24
End Date: 11/20/24
Subject: 51
Experiment: OralFentSA
Group: One
Box: 7
Start Time: 16:01:44
End Time: 18:49:48
MSN: Golden_Liq_SelfAdmin_EXT
F:       0.000
G:     474.000
H:   10067.870
I:       0.000
J:       0.000
K:       0.000
L:       0.000
M:       0.000
N:       0.000
O:       0.000
P:       0.000
Q:       0.000
R:       0.000
S:       0.000
U:       0.000
V:       0.000
W:       0.000
X:       0.000
Y:       0.000
Z:       0.000
A:
     0:        0.000        0.000      180.000        4.000        0.000
     5:        5.000        0.000        5.000        0.000        0.000
    10:        1.000        0.000       10.000   100000.000       28.000
    15:       23.000      600.000        0.000        0.000        0.000
    20:        0.000
B:
     0:        0.000        0.000        0.000        0.000        0.000
     5:        0.000        0.000        0.000        0.000        0.000
    10:        0.000        0.000     1000.000 10000000.000        0.000
    15:        0.000        0.000        0.000        0.000        0.000
    20:        0.000
C:
     0:        0.000       13.000       19.000       25.000      341.000
     5:     9725.570       55.610       10.000     2227.960      222.796
    10:       25.000       19.000        0.000        0.000        0.000
    15:        0.000        0.000        0.000        0.000        0.000
    20:        0.000
D:
     0:      320.880      383.680       13.520      173.070        5.520
     5:       22.840       56.830        1.600     1194.410       55.610
E:
     0:       19.000       11.000       26.000       27.000        1.000
     5:        6.000        6.000        6.000        6.000        6.000
    10:        6.000        6.000        6.000        2.000        4.000
    15:       22.000       24.000       12.000       19.000       11.000
    20:        1.000        1.000        1.000        6.000        6.000
    25:        6.000        6.000        2.000        4.000       22.000
    30:       24.000       12.000       21.000       22.000       21.000
    35:       22.000       21.000       22.000       21.000       22.000
    40:       21.000       22.000       19.000       11.000        2.000
    45:        4.000       22.000       24.000       12.000       19.000
    50:       11.000        1.000        1.000        2.000        4.000
    55:       22.000       24.000       12.000       21.000       22.000
    60:       19.000       11.000        6.000        6.000        6.000
    65:        6.000        6.000        6.000        6.000        6.000
    70:        6.000        6.000        6.000        6.000        6.000
    75:        6.000        6.000        6.000        6.000        6.000
    80:        6.000        6.000        6.000        6.000        1.000
    85:        6.000        6.000        6.000        6.000        6.000
    90:        6.000        6.000        6.000        6.000        6.000
    95:        6.000        6.000        6.000        6.000        6.000
   100:        6.000        6.000        6.000        6.000        6.000
   105:        6.000        6.000        6.000        6.000        6.000
   110:        6.000        6.000        6.000        6.000        6.000
   115:        6.000        6.000        6.000        6.000        6.000
   120:        6.000        6.000        6.000        6.000        6.000
   125:        6.000        6.000        6.000        6.000        6.000
   130:        6.000        6.000        2.000        4.000       22.000
   135:       24.000       12.000       19.000       11.000        6.000
   140:        6.000        6.000        6.000        6.000        6.000
   145:        6.000        6.000        6.000        6.000        6.000
   150:        6.000        6.000        6.000        6.000        6.000
   155:        6.000        2.000        4.000       22.000       24.000
   160:       12.000       19.000       11.000        6.000        6.000
   165:        6.000        6.000        6.000        6.000        6.000
   170:        1.000        1.000        6.000        6.000        6.000
   175:        6.000        6.000        2.000        4.000       22.000
   180:       24.000       12.000        6.000        6.000       19.000
   185:       11.000        6.000        6.000        6.000        6.000
   190:        6.000        6.000        6.000        6.000        6.000
   195:        6.000        6.000        6.000        6.000        6.000
   200:        6.000        6.000        6.000        6.000        6.000
   205:        6.000        6.000        1.000        6.000        2.000
   210:        4.000       22.000       24.000       12.000       21.000
   215:       22.000       19.000       11.000        6.000        1.000
   220:        1.000        6.000        6.000        6.000        6.000
   225:        6.000        6.000        6.000        6.000        6.000
   230:        6.000        6.000        6.000        6.000        6.000
   235:        6.000        6.000        6.000        6.000        6.000
   240:        6.000        6.000        6.000        6.000        6.000
   245:        6.000        6.000        6.000        6.000        6.000
   250:        6.000        6.000        1.000        6.000        6.000
   255:        6.000        6.000        6.000        6.000        6.000
   260:        6.000        6.000        6.000        2.000        4.000
   265:       22.000       24.000       12.000       19.000       11.000
   270:        6.000        6.000        6.000        6.000        6.000
   275:        6.000        6.000        6.000        6.000        6.000
   280:        6.000        6.000        6.000        6.000        6.000
   285:        6.000        6.000        6.000        6.000        6.000
   290:        6.000        6.000        6.000        6.000        6.000
   295:        6.000        6.000        6.000        6.000        6.000
   300:        6.000        6.000        6.000        6.000        6.000
   305:        6.000        6.000        6.000        6.000        6.000
   310:        6.000        6.000        6.000        6.000        6.000
   315:        6.000        6.000        6.000        6.000        6.000
   320:        6.000        6.000        6.000        6.000        6.000
   325:        6.000        6.000        6.000        6.000        6.000
   330:        6.000        6.000        6.000        6.000        6.000
   335:        6.000        6.000        6.000        6.000        6.000
   340:        6.000        6.000        6.000        6.000        6.000
   345:        6.000        6.000        6.000        6.000        6.000
   350:        6.000        6.000        6.000        6.000        6.000
   355:        6.000        6.000        6.000        6.000        6.000
   360:        6.000        6.000        6.000        6.000        6.000
   365:        6.000        6.000        6.000        6.000        6.000
   370:        6.000        6.000        6.000        6.000        6.000
   375:        6.000        6.000        6.000        6.000        6.000
   380:        6.000        6.000        6.000        6.000        6.000
   385:        6.000        6.000        6.000        6.000        6.000
   390:        6.000        6.000        6.000        6.000        6.000
   395:        6.000        6.000        6.000        6.000        6.000
   400:        6.000        1.000        1.000        1.000        6.000
   405:        6.000        6.000        6.000        6.000        6.000
   410:        6.000        6.000        2.000        4.000       22.000
   415:       24.000       12.000       21.000       22.000        6.000
   420:       19.000       11.000        6.000        6.000        6.000
   425:        6.000        6.000        2.000        4.000       22.000
   430:       24.000       12.000       21.000       22.000       21.000
   435:       22.000       21.000       22.000       21.000       22.000
   440:       21.000       22.000       19.000       11.000        1.000
   445:        6.000        6.000        6.000        6.000        6.000
   450:        1.000        1.000        6.000        6.000        2.000
   455:        4.000       22.000       24.000       12.000       19.000
   460:       11.000        6.000        6.000        6.000        6.000
   465:        6.000        6.000        6.000        6.000        6.000
   470:        6.000        6.000        6.000        6.000
T:
     0:        0.000        0.000        0.000        0.000        9.400
     5:       50.230       50.300       54.620       55.040       68.120
    10:       71.650       71.800       72.340       99.350       99.350
    15:       99.350       99.360       99.360      109.350      109.360
    20:      375.210      380.290      396.260      420.240      421.200
    25:      421.510      423.710      428.690      428.690      428.690
    30:      428.700      428.700      430.270      430.270      431.240
    35:      431.240      432.180      432.180      432.990      432.990
    40:      437.250      437.250      438.690      438.700      439.750
    45:      439.750      439.750      439.760      439.760      449.750
    50:      449.760      467.820      560.870      586.640      586.640
    55:      586.640      586.650      586.650      586.740      586.740
    60:      596.640      596.650      970.330      971.150      973.480
    65:      974.660      974.750      975.000      975.050     1586.720
    70:     1586.810     1586.860     1586.900     1586.950     1587.030
    75:     1587.660     1587.760     1587.790     1587.930     1587.980
    80:     1588.940     1589.050     1614.420     1635.250     1643.670
    85:     1673.040     1676.230     1677.250     1677.340     1677.360
    90:     1677.470     1677.630     1677.680     1677.760     1677.950
    95:     1680.370     1680.410     1680.500     1680.730     1680.870
   100:     1688.120     1689.430     1689.580     1690.750     1690.850
   105:     1690.890     1690.940     1692.220     1693.070     1693.260
   110:     1695.250     1695.330     1699.190     1700.110     1700.160
   115:     1700.670     1706.820     1709.340     1710.580     1710.660
   120:     1711.020     1711.490     1711.510     1711.800     1713.000
   125:     1713.480     1715.360     1715.430     1716.030     1732.040
   130:     1736.960     1737.440     3024.330     3024.330     3024.330
   135:     3024.340     3024.340     3034.330     3034.340     3037.860
   140:     3037.900     3136.760     3137.040     3137.230     3324.340
   145:     3324.900     3324.980     3328.510     3330.770     3331.070
   150:     3331.180     3331.270     3331.850     3333.180     3333.250
   155:     3333.760     3346.490     3346.490     3346.490     3346.500
   160:     3346.500     3356.490     3356.500     3519.570     3596.060
   165:     3596.440     3596.620     3596.710     3609.200     3695.300
   170:     4420.840     4429.730     4482.850     4484.730     4484.770
   175:     4484.910     4512.710     4733.280     4733.280     4733.280
   180:     4733.290     4733.290     4738.810     4739.900     4743.280
   185:     4743.290     4879.970     4880.090     4881.310     4883.790
   190:     4883.850     4884.220     4884.500     4884.830     4884.980
   195:     4885.600     4885.710     4895.900     4910.880     4911.910
   200:     4912.620     4913.270     4915.560     4915.950     4916.000
   205:     4916.070     4920.810     5224.180     5229.970     5254.090
   210:     5254.090     5254.090     5254.100     5254.100     5261.990
   215:     5261.990     5264.090     5264.100     5276.940     5611.770
   220:     5790.090     6113.970     6296.550     6297.280     6382.700
   225:     6390.280     6390.680     6390.730     6396.690     6396.900
   230:     6397.240     6408.300     6408.540     6408.600     6409.050
   235:     6409.120     6409.290     6410.500     6413.650     6413.840
   240:     6413.950     6415.850     6415.940     6416.040     6416.810
   245:     6417.310     6417.870     6418.000     6418.120     6418.200
   250:     6422.370     6833.020     6846.250     6993.510     6993.830
   255:     6999.860     7000.420     7000.690     7000.790     7647.730
   260:     7648.920     7649.140     7650.600     7829.940     7829.940
   265:     7829.940     7829.950     7829.950     7839.940     7839.950
   270:     7886.780     7887.050     7888.760     7888.860     7889.850
   275:     7890.290     7890.340     7890.390     7890.600     7890.620
   280:     7890.720     7890.810     7891.470     7891.840     7892.870
   285:     7892.940     7893.010     7893.060     7893.140     7893.270
   290:     7894.680     7896.600     7897.810     7898.390     7898.620
   295:     7898.780     7898.870     7899.360     7899.870     7899.900
   300:     7899.930     7900.000     7900.700     7900.810     7900.940
   305:     7901.100     7901.380     7902.390     7902.650     7903.880
   310:     7904.090     7904.130     7904.780     7904.810     7905.000
   315:     7905.110     7905.180     7905.810     7905.860     7905.950
   320:     7905.990     7907.710     7908.140     7909.560     7910.030
   325:     7910.100     7911.140     7911.380     7911.440     7911.490
   330:     7911.720     7911.930     7913.020     7913.380     7913.620
   335:     7913.660     7914.290     7914.990     7916.050     7916.850
   340:     7917.210     7917.750     7918.420     7920.660     7921.090
   345:     7921.530     7921.910     7922.460     7922.860     7923.000
   350:     7923.060     7924.470     7925.360     7925.480     7929.500
   355:     7938.930     7939.210     7939.350     7939.540     7939.820
   360:     7939.980     7940.400     7940.690     7941.150     7941.640
   365:     7941.820     7941.940     7942.090     7942.430     7943.090
   370:     7943.560     7945.750     7945.850     7946.530     7946.810
   375:     7947.640     7949.090     7949.410     7949.730     7950.060
   380:     7950.160     7950.470     7950.540     7951.100     7953.090
   385:     7953.230     7953.870     7954.060     7954.250     7954.770
   390:     7954.860     7955.590     7955.790     7956.030     7957.410
   395:     7961.660     7962.530     7962.550     7967.860     7969.510
   400:     7986.670     8097.220     8205.630     8226.220     8238.160
   405:     8238.770     8240.600     8242.380     8243.720     8244.240
   410:     8249.990     8271.100     8305.670     8305.670     8305.670
   415:     8305.680     8305.680     8306.140     8306.140     8307.280
   420:     8315.670     8315.680     8344.910     8355.630     8356.450
   425:     8357.740     8358.430     8388.280     8388.280     8388.280
   430:     8388.290     8388.290     8394.030     8394.030     8396.890
   435:     8396.890     8397.380     8397.380     8397.570     8397.570
   440:     8397.800     8397.800     8398.280     8398.290     9283.870
   445:     9582.700     9583.650     9624.240     9624.490     9624.550
   450:     9668.110     9672.440     9719.540     9720.300     9725.560
   455:     9725.560     9725.560     9725.570     9725.570     9735.560
   460:     9735.570     9781.180     9781.820     9781.910     9790.230
   465:     9790.660     9791.040     9791.220     9791.280     9792.580
   470:     9792.660     9792.840     9793.430     9793.480
