File: C:\MED-PC\Data\2024-10-25_12h39m_Subject 49.txt


Start Date: 10/25/24
End Date: 10/25/24
Subject: 49
Experiment: OralFentSA
Group: One
Box: 5
Start Time: 12:39:03
End Time: 15:39:46
MSN: 20241014_Golden_Liq_SelfAdmin
F:       0.000
G:     749.000
H:   10800.000
I:       0.000
J:       0.000
K:       0.000
L:       0.000
M:       0.000
N:       0.000
O:       0.000
P:       0.000
Q:       0.000
R:       0.000
S:       0.000
U:       0.000
V:       0.000
W:       0.000
X:       0.000
Y:       0.000
Z:       0.000
A:
     0:        0.000        0.000      180.000        4.000        0.000
     5:        5.000        0.000        5.000        0.000        0.000
    10:        1.000        0.000       10.000     3000.000       25.700
    15:        5.000      640.000        0.000        0.000        0.000
    20:        0.000
B:
     0:        0.000        0.000        0.000      400.000        0.000
     5:      500.000        0.000      500.000        0.000        0.000
    10:        0.000        0.000     1000.000   300000.000        0.000
    15:        0.000        0.000        0.000        0.000        0.000
    20:        0.000
C:
     0:       26.000       27.000       20.000       37.000      339.000
     5:    10502.230        7.260       26.000      242.940        9.344
    10:       37.000       20.000        0.000        0.000        0.000
    15:        0.000        0.000        0.000        0.000        0.000
    20:        0.000
D:
     0:        3.030        1.500       18.160        8.510        7.790
     5:        1.290       28.420        3.880        3.720        1.390
    10:        0.980       17.200        4.030       13.780       10.210
    15:        5.170        1.450        1.910        9.780        4.990
    20:        1.360        3.810       79.830        2.030        1.460
    25:        7.260
E:
     0:       19.000       11.000       26.000       27.000        2.000
     5:        4.000       22.000       24.000       12.000       13.000
    10:        8.000        5.000       17.000       21.000       22.000
    15:        6.000        6.000       18.000       14.000       10.000
    20:       19.000       11.000        2.000        4.000       22.000
    25:       24.000       12.000       13.000        8.000        5.000
    30:       17.000        6.000       18.000       14.000       10.000
    35:       19.000       11.000        6.000        6.000        6.000
    40:        2.000        4.000       22.000       24.000       12.000
    45:       13.000        8.000        5.000       17.000       21.000
    50:       22.000       21.000       22.000       18.000       14.000
    55:       10.000       19.000       11.000        6.000        6.000
    60:        6.000        6.000        6.000        6.000        6.000
    65:        1.000        1.000        1.000        6.000        6.000
    70:        6.000        6.000        6.000        6.000        6.000
    75:        6.000        2.000        4.000       22.000       24.000
    80:       12.000       13.000        8.000        5.000       17.000
    85:       18.000       14.000       10.000       21.000       22.000
    90:        6.000       19.000       11.000        6.000        6.000
    95:        6.000        6.000        6.000        6.000        6.000
   100:        6.000        6.000        6.000        6.000        6.000
   105:        6.000        6.000        6.000        6.000        6.000
   110:        6.000        6.000        6.000        6.000        2.000
   115:        4.000       22.000       24.000       12.000       13.000
   120:        8.000        5.000       17.000       21.000       22.000
   125:       18.000       14.000       10.000        6.000       19.000
   130:       11.000        2.000        4.000       22.000       24.000
   135:       12.000       13.000        8.000        5.000       17.000
   140:        6.000       18.000       14.000       10.000       19.000
   145:       11.000        6.000        6.000        2.000        4.000
   150:       22.000       24.000       12.000       13.000        8.000
   155:        5.000       17.000       21.000       22.000       18.000
   160:       14.000       10.000       19.000       11.000        6.000
   165:        2.000        4.000       22.000       24.000       12.000
   170:       13.000        8.000        5.000       17.000       21.000
   175:       22.000        6.000       18.000       14.000       10.000
   180:       19.000       11.000        6.000        6.000        6.000
   185:        6.000        6.000        6.000        6.000        6.000
   190:        6.000        6.000        6.000        6.000        6.000
   195:        6.000        6.000        6.000        6.000        6.000
   200:        6.000        6.000        6.000        6.000        6.000
   205:        6.000        6.000        6.000        6.000        6.000
   210:        6.000        6.000        6.000        6.000        6.000
   215:        6.000        6.000        6.000        6.000        6.000
   220:        6.000        6.000        6.000        6.000        6.000
   225:        6.000        6.000        6.000        6.000        6.000
   230:        6.000        6.000        6.000        6.000        6.000
   235:        6.000        6.000        6.000        2.000        4.000
   240:       22.000       24.000       12.000       13.000        8.000
   245:        5.000       17.000        6.000        6.000       18.000
   250:       14.000       10.000        6.000       19.000       11.000
   255:        6.000        6.000        6.000        6.000        6.000
   260:        6.000        6.000        6.000        6.000        6.000
   265:        6.000        6.000        6.000        6.000        6.000
   270:        6.000        6.000        6.000        6.000        2.000
   275:        4.000       22.000       24.000       12.000       13.000
   280:        8.000        5.000       17.000        6.000       18.000
   285:       14.000       10.000       19.000       11.000        6.000
   290:        6.000        6.000        6.000        6.000        6.000
   295:        6.000        2.000        4.000       22.000       24.000
   300:       12.000       13.000        8.000        5.000       17.000
   305:        6.000       18.000       14.000       10.000       19.000
   310:       11.000        6.000        6.000        6.000        6.000
   315:        6.000        6.000        6.000        6.000        6.000
   320:        6.000        6.000        6.000        6.000        1.000
   325:        6.000        6.000        6.000        6.000        6.000
   330:        6.000        6.000        6.000        6.000        6.000
   335:        6.000        6.000        6.000        6.000        6.000
   340:        6.000        6.000        6.000        6.000        6.000
   345:        6.000        6.000        6.000        6.000        6.000
   350:        6.000        6.000        6.000        6.000        6.000
   355:        6.000        6.000        6.000        6.000        6.000
   360:        6.000        2.000        4.000       22.000       24.000
   365:       12.000       13.000        8.000        5.000       17.000
   370:       18.000       14.000       10.000       19.000       11.000
   375:        6.000        6.000        6.000        6.000        6.000
   380:        2.000        4.000       22.000       24.000       12.000
   385:       13.000        8.000        5.000       17.000       18.000
   390:        6.000        6.000       14.000       10.000       21.000
   395:       22.000       19.000       11.000        6.000        6.000
   400:        2.000        4.000       22.000       24.000       12.000
   405:       13.000        8.000        5.000       17.000       18.000
   410:       14.000       10.000       19.000       11.000        6.000
   415:        6.000        6.000        6.000        6.000        6.000
   420:        6.000        6.000        6.000        6.000        6.000
   425:        6.000        6.000        6.000        6.000        6.000
   430:        6.000        6.000        6.000        6.000        6.000
   435:        6.000        2.000        4.000       22.000       24.000
   440:       12.000       13.000        8.000        5.000       17.000
   445:       18.000       14.000       10.000       19.000       11.000
   450:        6.000        6.000        6.000        6.000        2.000
   455:        4.000       22.000       24.000       12.000       13.000
   460:        8.000        5.000       17.000       18.000       14.000
   465:       10.000        6.000        6.000       19.000       11.000
   470:        6.000        6.000        1.000        6.000        6.000
   475:        6.000        2.000        4.000       22.000       24.000
   480:       12.000       13.000        8.000        5.000       17.000
   485:        6.000       18.000       14.000       10.000       19.000
   490:       11.000        1.000        6.000        2.000        4.000
   495:       22.000       24.000       12.000       13.000        8.000
   500:        5.000       17.000        6.000       18.000       14.000
   505:       10.000       20.000       19.000       11.000        6.000
   510:        2.000        4.000       22.000       24.000       12.000
   515:       13.000        8.000        5.000       17.000       21.000
   520:       22.000       18.000       14.000       10.000       21.000
   525:       22.000        6.000       19.000       11.000        6.000
   530:        2.000        4.000       22.000       24.000       12.000
   535:       13.000        8.000        5.000       17.000       18.000
   540:        6.000       14.000       10.000        6.000        6.000
   545:       19.000       11.000        1.000        6.000        2.000
   550:        4.000       22.000       24.000       12.000       13.000
   555:        8.000        5.000       17.000        6.000       18.000
   560:       14.000       10.000        6.000       19.000       11.000
   565:        6.000        6.000        6.000        6.000        6.000
   570:        6.000        6.000        2.000        4.000       22.000
   575:       24.000       12.000       13.000        8.000        5.000
   580:       17.000        6.000       18.000       14.000       10.000
   585:       19.000       11.000        6.000        6.000        6.000
   590:        6.000        6.000        6.000        6.000        6.000
   595:        2.000        4.000       22.000       24.000       12.000
   600:       13.000        8.000        5.000       17.000       18.000
   605:       14.000       10.000       19.000       11.000        6.000
   610:        6.000        6.000        6.000        6.000        6.000
   615:        6.000        6.000        6.000        6.000        6.000
   620:        6.000        6.000        6.000        6.000        6.000
   625:        6.000        6.000        6.000        6.000        1.000
   630:        6.000        1.000        6.000        6.000        1.000
   635:        6.000        1.000        1.000        6.000        6.000
   640:        6.000        1.000        6.000        1.000        6.000
   645:        6.000        6.000        6.000        6.000        6.000
   650:        6.000        6.000        6.000        1.000        1.000
   655:        6.000        6.000        6.000        6.000        6.000
   660:        6.000        6.000        6.000        1.000        6.000
   665:        6.000        6.000        6.000        6.000        1.000
   670:        6.000        6.000        6.000        2.000        4.000
   675:       22.000       24.000       12.000       13.000        8.000
   680:        5.000       17.000        6.000       18.000       14.000
   685:       10.000       19.000       11.000        6.000        6.000
   690:        6.000        6.000        6.000        6.000        6.000
   695:        6.000        6.000        6.000        6.000        6.000
   700:        6.000        6.000        6.000        6.000        6.000
   705:        6.000        1.000        2.000        4.000       22.000
   710:       24.000       12.000       13.000        8.000        5.000
   715:       17.000       21.000       22.000        6.000       18.000
   720:       14.000       10.000       19.000       11.000        6.000
   725:        6.000        2.000        4.000       22.000       24.000
   730:       12.000       13.000        8.000        5.000       17.000
   735:       18.000       14.000       10.000        6.000       19.000
   740:       11.000        6.000        6.000        6.000        6.000
   745:        6.000        6.000        6.000        6.000      100.000
T:
     0:        0.000        0.000        0.000        0.000        0.980
     5:        0.980        0.980        0.990        0.990        0.990
    10:        0.990        0.990        0.990        2.420        2.420
    15:        4.020        4.430        4.990        5.990        5.990
    20:       10.980       10.990       14.030       14.030       14.030
    25:       14.040       14.040       14.040       14.040       14.040
    30:       14.040       15.540       18.040       19.040       19.040
    35:       24.030       24.040       32.120       34.100       36.060
    40:       42.040       42.040       42.040       42.050       42.050
    45:       42.050       42.050       42.050       42.050       42.670
    50:       42.670       43.410       43.410       46.050       47.050
    55:       47.050       52.040       52.050       60.210       73.460
    60:       82.280       92.300       92.390       99.460       99.550
    65:      113.110      113.790      118.840      169.320      169.560
    70:      170.830      171.110      171.430      171.640      172.300
    75:      172.550      179.850      179.850      179.850      179.860
    80:      179.860      179.860      179.860      179.860      179.860
    85:      183.860      184.860      184.860      186.730      186.730
    90:      188.370      189.850      189.860      214.910      215.610
    95:      216.010      216.130      229.460      229.510      307.760
   100:      307.860      331.470      331.600      347.960      401.870
   105:      420.440      458.590      487.900      488.250      523.960
   110:      564.620      689.890      690.140      736.610      776.150
   115:      776.150      776.150      776.160      776.160      776.160
   120:      776.160      776.160      776.160      779.770      779.770
   125:      780.160      781.160      781.160      783.950      786.150
   130:      786.160      795.030      795.030      795.030      795.040
   135:      795.040      795.040      795.040      795.040      795.040
   140:      796.330      799.040      800.040      800.040      805.030
   145:      805.040      807.860      808.060      816.390      816.390
   150:      816.390      816.400      816.400      816.400      816.400
   155:      816.400      816.400      817.120      817.120      820.400
   160:      821.400      821.400      826.390      826.400      844.820
   165:      852.010      852.010      852.010      852.020      852.020
   170:      852.020      852.020      852.020      852.020      853.310
   175:      853.310      855.900      856.020      857.020      857.020
   180:      862.010      862.020      881.200      900.860      945.270
   185:      945.390      991.140     1033.150     1041.610     1047.500
   190:     1048.800     1057.530     1067.870     1068.230     1068.440
   195:     1119.000     1119.080     1119.480     1127.470     1137.240
   200:     1142.950     1182.130     1198.560     1278.330     1283.370
   205:     1312.590     1338.140     1347.190     1794.320     1837.760
   210:     1863.660     1868.500     1868.600     1888.110     1892.880
   215:     1896.120     1896.350     1928.580     1928.770     1933.320
   220:     1950.230     1950.260     1956.450     1960.560     1969.880
   225:     2124.230     2170.330     2230.650     2251.700     2252.160
   230:     2263.860     2274.970     2289.670     2350.550     2421.340
   235:     2479.750     2530.610     2538.600     2541.770     2541.770
   240:     2541.770     2541.780     2541.780     2541.780     2541.780
   245:     2541.780     2541.780     2545.500     2545.700     2545.780
   250:     2546.780     2546.780     2551.440     2551.770     2551.780
   255:     2609.770     2779.560     3002.150     3060.930     3093.300
   260:     3172.030     3188.100     3221.250     3221.290     3228.260
   265:     3244.330     3329.510     3353.740     3383.560     3388.710
   270:     3388.990     3404.280     3453.340     3453.610     3474.190
   275:     3474.190     3474.190     3474.200     3474.200     3474.200
   280:     3474.200     3474.200     3474.200     3475.590     3478.200
   285:     3479.200     3479.200     3484.190     3484.200     3486.270
   290:     3488.700     3488.850     3488.980     3503.380     3504.650
   295:     3505.620     3521.980     3521.980     3521.980     3521.990
   300:     3521.990     3521.990     3521.990     3521.990     3521.990
   305:     3522.970     3525.990     3526.990     3526.990     3531.980
   310:     3531.990     3540.920     3562.100     3595.690     3603.010
   315:     3624.290     3780.670     3860.000     3880.450     3999.060
   320:     4140.300     4188.840     4258.200     4377.740     4402.720
   325:     4414.160     4466.710     4511.380     4684.720     4684.790
   330:     4698.340     4698.750     4721.570     4778.040     4799.670
   335:     4831.900     5101.020     5107.630     5110.070     5307.170
   340:     5315.360     5315.410     5315.580     5928.240     5928.320
   345:     5928.900     5929.690     5942.980     5943.050     5944.200
   350:     5964.130     5964.360     5964.700     5966.810     5969.500
   355:     5969.880     5970.460     5971.720     5972.190     5974.120
   360:     5974.330     5992.300     5992.300     5992.300     5992.310
   365:     5992.310     5992.310     5992.310     5992.310     5992.310
   370:     5996.310     5997.310     5997.310     6002.300     6002.310
   375:     6009.510     6011.050     6011.980     6015.340     6017.460
   380:     6024.890     6024.890     6024.890     6024.900     6024.900
   385:     6024.900     6024.900     6024.900     6024.900     6028.900
   390:     6028.930     6029.290     6029.900     6029.900     6033.660
   395:     6033.660     6034.890     6034.900     6038.730     6044.970
   400:     6054.020     6054.020     6054.020     6054.030     6054.030
   405:     6054.030     6054.030     6054.030     6054.030     6058.030
   410:     6059.030     6059.030     6064.020     6064.030     6067.810
   415:     6068.380     6070.440     6070.650     6085.780     6086.690
   420:     6140.440     6247.760     6295.260     6295.280     6352.620
   425:     6355.740     6357.400     6357.450     6454.640     6472.680
   430:     6481.190     6481.450     6602.520     6602.670     6606.050
   435:     6638.290     6642.390     6642.390     6642.390     6642.400
   440:     6642.400     6642.400     6642.400     6642.400     6642.400
   445:     6646.400     6647.400     6647.400     6652.390     6652.400
   450:     6652.610     6655.430     6658.470     6664.970     6667.190
   455:     6667.190     6667.190     6667.200     6667.200     6667.200
   460:     6667.200     6667.200     6667.200     6671.200     6672.200
   465:     6672.200     6672.370     6677.010     6677.190     6677.200
   470:     6685.620     6712.060     6787.120     6790.120     6798.170
   475:     6804.760     6811.880     6811.880     6811.880     6811.890
   480:     6811.890     6811.890     6811.890     6811.890     6811.890
   485:     6813.340     6815.890     6816.890     6816.890     6821.880
   490:     6821.890     6830.110     6866.200     6867.970     6867.970
   495:     6867.970     6867.980     6867.980     6867.980     6867.980
   500:     6867.980     6867.980     6869.890     6871.980     6872.980
   505:     6872.980     6876.900     6877.970     6877.980     6920.130
   510:     6929.510     6929.510     6929.510     6929.520     6929.520
   515:     6929.520     6929.520     6929.520     6929.520     6930.390
   520:     6930.390     6933.520     6934.520     6934.520     6936.300
   525:     6936.300     6939.300     6939.510     6939.520     6941.410
   530:     6943.680     6943.680     6943.680     6943.690     6943.690
   535:     6943.690     6943.690     6943.690     6943.690     6947.690
   540:     6948.680     6948.690     6948.690     6948.860     6951.110
   545:     6953.680     6953.690     6963.970     6967.530     6974.620
   550:     6974.620     6974.620     6974.630     6974.630     6974.630
   555:     6974.630     6974.630     6974.630     6975.990     6978.630
   560:     6979.630     6979.630     6981.520     6984.620     6984.630
   565:     7090.870     7107.270     7149.460     7167.300     7198.000
   570:     7205.400     7235.000     7244.670     7244.670     7244.670
   575:     7244.680     7244.680     7244.680     7244.680     7244.680
   580:     7244.680     7248.490     7248.680     7249.680     7249.680
   585:     7254.670     7254.680     7260.010     7282.540     7282.720
   590:     7286.090     7289.520     7308.960     7309.230     7488.210
   595:     7497.900     7497.900     7497.900     7497.910     7497.910
   600:     7497.910     7497.910     7497.910     7497.910     7501.910
   605:     7502.910     7502.910     7507.900     7507.910     7577.740
   610:     7865.360     7874.730     7874.890     7888.880     7898.020
   615:     7908.410     7918.430     8087.270     8087.500     8095.050
   620:     8202.570     8231.130     8338.960     8396.960     8397.150
   625:     8418.060     8439.020     8442.300     8442.470     8513.690
   630:     8525.100     8544.120     8553.070     8593.570     8601.600
   635:     8650.820     8660.430     8660.930     8738.560     8758.670
   640:     8758.830     8821.590     8942.880     9226.460     9267.170
   645:     9267.310     9280.890     9280.980     9281.200     9290.940
   650:     9291.020     9326.890     9355.440     9365.770     9366.150
   655:     9398.060     9398.140     9417.290     9426.780     9440.560
   660:     9445.050     9454.190     9461.910     9472.150     9476.030
   665:     9484.460     9491.350     9514.940     9515.090     9518.860
   670:     9531.070     9542.030     9556.190     9562.560     9562.560
   675:     9562.560     9562.570     9562.570     9562.570     9562.570
   680:     9562.570     9562.570     9564.600     9566.570     9567.570
   685:     9567.570     9572.560     9572.570     9600.760     9605.310
   690:     9633.870     9640.560     9826.540     9831.080     9845.470
   695:     9865.310     9908.010     9944.870     9970.160    10045.100
   700:    10064.210    10064.630    10133.130    10296.430    10365.170
   705:    10401.810    10408.170    10440.100    10440.100    10440.100
   710:    10440.110    10440.110    10440.110    10440.110    10440.110
   715:    10440.110    10440.520    10440.520    10441.570    10444.110
   720:    10445.110    10445.110    10450.100    10450.110    10464.610
   725:    10499.500    10502.220    10502.220    10502.220    10502.230
   730:    10502.230    10502.230    10502.230    10502.230    10502.230
   735:    10506.230    10507.230    10507.230    10509.490    10512.220
   740:    10512.230    10674.040    10691.360    10691.490    10695.560
   745:    10695.800    10696.260    10726.230    10743.420    10800.000
