File: C:\MED-PC\Data\2024-11-25_12h05m_Subject 52.txt


Start Date: 11/25/24
End Date: 11/25/24
Subject: 52
Experiment: OralFentSA
Group: One
Box: 8
Start Time: 12:05:37
End Time: 14:01:43
MSN: 20241014Golden_Liq_SelfAdmin_REI
F:       0.000
G:     645.000
H:    3600.000
I:       0.000
J:       0.000
K:       0.000
L:       0.000
M:       0.000
N:       0.000
O:       0.000
P:       0.000
Q:       0.000
R:       0.000
S:       0.000
U:       0.000
V:       0.000
W:       0.000
X:       0.000
Y:       0.000
Z:       0.000
A:
     0:        0.000        0.000       60.000        4.000        0.000
     5:        5.000        0.000        5.000        0.000        0.000
    10:        1.000        0.000       10.000   100000.000       31.200
    15:       26.000      640.000        0.000        0.000        0.000
    20:        0.000
B:
     0:        0.000        0.000        0.000      400.000        0.000
     5:      500.000        0.000      500.000        0.000        0.000
    10:        0.000        0.000     1000.000 10000000.000        0.000
    15:        0.000        0.000        0.000        0.000        0.000
    20:        0.000
C:
     0:       28.000       29.000       46.000       38.000      183.000
     5:     3557.350       28.930       17.000      424.640       24.979
    10:       38.000       46.000        0.000        0.000        0.000
    15:        0.000        0.000        0.000        0.000        0.000
    20:        0.000
D:
     0:       16.540        9.870        5.810        6.840        0.930
     5:        1.930        1.930       31.940        4.170       10.440
    10:       28.950      146.660        9.190        5.290       20.880
    15:       94.340       28.930
E:
     0:       19.000       11.000       26.000       27.000        6.000
     5:        1.000        2.000        4.000       22.000       24.000
    10:       12.000       13.000        8.000        5.000       17.000
    15:       18.000       14.000       10.000       19.000       11.000
    20:        6.000        6.000        6.000        6.000        6.000
    25:        6.000        6.000        2.000        4.000       22.000
    30:       24.000       12.000       13.000        8.000        5.000
    35:       17.000       18.000       14.000       10.000       20.000
    40:        6.000       19.000       11.000        6.000        6.000
    45:        6.000        1.000        6.000        6.000        6.000
    50:        6.000        6.000        6.000        6.000        6.000
    55:        6.000        6.000        1.000        2.000        4.000
    60:       22.000       24.000       12.000       13.000        8.000
    65:        5.000       17.000       21.000       22.000       18.000
    70:       14.000       10.000       21.000       22.000       19.000
    75:       11.000        2.000        4.000       22.000       24.000
    80:       12.000       13.000        8.000        5.000       17.000
    85:       21.000       22.000       18.000       14.000       10.000
    90:        6.000        6.000        6.000        6.000       19.000
    95:       11.000        6.000        6.000        6.000        6.000
   100:        6.000        6.000        6.000        6.000        6.000
   105:        6.000        6.000        6.000        1.000        6.000
   110:        6.000        6.000        2.000        4.000       22.000
   115:       24.000       12.000       13.000        8.000        5.000
   120:       17.000       18.000       14.000       10.000       19.000
   125:       11.000        2.000        4.000       22.000       24.000
   130:       12.000       13.000        8.000        5.000       17.000
   135:       18.000       20.000       14.000       10.000       20.000
   140:       19.000       11.000        2.000        4.000       22.000
   145:       24.000       12.000       13.000        8.000        5.000
   150:       17.000       20.000       18.000       14.000       10.000
   155:       21.000       22.000        6.000       19.000       11.000
   160:        1.000        2.000        4.000       22.000       24.000
   165:       12.000       13.000        8.000        5.000       17.000
   170:        6.000        6.000       18.000       14.000       10.000
   175:        6.000        6.000       19.000       11.000        2.000
   180:        4.000       22.000       24.000       12.000       13.000
   185:        8.000        5.000       17.000       18.000       14.000
   190:       10.000       19.000       11.000        1.000        2.000
   195:        4.000       22.000       24.000       12.000       13.000
   200:        8.000        5.000       17.000        6.000        6.000
   205:        6.000       18.000       14.000       10.000        6.000
   210:        6.000        6.000        6.000        6.000       19.000
   215:       11.000        1.000        1.000        1.000        2.000
   220:        4.000       22.000       24.000       12.000       13.000
   225:        8.000        5.000       17.000        6.000        6.000
   230:       18.000       14.000       10.000       19.000       11.000
   235:        6.000        6.000        6.000        6.000        6.000
   240:        6.000        6.000        6.000        6.000        6.000
   245:        6.000        6.000        6.000        6.000        6.000
   250:        6.000        6.000        6.000        6.000        6.000
   255:        2.000        4.000       22.000       24.000       12.000
   260:       13.000        8.000        5.000       17.000       21.000
   265:       22.000       18.000       14.000       10.000       19.000
   270:       11.000        6.000        6.000        1.000        6.000
   275:        6.000        6.000        6.000        6.000        6.000
   280:        6.000        2.000        4.000       22.000       24.000
   285:       12.000       13.000        8.000        5.000       17.000
   290:       18.000       14.000       10.000       21.000       22.000
   295:       19.000       11.000        2.000        4.000       22.000
   300:       24.000       12.000       13.000        8.000        5.000
   305:       17.000       18.000       14.000       10.000       19.000
   310:       11.000        1.000        1.000        1.000        1.000
   315:        1.000        2.000        4.000       22.000       24.000
   320:       12.000       13.000        8.000        5.000       17.000
   325:       18.000        6.000       14.000       10.000        6.000
   330:        6.000       19.000       11.000        2.000        4.000
   335:       22.000       24.000       12.000       13.000        8.000
   340:        5.000       17.000       18.000       14.000       10.000
   345:       19.000       11.000        2.000        4.000       22.000
   350:       24.000       12.000       13.000        8.000        5.000
   355:       17.000       18.000       14.000       10.000       19.000
   360:       11.000        6.000        6.000        6.000        6.000
   365:        6.000        6.000        6.000        2.000        4.000
   370:       22.000       24.000       12.000       13.000        8.000
   375:        5.000       17.000       18.000       21.000       22.000
   380:       14.000       10.000       19.000       11.000        6.000
   385:        6.000        1.000        2.000        4.000       22.000
   390:       24.000       12.000       13.000        8.000        5.000
   395:       17.000       18.000       14.000       10.000       19.000
   400:       11.000        6.000        6.000        1.000        2.000
   405:        4.000       22.000       24.000       12.000       13.000
   410:        8.000        5.000       17.000       18.000       14.000
   415:       10.000       21.000       22.000       19.000       11.000
   420:        1.000        1.000        1.000        1.000        1.000
   425:        1.000        2.000        4.000       22.000       24.000
   430:       12.000       13.000        8.000        5.000       17.000
   435:       18.000       14.000       10.000        6.000        6.000
   440:       19.000       11.000        6.000        6.000        6.000
   445:        6.000        6.000        6.000        1.000        6.000
   450:        6.000        6.000        6.000        6.000        6.000
   455:        6.000        6.000        6.000        6.000        1.000
   460:        2.000        4.000       22.000       24.000       12.000
   465:       13.000        8.000        5.000       17.000       18.000
   470:       14.000       10.000        6.000        6.000        6.000
   475:        6.000        6.000        6.000        6.000        6.000
   480:        6.000        6.000        6.000       19.000       11.000
   485:        6.000        1.000        1.000        1.000        1.000
   490:        6.000        6.000        6.000        6.000        1.000
   495:        6.000        6.000        6.000        6.000        2.000
   500:        4.000       22.000       24.000       12.000       13.000
   505:        8.000        5.000       17.000       18.000       21.000
   510:       22.000       14.000       10.000       19.000       11.000
   515:        2.000        4.000       22.000       24.000       12.000
   520:       13.000        8.000        5.000       17.000       18.000
   525:       14.000       10.000       19.000       11.000        6.000
   530:        6.000        1.000        6.000        6.000        6.000
   535:        6.000        6.000        6.000        6.000        2.000
   540:        4.000       22.000       24.000       12.000       13.000
   545:        8.000        5.000       17.000       18.000       14.000
   550:       10.000       19.000       11.000        2.000        4.000
   555:       22.000       24.000       12.000       13.000        8.000
   560:        5.000       17.000       18.000       14.000       10.000
   565:       19.000       11.000        1.000        1.000        6.000
   570:        6.000        6.000        6.000        6.000        6.000
   575:        6.000        6.000        6.000        6.000        6.000
   580:        6.000        6.000        6.000        6.000        6.000
   585:        6.000        6.000        6.000        6.000        6.000
   590:        6.000        6.000        6.000        6.000        6.000
   595:        6.000        6.000        6.000        6.000        6.000
   600:        1.000        1.000        1.000        1.000        1.000
   605:        1.000        1.000        1.000        2.000        4.000
   610:       22.000       24.000       12.000       13.000        8.000
   615:        5.000       17.000       18.000       14.000       10.000
   620:       19.000       11.000        6.000        6.000        6.000
   625:        6.000        6.000        6.000        2.000        4.000
   630:       22.000       24.000       12.000       13.000        8.000
   635:        5.000       17.000       21.000       22.000       18.000
   640:       14.000       10.000       19.000       11.000        1.000
   645:      100.000
T:
     0:        0.000        0.000        0.000        0.000        1.140
     5:        4.120       21.450       21.450       21.450       21.460
    10:       21.460       21.460       21.460       21.460       21.460
    15:       25.460       26.460       26.460       31.450       31.460
    20:       38.000       38.120       40.460       41.050       41.260
    25:       41.330       41.750       48.160       48.160       48.160
    30:       48.170       48.170       48.170       48.170       48.170
    35:       48.170       52.170       53.170       53.170       53.950
    40:       58.040       58.160       58.170       58.290       58.690
    45:       58.780       74.550       97.470       98.050       99.630
    50:      100.400      100.510      100.770      100.890      100.970
    55:      101.080      101.620      106.750      116.790      116.790
    60:      116.790      116.800      116.800      116.800      116.800
    65:      116.800      116.800      120.190      120.190      120.800
    70:      121.800      121.800      123.040      123.040      126.790
    75:      126.800      134.010      134.010      134.010      134.020
    80:      134.020      134.020      134.020      134.020      134.020
    85:      136.440      136.440      138.020      139.020      139.020
    90:      139.830      140.600      141.140      141.780      144.010
    95:      144.020      146.710      146.760      146.960      147.540
   100:      151.420      151.690      155.040      155.060      155.340
   105:      156.270      156.910      157.770      161.610      203.800
   110:      205.760      207.240      211.450      211.450      211.450
   115:      211.460      211.460      211.460      211.460      211.460
   120:      211.460      215.460      216.460      216.460      221.450
   125:      221.460      222.830      222.830      222.830      222.840
   130:      222.840      222.840      222.840      222.840      222.840
   135:      226.840      227.280      227.840      227.840      229.030
   140:      232.830      232.840      266.320      266.320      266.320
   145:      266.330      266.330      266.330      266.330      266.330
   150:      266.330      269.390      270.330      271.330      271.330
   155:      272.300      272.300      273.170      276.320      276.330
   160:      307.120      340.390      340.390      340.390      340.400
   165:      340.400      340.400      340.400      340.400      340.400
   170:      341.330      342.520      344.400      345.400      345.400
   175:      347.330      347.410      350.390      350.400      356.000
   180:      356.000      356.000      356.010      356.010      356.010
   185:      356.010      356.010      356.010      360.010      361.010
   190:      361.010      366.000      366.010      413.470      448.400
   195:      448.400      448.400      448.410      448.410      448.410
   200:      448.410      448.410      448.410      450.340      450.400
   205:      451.870      452.410      453.410      453.410      453.800
   210:      453.930      456.760      456.870      456.980      458.400
   215:      458.410      461.370      470.510      602.490      719.560
   220:      719.560      719.560      719.570      719.570      719.570
   225:      719.570      719.570      719.570      721.500      722.990
   230:      723.570      724.570      724.570      729.560      729.570
   235:      731.330      731.410      732.630      734.840      734.880
   240:      737.450      737.810      737.850      739.090      740.590
   245:      740.860      741.420      741.810      742.170      742.670
   250:      743.450      743.920      746.710      751.380      751.980
   255:      846.920      846.920      846.920      846.930      846.930
   260:      846.930      846.930      846.930      846.930      849.440
   265:      849.440      850.930      851.930      851.930      856.920
   270:      856.930      878.870      879.610      891.960      903.930
   275:      905.080      905.840      910.360      910.410      910.990
   280:      911.160      921.260      921.260      921.260      921.270
   285:      921.270      921.270      921.270      921.270      921.270
   290:      925.270      926.270      926.270      927.990      927.990
   295:      931.260      931.270      932.730      932.730      932.730
   300:      932.740      932.740      932.740      932.740      932.740
   305:      932.740      936.740      937.740      937.740      942.730
   310:      942.740      962.490      963.900      968.690      969.110
   315:      969.330      971.880      971.880      971.880      971.890
   320:      971.890      971.890      971.890      971.890      971.890
   325:      975.890      976.060      976.890      976.890      980.790
   330:      980.910      981.880      981.890      989.910      989.910
   335:      989.910      989.920      989.920      989.920      989.920
   340:      989.920      989.920      993.920      994.920      994.920
   345:      999.910      999.920     1037.060     1037.060     1037.060
   350:     1037.070     1037.070     1037.070     1037.070     1037.070
   355:     1037.070     1041.070     1042.070     1042.070     1047.060
   360:     1047.070     1047.510     1048.910     1049.360     1049.630
   365:     1050.370     1052.230     1053.170     1123.520     1123.520
   370:     1123.520     1123.530     1123.530     1123.530     1123.530
   375:     1123.530     1123.530     1127.530     1127.810     1127.810
   380:     1128.530     1128.530     1133.520     1133.530     1152.480
   385:     1158.890     1236.070     1255.840     1255.840     1255.840
   390:     1255.850     1255.850     1255.850     1255.850     1255.850
   395:     1255.850     1259.850     1260.850     1260.850     1265.840
   400:     1265.850     1402.510     1402.580     1415.500     1420.260
   405:     1420.260     1420.260     1420.270     1420.270     1420.270
   410:     1420.270     1420.270     1420.270     1424.270     1425.270
   415:     1425.270     1425.470     1425.470     1430.260     1430.270
   420:     1432.760     1499.250     1612.230     1620.570     1674.050
   425:     1679.530     1759.620     1759.620     1759.620     1759.630
   430:     1759.630     1759.630     1759.630     1759.630     1759.630
   435:     1763.630     1764.630     1764.630     1768.820     1769.250
   440:     1769.620     1769.630     1770.750     1771.300     1778.000
   445:     1778.090     1778.130     1779.160     1885.260     1968.160
   450:     1968.370     1968.420     1972.950     1973.580     1973.670
   455:     1977.770     1978.390     2043.500     2044.290     2066.950
   460:     2135.080     2135.080     2135.080     2135.090     2135.090
   465:     2135.090     2135.090     2135.090     2135.090     2139.090
   470:     2140.090     2140.090     2140.380     2140.780     2142.250
   475:     2142.440     2142.950     2143.260     2143.810     2144.030
   480:     2144.080     2144.440     2144.780     2145.080     2145.090
   485:     2145.200     2161.110     2190.160     2239.710     2240.760
   490:     2300.950     2301.890     2303.420     2303.620     2318.840
   495:     2346.230     2346.310     2375.650     2375.850     2401.710
   500:     2401.710     2401.710     2401.720     2401.720     2401.720
   505:     2401.720     2401.720     2401.720     2405.720     2406.080
   510:     2406.080     2406.720     2406.720     2411.710     2411.720
   515:     2449.080     2449.080     2449.080     2449.090     2449.090
   520:     2449.090     2449.090     2449.090     2449.090     2453.090
   525:     2454.090     2454.090     2459.080     2459.090     2469.970
   530:     2470.010     2489.680     2494.270     2494.780     2495.110
   535:     2497.250     2498.400     2501.290     2501.670     2505.080
   540:     2505.080     2505.080     2505.090     2505.090     2505.090
   545:     2505.090     2505.090     2505.090     2509.090     2510.090
   550:     2510.090     2515.080     2515.090     2550.970     2550.970
   555:     2550.970     2550.980     2550.980     2550.980     2550.980
   560:     2550.980     2550.980     2554.980     2555.980     2555.980
   565:     2560.970     2560.980     2573.030     2624.150     2645.320
   570:     2645.960     2646.070     2646.370     2647.590     2647.710
   575:     2647.940     2652.460     2653.770     2653.880     2654.090
   580:     2655.540     2655.590     2655.860     2655.920     2656.320
   585:     2656.810     2658.610     2662.500     2663.110     2663.400
   590:     2665.210     2666.610     2667.610     2668.330     2668.420
   595:     2668.770     2668.820     2669.830     2670.820     2670.910
   600:     2781.650     2963.990     2966.120     3192.870     3197.430
   605:     3215.030     3217.110     3343.280     3388.970     3388.970
   610:     3388.970     3388.980     3388.980     3388.980     3388.980
   615:     3388.980     3388.980     3392.980     3393.980     3393.980
   620:     3398.970     3398.980     3417.910     3418.360     3419.330
   625:     3547.910     3548.760     3548.840     3557.340     3557.340
   630:     3557.340     3557.350     3557.350     3557.350     3557.350
   635:     3557.350     3557.350     3561.110     3561.110     3561.350
   640:     3562.350     3562.350     3567.340     3567.350     3585.360
   645:     3600.000
