File: C:\MED-PC\Data\2024-11-08_09h13m_Subject 40.txt


Start Date: 11/08/24
End Date: 11/08/24
Subject: 40
Experiment: OralFentSA
Group: One
Box: 8
Start Time: 09:13:21
End Time: 12:13:37
MSN: 20241014Golden_Liq_SelfAdmin
F:       0.000
G:     888.000
H:   10800.000
I:       0.000
J:       0.000
K:       0.000
L:       0.000
M:       0.000
N:       0.000
O:       0.000
P:       0.000
Q:       0.000
R:       0.000
S:       0.000
U:       0.000
V:       0.000
W:       0.000
X:       0.000
Y:       0.000
Z:       0.000
A:
     0:        0.000        0.000      180.000        4.000        0.000
     5:        5.000        0.000        5.000        0.000        0.000
    10:        1.000        0.000       10.000   100000.000       21.000
    15:       15.000      640.000        0.000        0.000        0.000
    20:        0.000
B:
     0:        0.000        0.000        0.000      400.000        0.000
     5:      500.000        0.000      500.000        0.000        0.000
    10:        0.000        0.000     1000.000 10000000.000        0.000
    15:        0.000        0.000        0.000        0.000        0.000
    20:        0.000
C:
     0:       23.000       24.000       19.000       36.000      517.000
     5:     9233.250       67.910       14.000     3513.500      250.964
    10:       36.000       19.000        0.000        0.000        0.000
    15:        0.000        0.000        0.000        0.000        0.000
    20:        0.000
D:
     0:      708.880       71.640      266.470        2.600       63.310
     5:        2.820       78.120       69.740        2.360       13.150
    10:     2152.430        9.860        4.210       67.910
E:
     0:       19.000       11.000       26.000       27.000        6.000
     5:        6.000        6.000        6.000        6.000        6.000
    10:        6.000        6.000        6.000        6.000        6.000
    15:        6.000        6.000        6.000        6.000        6.000
    20:        6.000        6.000        6.000        6.000        6.000
    25:        6.000        6.000        6.000        6.000        6.000
    30:        6.000        6.000        6.000        6.000        6.000
    35:        6.000        6.000        6.000        6.000        6.000
    40:        6.000        6.000        6.000        6.000        6.000
    45:        6.000        6.000        6.000        6.000        6.000
    50:        6.000        6.000        6.000        6.000        6.000
    55:        6.000        6.000        6.000        6.000        6.000
    60:        6.000        6.000        6.000        6.000        6.000
    65:        6.000        6.000        6.000        6.000        6.000
    70:        6.000        6.000        6.000        6.000        6.000
    75:        6.000        6.000        6.000        6.000        6.000
    80:        6.000        6.000        6.000        6.000        6.000
    85:        6.000        6.000        6.000        6.000        6.000
    90:        6.000        6.000        6.000        6.000        6.000
    95:        6.000        6.000        6.000        6.000        6.000
   100:        6.000        6.000        6.000        6.000        6.000
   105:        6.000        6.000        6.000        6.000        6.000
   110:        6.000        6.000        6.000        6.000        6.000
   115:        6.000        6.000        6.000        6.000        6.000
   120:        6.000        6.000        6.000        6.000        6.000
   125:        6.000        6.000        6.000        6.000        6.000
   130:        6.000        6.000        6.000        6.000        6.000
   135:        6.000        6.000        6.000        6.000        6.000
   140:        6.000        6.000        6.000        6.000        6.000
   145:        6.000        6.000        6.000        6.000        6.000
   150:        6.000        6.000        6.000        6.000        6.000
   155:        6.000        6.000        6.000        6.000        6.000
   160:        6.000        6.000        6.000        6.000        6.000
   165:        6.000        6.000        6.000        6.000        6.000
   170:        6.000        6.000        6.000        6.000        6.000
   175:        6.000        6.000        6.000        6.000        6.000
   180:        6.000        6.000        6.000        6.000        6.000
   185:        6.000        6.000        6.000        6.000        6.000
   190:        6.000        6.000        6.000        6.000        6.000
   195:        6.000        6.000        6.000        6.000        6.000
   200:        6.000        6.000        6.000        6.000        6.000
   205:        6.000        6.000        6.000        6.000        6.000
   210:        6.000        6.000        6.000        6.000        6.000
   215:        6.000        6.000        6.000        6.000        6.000
   220:        6.000        6.000        6.000        6.000        6.000
   225:        6.000        6.000        6.000        6.000        6.000
   230:        6.000        6.000        6.000        6.000        6.000
   235:        6.000        6.000        6.000        6.000        6.000
   240:        6.000        6.000        6.000        6.000        6.000
   245:        6.000        6.000        6.000        6.000        6.000
   250:        6.000        6.000        6.000        6.000        6.000
   255:        6.000        6.000        6.000        6.000        6.000
   260:        6.000        6.000        6.000        6.000        6.000
   265:        6.000        6.000        6.000        6.000        6.000
   270:        6.000        6.000        6.000        6.000        6.000
   275:        6.000        6.000        6.000        6.000        6.000
   280:        6.000        6.000        6.000        6.000        6.000
   285:        6.000        6.000        6.000        6.000        6.000
   290:        6.000        6.000        6.000        6.000        6.000
   295:        6.000        6.000        6.000        6.000        6.000
   300:        6.000        6.000        6.000        6.000        6.000
   305:        6.000        6.000        6.000        6.000        6.000
   310:        6.000        6.000        6.000        6.000        6.000
   315:        6.000        6.000        6.000        6.000        6.000
   320:        6.000        6.000        6.000        6.000        6.000
   325:        6.000        6.000        6.000        6.000        6.000
   330:        6.000        1.000        2.000        4.000       22.000
   335:       24.000       12.000       13.000        8.000        5.000
   340:       17.000       18.000       14.000       10.000       19.000
   345:       11.000        1.000        1.000        1.000        6.000
   350:        6.000        6.000        6.000        2.000        4.000
   355:       22.000       24.000       12.000       13.000        8.000
   360:        5.000       17.000       18.000       14.000       10.000
   365:       19.000       11.000        2.000        4.000       22.000
   370:       24.000       12.000       13.000        8.000        5.000
   375:       17.000       18.000       14.000       10.000       19.000
   380:       11.000        6.000        6.000        6.000        2.000
   385:        4.000       22.000       24.000       12.000       13.000
   390:        8.000        5.000       17.000       21.000       22.000
   395:       18.000       14.000       10.000       19.000       11.000
   400:        6.000        6.000        6.000        6.000        6.000
   405:        6.000        6.000        6.000        6.000        6.000
   410:        6.000        6.000        6.000        6.000        6.000
   415:        6.000        6.000        6.000        6.000        6.000
   420:        6.000        6.000        6.000        6.000        6.000
   425:        6.000        6.000        6.000        2.000        4.000
   430:       22.000       24.000       12.000       13.000        8.000
   435:        5.000       17.000        6.000        6.000        6.000
   440:        6.000       18.000       14.000       10.000        6.000
   445:        6.000       19.000       11.000        2.000        4.000
   450:       22.000       24.000       12.000       13.000        8.000
   455:        5.000       17.000       21.000       22.000       18.000
   460:       14.000       10.000       19.000       11.000        6.000
   465:        6.000        6.000        2.000        4.000       22.000
   470:       24.000       12.000       13.000        8.000        5.000
   475:       17.000        6.000       18.000        6.000        6.000
   480:       14.000       10.000       21.000       22.000       19.000
   485:       11.000        2.000        4.000       22.000       24.000
   490:       12.000       13.000        8.000        5.000       17.000
   495:       21.000       22.000       21.000       22.000       18.000
   500:       14.000       10.000       19.000       11.000        6.000
   505:        6.000        2.000        4.000       22.000       24.000
   510:       12.000       13.000        8.000        5.000       17.000
   515:       18.000       14.000       10.000       21.000       22.000
   520:       21.000       22.000       19.000       11.000        2.000
   525:        4.000       22.000       24.000       12.000       13.000
   530:        8.000        5.000       17.000       21.000       22.000
   535:       18.000       14.000       10.000       21.000       22.000
   540:       19.000       11.000        6.000        2.000        4.000
   545:       22.000       24.000       12.000       13.000        8.000
   550:        5.000       17.000       18.000       21.000       22.000
   555:       14.000       10.000       21.000       22.000       19.000
   560:       11.000        2.000        4.000       22.000       24.000
   565:       12.000       13.000        8.000        5.000       17.000
   570:        6.000        6.000        6.000        6.000        6.000
   575:        6.000        6.000       18.000        6.000        6.000
   580:        6.000       14.000       10.000        6.000       19.000
   585:       11.000        2.000        4.000       22.000       24.000
   590:       12.000       13.000        8.000        5.000       17.000
   595:       21.000       22.000       21.000       22.000       18.000
   600:       14.000       10.000       19.000       11.000        2.000
   605:        4.000       22.000       24.000       12.000       13.000
   610:        8.000        5.000       17.000       18.000       14.000
   615:       10.000       19.000       11.000        1.000        2.000
   620:        4.000       22.000       24.000       12.000       13.000
   625:        8.000        5.000       17.000       18.000       14.000
   630:       10.000       19.000       11.000        6.000        6.000
   635:        6.000        6.000        6.000        6.000        6.000
   640:        6.000        6.000        6.000        6.000        6.000
   645:        6.000        6.000        6.000        6.000        6.000
   650:        6.000        6.000        6.000        6.000        6.000
   655:        1.000        2.000        4.000       22.000       24.000
   660:       12.000       13.000        8.000        5.000       17.000
   665:       18.000       14.000       10.000       19.000       11.000
   670:        2.000        4.000       22.000       24.000       12.000
   675:       13.000        8.000        5.000       17.000       18.000
   680:       14.000       10.000       19.000       11.000        1.000
   685:        1.000        1.000        1.000        1.000        1.000
   690:        1.000        6.000        6.000        6.000        6.000
   695:        6.000        6.000        6.000        6.000        6.000
   700:        6.000        6.000        6.000        6.000        2.000
   705:        4.000       22.000       24.000       12.000       13.000
   710:        8.000        5.000       17.000       18.000       14.000
   715:       10.000       19.000       11.000        2.000        4.000
   720:       22.000       24.000       12.000       13.000        8.000
   725:        5.000       17.000       18.000       14.000       10.000
   730:       19.000       11.000        2.000        4.000       22.000
   735:       24.000       12.000       13.000        8.000        5.000
   740:       17.000       18.000       14.000       10.000        6.000
   745:       19.000       11.000        1.000        6.000        6.000
   750:        6.000        2.000        4.000       22.000       24.000
   755:       12.000       13.000        8.000        5.000       17.000
   760:       18.000       14.000       10.000       19.000       11.000
   765:        2.000        4.000       22.000       24.000       12.000
   770:       13.000        8.000        5.000       17.000       18.000
   775:        6.000        6.000        6.000        6.000        6.000
   780:       14.000       10.000        6.000       19.000       11.000
   785:        6.000        6.000        6.000        6.000        6.000
   790:        6.000        6.000        6.000        6.000        6.000
   795:        6.000        6.000        6.000        6.000        2.000
   800:        4.000       22.000       24.000       12.000       13.000
   805:        8.000        5.000       17.000       18.000       14.000
   810:       10.000       19.000       11.000        1.000        6.000
   815:        6.000        6.000        6.000        6.000        6.000
   820:        6.000        6.000        6.000        6.000        6.000
   825:        6.000        6.000        6.000        6.000        6.000
   830:        6.000        6.000        6.000        6.000        6.000
   835:        6.000        6.000        6.000        6.000        6.000
   840:        6.000        6.000        6.000        6.000        6.000
   845:        6.000        6.000        6.000        6.000        6.000
   850:        6.000        6.000        6.000        6.000        6.000
   855:        6.000        6.000        6.000        6.000        6.000
   860:        6.000        6.000        6.000        6.000        6.000
   865:        6.000        6.000        6.000        6.000        6.000
   870:        6.000        6.000        6.000        6.000        6.000
   875:        6.000        6.000        6.000        6.000        6.000
   880:        6.000        6.000        6.000        6.000        1.000
   885:        1.000        1.000        1.000      100.000
T:
     0:        0.000        0.000        0.000        0.000        4.350
     5:        8.780       10.230       11.150       11.390       11.610
    10:       11.670       11.770       11.850       12.200       13.400
    15:       14.060       14.140       15.380       15.420       16.790
    20:       16.830       17.670       19.600       20.110       20.200
    25:       21.490       23.530       24.020       24.240       24.270
    30:       24.320       24.360       24.900       39.260       39.600
    35:       39.640       39.710       39.840       40.050       40.300
    40:       40.950       41.080       53.570       54.010       54.560
    45:       55.150       55.620       56.620       58.340       58.560
    50:       58.650       58.710       59.450       59.790       59.900
    55:       60.000       60.740       60.840       61.160       61.210
    60:       61.400       61.530       65.150       65.420       65.560
    65:       65.800       66.160       67.170       70.150       72.200
    70:       72.250       72.310       72.390       73.330       77.320
    75:       77.860       78.760       79.720       80.040       80.130
    80:       82.010       82.480       83.450       83.500       83.840
    85:       84.940       86.800       87.010       93.260       94.080
    90:       98.070       98.610       98.660       99.010       99.270
    95:       99.330      100.130      114.450      114.530      115.030
   100:      115.160      115.260      115.430      115.660      116.180
   105:      116.250      116.350      116.450      116.640      117.380
   110:      117.890      118.340      118.920      120.720      122.160
   115:      122.660      126.150      126.300      126.700      136.450
   120:      136.720      139.620      140.320      140.440      140.870
   125:      141.070      141.130      141.570      142.010      145.160
   130:      145.240      146.460      148.930      151.380      152.750
   135:      153.500      153.820      153.960      154.620      154.850
   140:      155.070      155.150      155.210      157.060      157.090
   145:      157.880      160.010      160.110      161.780      161.840
   150:      164.610      164.920      165.520      166.230      166.280
   155:      182.720      183.060      183.380      183.880      184.250
   160:      184.770      184.860      184.920      184.950      185.580
   165:      185.690      187.120      190.020      191.080      192.110
   170:      192.690      192.750      193.360      193.510      194.210
   175:      194.990      196.180      197.780      198.650      198.670
   180:      210.610      211.170      211.630      211.880      211.970
   185:      212.040      212.060      212.110      212.200      212.310
   190:      212.390      212.450      212.640      212.690      212.910
   195:      212.940      213.160      213.800      213.910      213.940
   200:      214.460      215.610      215.930      216.480      217.180
   205:      217.270      217.380      217.540      218.270      219.180
   210:      219.250      220.100      220.600      220.850      221.460
   215:      221.540      221.630      221.920      230.850      231.760
   220:      231.930      232.100      239.420      239.990      240.110
   225:      240.240      245.580      245.600      246.410      246.500
   230:      246.610      246.790      246.950      246.970      247.300
   235:      251.410      251.800      251.940      252.190      252.350
   240:      252.690      252.900      253.260      253.730      254.040
   245:      255.270      264.360      266.130      267.940      268.210
   250:      268.430      268.670      268.720      268.800      268.940
   255:      269.050      269.920      270.410      270.770      271.610
   260:      272.270      272.610      272.840      285.580      285.640
   265:      286.540      296.710      297.890      298.570      300.090
   270:      300.170      300.240      300.340      300.450      300.480
   275:      300.570      300.670      301.720      302.100      302.400
   280:      302.450      302.710      302.870      303.550      303.600
   285:      304.140      304.230      307.390      307.470      307.530
   290:      307.750      308.890      309.130      309.800      309.850
   295:      309.930      309.990      310.130      310.170      311.270
   300:      311.320      311.350      311.410      311.760      313.420
   305:      314.580      314.650      314.800      316.820      317.060
   310:      318.000      319.290      319.340      319.910      320.330
   315:      320.940      321.430      328.650      328.730      329.160
   320:      329.510      329.710      330.130      330.510      331.610
   325:      331.750      331.980      332.500      332.870      332.970
   330:      333.970      749.650      777.280      777.280      777.280
   335:      777.290      777.290      777.290      777.290      777.290
   340:      777.290      781.290      782.290      782.290      787.280
   345:      787.290      803.570     1395.160     1398.950     1486.170
   350:     1777.030     1780.330     1786.120     1805.460     1805.460
   355:     1805.460     1805.470     1805.470     1805.470     1805.470
   360:     1805.470     1805.470     1809.470     1810.470     1810.470
   365:     1815.460     1815.470     2756.350     2756.350     2756.350
   370:     2756.360     2756.360     2756.360     2756.360     2756.360
   375:     2756.360     2760.360     2761.360     2761.360     2766.350
   380:     2766.360     2828.000     2832.740     2833.090     2965.090
   385:     2965.090     2965.090     2965.100     2965.100     2965.100
   390:     2965.100     2965.100     2965.100     2968.500     2968.500
   395:     2969.100     2970.100     2970.100     2975.090     2975.100
   400:     3231.570     3232.510     3232.550     3236.830     3237.280
   405:     3239.660     3239.770     3240.530     3242.390     3242.500
   410:     3247.650     3247.820     3247.930     3252.370     3252.840
   415:     3253.130     3253.270     3253.550     3256.590     3256.620
   420:     3256.690     3256.920     3409.460     3410.710     3413.240
   425:     3413.820     3414.020     3414.900     3779.430     3779.430
   430:     3779.430     3779.440     3779.440     3779.440     3779.440
   435:     3779.440     3779.440     3782.040     3783.260     3783.330
   440:     3783.380     3783.440     3784.440     3784.440     3785.180
   445:     3786.820     3789.430     3789.440     3941.450     3941.450
   450:     3941.450     3941.460     3941.460     3941.460     3941.460
   455:     3941.460     3941.460     3942.570     3942.570     3945.460
   460:     3946.460     3946.460     3951.450     3951.460     4004.770
   465:     4568.490     4568.590     4578.190     4578.190     4578.190
   470:     4578.200     4578.200     4578.200     4578.200     4578.200
   475:     4578.200     4581.020     4582.200     4582.980     4583.110
   480:     4583.200     4583.200     4586.960     4586.960     4588.190
   485:     4588.200     4591.230     4591.230     4591.230     4591.240
   490:     4591.240     4591.240     4591.240     4591.240     4591.240
   495:     4593.010     4593.010     4593.790     4593.790     4595.240
   500:     4596.240     4596.240     4601.230     4601.240     4669.360
   505:     4669.800     4670.100     4670.100     4670.100     4670.110
   510:     4670.110     4670.110     4670.110     4670.110     4670.110
   515:     4674.110     4675.110     4675.110     4676.250     4676.250
   520:     4677.370     4677.370     4680.100     4680.110     4686.200
   525:     4686.200     4686.200     4686.210     4686.210     4686.210
   530:     4686.210     4686.210     4686.210     4690.060     4690.060
   535:     4690.210     4691.210     4691.210     4692.660     4692.660
   540:     4696.200     4696.210     4755.950     4756.670     4756.670
   545:     4756.670     4756.680     4756.680     4756.680     4756.680
   550:     4756.680     4756.680     4760.680     4761.010     4761.010
   555:     4761.680     4761.680     4763.050     4763.050     4766.670
   560:     4766.680     4771.160     4771.160     4771.160     4771.170
   565:     4771.170     4771.170     4771.170     4771.170     4771.170
   570:     4773.530     4773.580     4773.600     4774.190     4774.270
   575:     4774.600     4775.110     4775.170     4775.720     4775.740
   580:     4776.070     4776.170     4776.170     4776.180     4781.160
   585:     4781.170     4783.190     4783.190     4783.190     4783.200
   590:     4783.200     4783.200     4783.200     4783.200     4783.200
   595:     4784.660     4784.660     4784.900     4784.900     4787.200
   600:     4788.200     4788.200     4793.190     4793.200     4863.790
   605:     4863.790     4863.790     4863.800     4863.800     4863.800
   610:     4863.800     4863.800     4863.800     4867.800     4868.800
   615:     4868.800     4873.790     4873.800     4979.970     5817.790
   620:     5817.790     5817.790     5817.800     5817.800     5817.800
   625:     5817.800     5817.800     5817.800     5821.800     5822.800
   630:     5822.800     5827.790     5827.800     5830.950     5836.350
   635:     5836.400     5836.640     5836.730     5915.220     5915.420
   640:     5918.850     5922.420     5923.490     5925.230     5925.980
   645:     5929.130     5929.230     5929.340     5929.460     5929.500
   650:     5929.620     5930.230     5930.950     5931.050     5931.160
   655:     6233.630     6391.290     6391.290     6391.290     6391.300
   660:     6391.300     6391.300     6391.300     6391.300     6391.300
   665:     6395.300     6396.300     6396.300     6401.290     6401.300
   670:     6605.490     6605.490     6605.490     6605.500     6605.500
   675:     6605.500     6605.500     6605.500     6605.500     6609.500
   680:     6610.500     6610.500     6615.490     6615.500     6895.840
   685:     6967.010     8599.760     8660.270     8661.620     8744.830
   690:     8753.540     8757.930     8760.700     8760.960     8764.760
   695:     8764.790     8764.890     8767.880     8767.990     8769.670
   700:     8770.620     8770.680     8771.510     8771.550     8872.570
   705:     8872.570     8872.570     8872.580     8872.580     8872.580
   710:     8872.580     8872.580     8872.580     8876.580     8877.580
   715:     8877.580     8882.570     8882.580     8900.620     8900.620
   720:     8900.620     8900.630     8900.630     8900.630     8900.630
   725:     8900.630     8900.630     8904.630     8905.630     8905.630
   730:     8910.620     8910.630     8967.000     8967.000     8967.000
   735:     8967.010     8967.010     8967.010     8967.010     8967.010
   740:     8967.010     8971.010     8972.010     8972.010     8976.870
   745:     8977.000     8977.010     9145.680     9162.730     9162.800
   750:     9164.580     9191.420     9191.420     9191.420     9191.430
   755:     9191.430     9191.430     9191.430     9191.430     9191.430
   760:     9195.430     9196.430     9196.430     9201.420     9201.430
   765:     9203.070     9203.070     9203.070     9203.080     9203.080
   770:     9203.080     9203.080     9203.080     9203.080     9207.080
   775:     9207.290     9207.740     9207.770     9207.910     9208.020
   780:     9208.080     9208.080     9209.490     9213.070     9213.080
   785:     9213.210     9213.300     9213.350     9213.780     9214.060
   790:     9214.090     9214.120     9214.180     9214.290     9214.620
   795:     9218.740     9221.610     9221.670     9223.100     9233.240
   800:     9233.240     9233.240     9233.250     9233.250     9233.250
   805:     9233.250     9233.250     9233.250     9237.250     9238.250
   810:     9238.250     9243.240     9243.250     9252.020     9301.160
   815:     9302.470     9304.400     9304.600     9304.650     9304.710
   820:     9304.840     9305.060     9323.630     9324.770     9325.170
   825:     9326.340     9328.650     9331.470     9331.740     9331.790
   830:     9332.100     9332.970     9333.580     9334.990     9335.700
   835:     9335.780     9337.200     9338.720     9338.830     9339.200
   840:     9339.360     9339.550     9339.590     9340.060     9340.210
   845:     9340.550     9340.720     9341.290     9341.570     9341.740
   850:     9342.200     9344.930     9345.870     9346.230     9346.310
   855:     9348.710     9350.450     9352.390     9353.310     9353.380
   860:     9356.340     9359.080     9361.600     9363.580     9364.690
   865:     9367.090     9368.870     9374.210     9376.530     9376.950
   870:     9385.200     9385.290     9386.140     9386.590     9388.350
   875:     9423.780     9427.430     9427.890     9427.980     9428.040
   880:     9428.090     9429.020     9429.270     9460.560    10474.930
   885:    10761.180    10761.560    10761.950    10800.000
