File: C:\MED-PC\Data\2024-10-31_12h57m_Subject 49.txt


Start Date: 10/31/24
End Date: 10/31/24
Subject: 49
Experiment: OralFentSA
Group: One
Box: 5
Start Time: 12:57:30
End Time: 15:57:50
MSN: 20241014_Golden_Liq_SelfAdmin
F:       0.000
G:    1947.000
H:   10800.000
I:       0.000
J:       0.000
K:       0.000
L:       0.000
M:       0.000
N:       0.000
O:       0.000
P:       0.000
Q:       0.000
R:       0.000
S:       0.000
U:       0.000
V:       0.000
W:       0.000
X:       0.000
Y:       0.000
Z:       0.000
A:
     0:        0.000        0.000      180.000        4.000        0.000
     5:        5.000        0.000        5.000        0.000        0.000
    10:        1.000        0.000       10.000   100000.000       25.700
    15:        9.000      640.000        0.000        0.000        0.000
    20:        0.000
B:
     0:        0.000        0.000        0.000      400.000        0.000
     5:      500.000        0.000      500.000        0.000        0.000
    10:        0.000        0.000     1000.000 10000000.000        0.000
    15:        0.000        0.000        0.000        0.000        0.000
    20:        0.000
C:
     0:       22.000       23.000      105.000       25.000     1524.000
     5:     9657.750        4.540       22.000      604.460       27.475
    10:       25.000      105.000        0.000        0.000        0.000
    15:        0.000        0.000        0.000        0.000        0.000
    20:        0.000
D:
     0:      126.140       46.380        5.700        1.380        1.100
     5:        3.770        1.880      263.510        8.710        0.670
    10:        9.060       11.500        3.410       19.070       46.940
    15:       18.880        6.600        3.170       10.510        8.840
    20:        2.700        4.540
E:
     0:       19.000       11.000       26.000       27.000        6.000
     5:        1.000        1.000        1.000        2.000        4.000
    10:       22.000       24.000       12.000       13.000        8.000
    15:        5.000       17.000       21.000       22.000       18.000
    20:       14.000       10.000       21.000       22.000       19.000
    25:       11.000        6.000        6.000        1.000        2.000
    30:        4.000       22.000       24.000       12.000       13.000
    35:        8.000        5.000       17.000       18.000       14.000
    40:       10.000       19.000       11.000        6.000        6.000
    45:        6.000        6.000        6.000        6.000        6.000
    50:        6.000        6.000        6.000        6.000        2.000
    55:        4.000       22.000       24.000       12.000       13.000
    60:        8.000        5.000       17.000       21.000       22.000
    65:       18.000       14.000       10.000        6.000       19.000
    70:       11.000        6.000        6.000        6.000        1.000
    75:        6.000        6.000        6.000        2.000        4.000
    80:       22.000       24.000       12.000       13.000        8.000
    85:        5.000       17.000        6.000        6.000       18.000
    90:       14.000       10.000       19.000       11.000        6.000
    95:        6.000        6.000        6.000        6.000        6.000
   100:        6.000        6.000        6.000        6.000        6.000
   105:        6.000        6.000        6.000        6.000        6.000
   110:        2.000        4.000       22.000       24.000       12.000
   115:       13.000        8.000        5.000       17.000        6.000
   120:       18.000       14.000       10.000       19.000       11.000
   125:        2.000        4.000       22.000       24.000       12.000
   130:       13.000        8.000        5.000       17.000        6.000
   135:       18.000       14.000       10.000       19.000       11.000
   140:        6.000        6.000        6.000        6.000        6.000
   145:        2.000        4.000       22.000       24.000       12.000
   150:       13.000        8.000        5.000       17.000        6.000
   155:       18.000       14.000       10.000        6.000       19.000
   160:       11.000        6.000        6.000        6.000        6.000
   165:        2.000        4.000       22.000       24.000       12.000
   170:       13.000        8.000        5.000       17.000       18.000
   175:       14.000       10.000       19.000       11.000        6.000
   180:        6.000        6.000        6.000        6.000        6.000
   185:        6.000        6.000        6.000        6.000        6.000
   190:        6.000        6.000        6.000        6.000        6.000
   195:        6.000        6.000        6.000        6.000        6.000
   200:        6.000        6.000        6.000        6.000        6.000
   205:        6.000        6.000        6.000        6.000        6.000
   210:        6.000        6.000        6.000        6.000        6.000
   215:        6.000        6.000        6.000        6.000        6.000
   220:        6.000        6.000        6.000        6.000        6.000
   225:        6.000        6.000        6.000        6.000        6.000
   230:        6.000        6.000        2.000        4.000       22.000
   235:       24.000       12.000       13.000        8.000        5.000
   240:       17.000       18.000       14.000       10.000        6.000
   245:       19.000       11.000        6.000        6.000        6.000
   250:        6.000        6.000        6.000        6.000        6.000
   255:        6.000        6.000        6.000        6.000        6.000
   260:        6.000        6.000        6.000        6.000        6.000
   265:        6.000        6.000        6.000        6.000        6.000
   270:        6.000        6.000        6.000        6.000        6.000
   275:        6.000        6.000        6.000        6.000        6.000
   280:        6.000        6.000        6.000        6.000        6.000
   285:        6.000        6.000        6.000        6.000        6.000
   290:        6.000        6.000        6.000        6.000        6.000
   295:        6.000        6.000        6.000        6.000        6.000
   300:        6.000        6.000        6.000        6.000        6.000
   305:        6.000        6.000        6.000        6.000        6.000
   310:        6.000        6.000        6.000        6.000        6.000
   315:        6.000        6.000        6.000        6.000        6.000
   320:        6.000        6.000        6.000        6.000        6.000
   325:        6.000        6.000        6.000        6.000        6.000
   330:        6.000        6.000        6.000        6.000        6.000
   335:        6.000        6.000        6.000        6.000        6.000
   340:        6.000        6.000        6.000        6.000        6.000
   345:        6.000        6.000        1.000        1.000        1.000
   350:        6.000        6.000        6.000        6.000        6.000
   355:        2.000        4.000       22.000       24.000       12.000
   360:       13.000        8.000        5.000       17.000        6.000
   365:       18.000       14.000       10.000        6.000       19.000
   370:       11.000        6.000        2.000        4.000       22.000
   375:       24.000       12.000       13.000        8.000        5.000
   380:       17.000       18.000       14.000       10.000        6.000
   385:       19.000       11.000        6.000        6.000        1.000
   390:        1.000        6.000        6.000        6.000        6.000
   395:        6.000        6.000        6.000        6.000        6.000
   400:        6.000        6.000        6.000        6.000        6.000
   405:        6.000        6.000        6.000        6.000        6.000
   410:        6.000        1.000        6.000        6.000        6.000
   415:        6.000        6.000        6.000        6.000        6.000
   420:        6.000        1.000        6.000        6.000        6.000
   425:        6.000        6.000        6.000        6.000        1.000
   430:        1.000        6.000        1.000        1.000        1.000
   435:        1.000        6.000        1.000        1.000        1.000
   440:        6.000        1.000        1.000        1.000        1.000
   445:        1.000        1.000        1.000        1.000        1.000
   450:        6.000        1.000        1.000        1.000        6.000
   455:        1.000        6.000        6.000        6.000        1.000
   460:        6.000        1.000        6.000        6.000        6.000
   465:        6.000        6.000        6.000        6.000        6.000
   470:        6.000        6.000        6.000        6.000        6.000
   475:        6.000        6.000        6.000        6.000        6.000
   480:        6.000        6.000        6.000        6.000        2.000
   485:        4.000       22.000       24.000       12.000       13.000
   490:        8.000        5.000       17.000       18.000       14.000
   495:       10.000       19.000       11.000        6.000        6.000
   500:        6.000        1.000        1.000        6.000        2.000
   505:        4.000       22.000       24.000       12.000       13.000
   510:        8.000        5.000       17.000        6.000       18.000
   515:       14.000       10.000       19.000       11.000        1.000
   520:        6.000        6.000        6.000        6.000        6.000
   525:        6.000        6.000        6.000        6.000        6.000
   530:        1.000        1.000        6.000        6.000        6.000
   535:        6.000        6.000        6.000        6.000        1.000
   540:        1.000        6.000        6.000        6.000        6.000
   545:        6.000        6.000        6.000        6.000        6.000
   550:        6.000        6.000        6.000        6.000        6.000
   555:        6.000        6.000        6.000        1.000        6.000
   560:        6.000        6.000        6.000        6.000        6.000
   565:        6.000        6.000        6.000        6.000        6.000
   570:        6.000        6.000        6.000        6.000        1.000
   575:        6.000        1.000        6.000        6.000        6.000
   580:        6.000        6.000        1.000        6.000        6.000
   585:        6.000        6.000        1.000        6.000        6.000
   590:        1.000        1.000        1.000        6.000        1.000
   595:        1.000        1.000        1.000        6.000        6.000
   600:        6.000        6.000        6.000        6.000        6.000
   605:        6.000        6.000        6.000        6.000        6.000
   610:        1.000        6.000        6.000        6.000        6.000
   615:        6.000        6.000        6.000        6.000        6.000
   620:        6.000        6.000        6.000        2.000        4.000
   625:       22.000       24.000       12.000       13.000        8.000
   630:        5.000       17.000       18.000       14.000       10.000
   635:       19.000       11.000        6.000        6.000        6.000
   640:        6.000        6.000        6.000        6.000        6.000
   645:        6.000        6.000        6.000        6.000        6.000
   650:        6.000        6.000        6.000        6.000        6.000
   655:        6.000        6.000        6.000        6.000        6.000
   660:        6.000        6.000        6.000        6.000        6.000
   665:        6.000        6.000        6.000        6.000        6.000
   670:        6.000        6.000        6.000        6.000        6.000
   675:        6.000        1.000        6.000        6.000        6.000
   680:        6.000        6.000        6.000        1.000        1.000
   685:        1.000        6.000        6.000        6.000        6.000
   690:        6.000        6.000        6.000        1.000        1.000
   695:        6.000        6.000        6.000        6.000        6.000
   700:        6.000        6.000        1.000        6.000        6.000
   705:        6.000        1.000        6.000        6.000        6.000
   710:        6.000        6.000        6.000        6.000        1.000
   715:        1.000        1.000        6.000        6.000        6.000
   720:        1.000        1.000        1.000        1.000        1.000
   725:        6.000        6.000        6.000        6.000        6.000
   730:        6.000        6.000        6.000        6.000        2.000
   735:        4.000       22.000       24.000       12.000       13.000
   740:        8.000        5.000       17.000       18.000       14.000
   745:       10.000       19.000       11.000        6.000        6.000
   750:        6.000        6.000        6.000        6.000        6.000
   755:        6.000        6.000        6.000        6.000        6.000
   760:        6.000        6.000        6.000        6.000        6.000
   765:        6.000        6.000        6.000        6.000        6.000
   770:        6.000        6.000        6.000        6.000        6.000
   775:        6.000        6.000        6.000        6.000        6.000
   780:        6.000        6.000        6.000        6.000        6.000
   785:        6.000        6.000        6.000        6.000        6.000
   790:        6.000        6.000        6.000        6.000        6.000
   795:        6.000        6.000        1.000        6.000        6.000
   800:        6.000        6.000        6.000        6.000        6.000
   805:        6.000        6.000        6.000        6.000        6.000
   810:        6.000        6.000        6.000        6.000        6.000
   815:        6.000        6.000        6.000        6.000        6.000
   820:        6.000        6.000        6.000        6.000        6.000
   825:        6.000        6.000        6.000        6.000        6.000
   830:        6.000        6.000        6.000        6.000        6.000
   835:        6.000        6.000        6.000        6.000        6.000
   840:        6.000        6.000        6.000        6.000        6.000
   845:        1.000        6.000        6.000        6.000        1.000
   850:        6.000        6.000        6.000        6.000        2.000
   855:        4.000       22.000       24.000       12.000       13.000
   860:        8.000        5.000       17.000       18.000       14.000
   865:       10.000       19.000       11.000        6.000        6.000
   870:        6.000        1.000        6.000        6.000        2.000
   875:        4.000       22.000       24.000       12.000       13.000
   880:        8.000        5.000       17.000       18.000       14.000
   885:       10.000        6.000       19.000       11.000        6.000
   890:        6.000        2.000        4.000       22.000       24.000
   895:       12.000       13.000        8.000        5.000       17.000
   900:        6.000       18.000       14.000       10.000       19.000
   905:       11.000        6.000        6.000        6.000        6.000
   910:        6.000        6.000        6.000        1.000        1.000
   915:        6.000        1.000        1.000        6.000        1.000
   920:        1.000        6.000        6.000        6.000        6.000
   925:        1.000        6.000        1.000        1.000        6.000
   930:        6.000        6.000        1.000        1.000        6.000
   935:        6.000        6.000        6.000        6.000        6.000
   940:        6.000        6.000        1.000        6.000        6.000
   945:        6.000        6.000        6.000        2.000        4.000
   950:       22.000       24.000       12.000       13.000        8.000
   955:        5.000       17.000       18.000       14.000       10.000
   960:       19.000       11.000        6.000        6.000        1.000
   965:        6.000        6.000        6.000        6.000        6.000
   970:        6.000        6.000        6.000        6.000        6.000
   975:        6.000        6.000        6.000        6.000        6.000
   980:        6.000        6.000        6.000        6.000        6.000
   985:        6.000        6.000        1.000        6.000        1.000
   990:        1.000        1.000        6.000        6.000        6.000
   995:        6.000        6.000        6.000        6.000        6.000
  1000:        6.000        6.000        6.000        2.000        4.000
  1005:       22.000       24.000       12.000       13.000        8.000
  1010:        5.000       17.000       18.000       14.000       10.000
  1015:        6.000        6.000        6.000        6.000        6.000
  1020:       19.000       11.000        6.000        6.000        6.000
  1025:        6.000        6.000        6.000        6.000        6.000
  1030:        6.000        6.000        6.000        6.000        6.000
  1035:        6.000        6.000        6.000        6.000        6.000
  1040:        6.000        6.000        6.000        6.000        6.000
  1045:        6.000        6.000        6.000        6.000        6.000
  1050:        6.000        6.000        6.000        6.000        6.000
  1055:        6.000        6.000        6.000        6.000        6.000
  1060:        6.000        6.000        6.000        6.000        6.000
  1065:        6.000        6.000        6.000        6.000        6.000
  1070:        6.000        6.000        6.000        6.000        6.000
  1075:        6.000        6.000        6.000        6.000        6.000
  1080:        6.000        6.000        6.000        6.000        6.000
  1085:        6.000        6.000        6.000        6.000        6.000
  1090:        6.000        6.000        6.000        6.000        6.000
  1095:        6.000        6.000        1.000        1.000        6.000
  1100:        6.000        6.000        6.000        6.000        6.000
  1105:        6.000        6.000        6.000        6.000        6.000
  1110:        6.000        6.000        6.000        6.000        6.000
  1115:        6.000        6.000        6.000        6.000        6.000
  1120:        6.000        6.000        6.000        6.000        6.000
  1125:        6.000        6.000        6.000        6.000        6.000
  1130:        6.000        6.000        6.000        6.000        6.000
  1135:        6.000        6.000        6.000        6.000        6.000
  1140:        6.000        6.000        6.000        6.000        6.000
  1145:        6.000        6.000        6.000        6.000        6.000
  1150:        6.000        6.000        6.000        6.000        6.000
  1155:        6.000        6.000        6.000        6.000        6.000
  1160:        6.000        6.000        6.000        6.000        6.000
  1165:        1.000        6.000        6.000        1.000        6.000
  1170:        6.000        6.000        6.000        6.000        6.000
  1175:        6.000        6.000        6.000        6.000        6.000
  1180:        6.000        6.000        6.000        6.000        6.000
  1185:        6.000        6.000        6.000        6.000        6.000
  1190:        6.000        6.000        6.000        6.000        6.000
  1195:        6.000        6.000        6.000        6.000        6.000
  1200:        6.000        6.000        6.000        6.000        6.000
  1205:        6.000        6.000        6.000        6.000        6.000
  1210:        6.000        6.000        6.000        6.000        6.000
  1215:        6.000        6.000        6.000        6.000        6.000
  1220:        6.000        6.000        6.000        6.000        6.000
  1225:        6.000        6.000        6.000        6.000        6.000
  1230:        6.000        6.000        6.000        6.000        6.000
  1235:        6.000        6.000        6.000        6.000        6.000
  1240:        6.000        6.000        6.000        6.000        6.000
  1245:        6.000        6.000        6.000        6.000        6.000
  1250:        6.000        6.000        6.000        6.000        6.000
  1255:        6.000        6.000        6.000        6.000        6.000
  1260:        6.000        6.000        6.000        6.000        6.000
  1265:        6.000        6.000        6.000        6.000        6.000
  1270:        1.000        6.000        6.000        6.000        6.000
  1275:        6.000        6.000        6.000        6.000        6.000
  1280:        6.000        6.000        6.000        6.000        6.000
  1285:        6.000        1.000        6.000        6.000        6.000
  1290:        6.000        6.000        6.000        6.000        6.000
  1295:        6.000        6.000        6.000        6.000        6.000
  1300:        6.000        6.000        6.000        6.000        6.000
  1305:        6.000        6.000        6.000        6.000        6.000
  1310:        6.000        6.000        6.000        1.000        6.000
  1315:        1.000        1.000        6.000        6.000        6.000
  1320:        6.000        6.000        6.000        6.000        6.000
  1325:        6.000        6.000        6.000        6.000        6.000
  1330:        6.000        1.000        6.000        6.000        6.000
  1335:        1.000        6.000        6.000        6.000        6.000
  1340:        6.000        6.000        6.000        6.000        6.000
  1345:        6.000        6.000        6.000        6.000        6.000
  1350:        6.000        6.000        6.000        6.000        6.000
  1355:        6.000        6.000        6.000        6.000        6.000
  1360:        6.000        6.000        6.000        6.000        6.000
  1365:        6.000        6.000        6.000        6.000        6.000
  1370:        6.000        6.000        6.000        6.000        6.000
  1375:        6.000        6.000        6.000        6.000        6.000
  1380:        6.000        6.000        6.000        6.000        6.000
  1385:        6.000        6.000        6.000        6.000        6.000
  1390:        6.000        6.000        6.000        6.000        6.000
  1395:        6.000        6.000        6.000        6.000        6.000
  1400:        6.000        6.000        6.000        6.000        6.000
  1405:        6.000        6.000        6.000        6.000        6.000
  1410:        6.000        6.000        6.000        6.000        6.000
  1415:        6.000        6.000        6.000        6.000        6.000
  1420:        6.000        6.000        6.000        6.000        6.000
  1425:        6.000        6.000        6.000        6.000        6.000
  1430:        6.000        6.000        6.000        6.000        6.000
  1435:        6.000        6.000        6.000        6.000        6.000
  1440:        6.000        6.000        6.000        6.000        6.000
  1445:        6.000        6.000        6.000        6.000        6.000
  1450:        6.000        6.000        6.000        6.000        6.000
  1455:        6.000        6.000        6.000        6.000        6.000
  1460:        6.000        6.000        6.000        6.000        6.000
  1465:        6.000        6.000        6.000        6.000        6.000
  1470:        6.000        6.000        6.000        6.000        6.000
  1475:        6.000        6.000        6.000        6.000        6.000
  1480:        6.000        6.000        6.000        6.000        6.000
  1485:        6.000        6.000        6.000        6.000        6.000
  1490:        6.000        6.000        6.000        6.000        6.000
  1495:        6.000        6.000        6.000        6.000        6.000
  1500:        6.000        6.000        6.000        6.000        6.000
  1505:        6.000        6.000        6.000        6.000        6.000
  1510:        6.000        6.000        6.000        6.000        6.000
  1515:        6.000        6.000        6.000        6.000        6.000
  1520:        6.000        6.000        6.000        6.000        6.000
  1525:        6.000        6.000        6.000        6.000        6.000
  1530:        6.000        6.000        6.000        6.000        6.000
  1535:        2.000        4.000       22.000       24.000       12.000
  1540:       13.000        8.000        5.000       17.000        6.000
  1545:       18.000       14.000       10.000       19.000       11.000
  1550:        6.000        6.000        6.000        6.000        6.000
  1555:        6.000        6.000        6.000        6.000        6.000
  1560:        6.000        2.000        4.000       22.000       24.000
  1565:       12.000       13.000        8.000        5.000       17.000
  1570:       18.000        6.000       14.000       10.000        6.000
  1575:        6.000        6.000        6.000       19.000       11.000
  1580:        6.000        6.000        6.000        6.000        6.000
  1585:        6.000        6.000        6.000        6.000        6.000
  1590:        6.000        6.000        6.000        6.000        6.000
  1595:        6.000        6.000        6.000        6.000        6.000
  1600:        6.000        6.000        6.000        6.000        6.000
  1605:        6.000        6.000        6.000        6.000        6.000
  1610:        6.000        6.000        6.000        6.000        6.000
  1615:        6.000        6.000        6.000        6.000        6.000
  1620:        6.000        6.000        6.000        6.000        6.000
  1625:        6.000        6.000        6.000        6.000        6.000
  1630:        6.000        6.000        6.000        6.000        6.000
  1635:        6.000        6.000        6.000        6.000        6.000
  1640:        6.000        6.000        6.000        6.000        6.000
  1645:        6.000        6.000        6.000        6.000        6.000
  1650:        6.000        6.000        6.000        6.000        6.000
  1655:        6.000        6.000        6.000        6.000        6.000
  1660:        6.000        6.000        6.000        6.000        6.000
  1665:        6.000        6.000        6.000        6.000        6.000
  1670:        6.000        6.000        6.000        6.000        6.000
  1675:        6.000        6.000        6.000        6.000        6.000
  1680:        6.000        6.000        6.000        6.000        6.000
  1685:        6.000        6.000        6.000        6.000        6.000
  1690:        6.000        6.000        6.000        6.000        6.000
  1695:        6.000        6.000        6.000        6.000        6.000
  1700:        6.000        6.000        6.000        6.000        6.000
  1705:        6.000        6.000        6.000        6.000        6.000
  1710:        6.000        6.000        6.000        6.000        6.000
  1715:        6.000        6.000        6.000        6.000        6.000
  1720:        6.000        6.000        6.000        6.000        6.000
  1725:        6.000        6.000        6.000        6.000        6.000
  1730:        6.000        6.000        6.000        6.000        6.000
  1735:        6.000        6.000        6.000        6.000        6.000
  1740:        6.000        6.000        6.000        6.000        6.000
  1745:        6.000        6.000        6.000        6.000        6.000
  1750:        6.000        6.000        6.000        6.000        6.000
  1755:        6.000        6.000        6.000        6.000        6.000
  1760:        6.000        6.000        6.000        6.000        6.000
  1765:        6.000        6.000        6.000        6.000        6.000
  1770:        6.000        6.000        6.000        6.000        6.000
  1775:        6.000        6.000        6.000        6.000        6.000
  1780:        6.000        6.000        6.000        6.000        6.000
  1785:        6.000        6.000        6.000        6.000        6.000
  1790:        6.000        6.000        6.000        6.000        6.000
  1795:        6.000        6.000        6.000        6.000        6.000
  1800:        6.000        6.000        6.000        6.000        6.000
  1805:        6.000        6.000        6.000        6.000        6.000
  1810:        6.000        6.000        6.000        6.000        6.000
  1815:        6.000        6.000        6.000        6.000        6.000
  1820:        6.000        6.000        6.000        6.000        6.000
  1825:        6.000        6.000        6.000        6.000        6.000
  1830:        6.000        6.000        6.000        6.000        6.000
  1835:        6.000        6.000        6.000        6.000        6.000
  1840:        6.000        6.000        6.000        6.000        6.000
  1845:        6.000        6.000        6.000        6.000        6.000
  1850:        6.000        6.000        6.000        6.000        6.000
  1855:        6.000        6.000        6.000        6.000        6.000
  1860:        6.000        6.000        6.000        6.000        6.000
  1865:        6.000        6.000        6.000        6.000        6.000
  1870:        6.000        6.000        6.000        6.000        6.000
  1875:        6.000        6.000        6.000        6.000        6.000
  1880:        6.000        6.000        6.000        6.000        6.000
  1885:        6.000        6.000        6.000        6.000        6.000
  1890:        6.000        6.000        6.000        6.000        6.000
  1895:        6.000        6.000        6.000        6.000        6.000
  1900:        6.000        6.000        6.000        6.000        6.000
  1905:        6.000        6.000        6.000        6.000        6.000
  1910:        6.000        6.000        6.000        6.000        6.000
  1915:        6.000        6.000        6.000        6.000        6.000
  1920:        6.000        6.000        6.000        6.000        6.000
  1925:        6.000        6.000        6.000        6.000        6.000
  1930:        6.000        6.000        6.000        6.000        6.000
  1935:        6.000        6.000        6.000        6.000        6.000
  1940:        1.000        6.000        6.000        6.000        6.000
  1945:        6.000        6.000      100.000
T:
     0:        0.000        0.000        0.000        0.000       20.010
     5:       25.700       26.130       27.110       38.160       38.160
    10:       38.160       38.170       38.170       38.170       38.170
    15:       38.170       38.170       38.620       38.620       42.170
    20:       43.170       43.170       47.330       47.330       48.160
    25:       48.170      164.310      166.270      184.920      198.570
    30:      198.570      198.570      198.580      198.580      198.580
    35:      198.580      198.580      198.580      202.580      203.580
    40:      203.580      208.570      208.580      244.960      246.750
    45:      247.270      247.470      247.670      247.900      249.500
    50:      251.030      251.480      256.060      258.600      281.560
    55:      281.560      281.560      281.570      281.570      281.570
    60:      281.570      281.570      281.570      282.380      282.380
    65:      285.570      286.570      286.570      287.270      291.560
    70:      291.570      301.610      317.230      473.960      540.570
    75:      557.700      558.270      602.380      640.220      640.220
    80:      640.220      640.230      640.230      640.230      640.230
    85:      640.230      640.230      641.610      642.650      644.230
    90:      645.230      645.230      650.220      650.230      673.270
    95:      733.510      733.590      733.660      759.090      767.150
   100:      859.460      883.430     1032.150     1033.120     1033.520
   105:     1074.590     1075.230     1075.580     1091.780     1109.720
   110:     1118.260     1118.260     1118.260     1118.270     1118.270
   115:     1118.270     1118.270     1118.270     1118.270     1119.370
   120:     1122.270     1123.270     1123.270     1128.260     1128.270
   125:     1204.050     1204.050     1204.050     1204.060     1204.060
   130:     1204.060     1204.060     1204.060     1204.060     1207.830
   135:     1208.060     1209.060     1209.060     1214.050     1214.060
   140:     1233.830     1235.820     1236.030     1256.070     1258.410
   145:     1268.580     1268.580     1268.580     1268.590     1268.590
   150:     1268.590     1268.590     1268.590     1268.590     1270.470
   155:     1272.590     1273.590     1273.590     1274.290     1278.580
   160:     1278.590     1300.490     1331.180     1359.200     1359.340
   165:     1363.530     1363.530     1363.530     1363.540     1363.540
   170:     1363.540     1363.540     1363.540     1363.540     1367.540
   175:     1368.540     1368.540     1373.530     1373.540     1627.050
   180:     1632.990     1633.100     1650.560     1653.090     1653.280
   185:     1653.600     1653.640     1669.870     1682.260     1684.420
   190:     1685.100     1685.960     1692.910     1693.290     1701.130
   195:     1702.130     1702.370     1749.140     1760.260     1773.540
   200:     1777.760     1777.980     1778.130     1778.400     1778.530
   205:     1796.160     1812.420     1812.500     1812.670     1812.700
   210:     1815.180     1815.340     1829.640     1831.570     1851.420
   215:     1855.300     1855.700     1864.220     1872.020     1872.340
   220:     1877.280     1880.300     1880.560     1884.900     1885.070
   225:     1885.370     1929.600     1938.830     1939.420     1939.480
   230:     1944.290     1944.420     1945.740     1945.740     1945.740
   235:     1945.750     1945.750     1945.750     1945.750     1945.750
   240:     1945.750     1949.750     1950.750     1950.750     1954.460
   245:     1955.740     1955.750     1973.680     1973.870     2000.120
   250:     2004.910     2004.990     2005.120     2013.760     2013.800
   255:     2013.830     2017.410     2017.790     2021.850     2022.140
   260:     2030.170     2056.140     2058.990     2059.230     2059.360
   265:     2059.510     2102.320     2102.460     2102.570     2161.790
   270:     2162.150     2167.540     2169.210     2169.740     2171.180
   275:     2172.270     2179.500     2187.770     2193.600     2193.640
   280:     2193.890     2202.100     2202.230     2202.640     2202.680
   285:     2213.120     2214.470     2214.640     2214.810     2215.370
   290:     2226.470     2227.210     2235.670     2236.100     2236.200
   295:     2237.190     2246.280     2246.560     2252.810     2253.150
   300:     2267.530     2268.740     2268.860     2269.300     2269.520
   305:     2270.010     2270.170     2272.410     2272.690     2273.720
   310:     2273.780     2291.310     2291.480     2291.990     2292.190
   315:     2302.980     2303.100     2303.130     2303.290     2310.360
   320:     2310.540     2320.790     2321.150     2329.940     2330.100
   325:     2362.270     2363.270     2371.290     2371.370     2375.050
   330:     2375.140     2384.210     2385.310     2393.940     2394.030
   335:     2394.290     2412.920     2413.170     2413.330     2423.680
   340:     2423.870     2423.920     2448.710     2448.840     2448.920
   345:     2461.680     2462.000     2469.030     2469.240     2469.990
   350:     2481.130     2491.450     2491.970     2499.570     2499.700
   355:     2518.910     2518.910     2518.910     2518.920     2518.920
   360:     2518.920     2518.920     2518.920     2518.920     2519.590
   365:     2522.920     2523.920     2523.920     2528.090     2528.910
   370:     2528.920     2533.300     2544.350     2544.350     2544.350
   375:     2544.360     2544.360     2544.360     2544.360     2544.360
   380:     2544.360     2548.360     2549.360     2549.360     2553.420
   385:     2554.350     2554.360     2575.280     2588.180     2594.550
   390:     2594.800     2642.590     2642.660     2685.870     2686.010
   395:     2688.530     2688.560     2689.320     2702.480     2702.670
   400:     2712.570     2712.830     2712.950     2713.340     2730.190
   405:     2756.340     2761.150     2774.160     2776.380     2776.490
   410:     2777.190     2779.910     2806.360     2806.420     2809.460
   415:     2809.710     2810.150     2810.360     2815.480     2818.750
   420:     2839.730     2860.050     2880.640     2929.930     3023.750
   425:     3076.740     3093.600     3093.780     3093.970     3291.860
   430:     3337.300     3403.440     3612.660     3788.020     3798.780
   435:     3817.830     3828.730     3835.440     3836.390     3843.510
   440:     3874.540     3905.290     3905.630     3962.260     3966.000
   445:     3966.150     4012.500     4137.230     4143.690     4165.040
   450:     4172.560     4177.880     4185.190     4205.430     4230.490
   455:     4386.310     4402.390     4416.470     4418.340     4444.770
   460:     4450.200     4481.430     4483.350     4487.080     4490.140
   465:     4525.040     4534.720     4534.990     4535.690     4536.180
   470:     4541.390     4541.840     4541.900     4544.100     4553.640
   475:     4554.070     4554.290     4584.110     4584.600     4584.720
   480:     4585.260     4595.700     4596.270     4596.340     4603.140
   485:     4603.140     4603.140     4603.150     4603.150     4603.150
   490:     4603.150     4603.150     4603.150     4607.150     4608.150
   495:     4608.150     4613.140     4613.150     4614.650     4614.850
   500:     4631.770     4634.610     4635.400     4655.840     4657.230
   505:     4657.230     4657.230     4657.240     4657.240     4657.240
   510:     4657.240     4657.240     4657.240     4660.650     4661.240
   515:     4662.240     4662.240     4667.230     4667.240     4681.370
   520:     4708.020     4708.540     4718.290     4723.030     4728.610
   525:     4730.810     4731.300     4731.340     4731.650     4737.240
   530:     4775.100     4837.030     4843.720     4849.660     4849.960
   535:     4863.390     4882.380     4882.580     4882.610     4885.040
   540:     4885.770     4891.990     4892.580     4894.870     4895.390
   545:     4895.480     4895.600     4899.330     4901.360     4901.870
   550:     4901.930     4902.070     4918.150     4918.560     4918.720
   555:     4924.920     4946.970     4968.770     4974.230     4975.900
   560:     4995.780     5025.900     5071.240     5077.830     5092.340
   565:     5092.600     5111.380     5117.690     5124.410     5124.840
   570:     5125.090     5143.830     5160.220     5191.330     5194.090
   575:     5199.310     5201.950     5203.910     5204.070     5204.300
   580:     5256.510     5289.850     5295.770     5315.340     5315.430
   585:     5316.010     5316.570     5337.440     5355.900     5356.030
   590:     5430.730     5432.020     5439.980     5445.570     5458.060
   595:     5458.900     5460.480     5460.800     5475.070     5475.640
   600:     5476.100     5484.700     5489.190     5489.220     5489.560
   605:     5490.410     5490.530     5490.640     5490.660     5490.700
   610:     5496.730     5512.920     5513.020     5516.170     5517.280
   615:     5517.480     5520.150     5520.720     5521.590     5525.700
   620:     5526.070     5526.680     5526.720     5573.560     5573.560
   625:     5573.560     5573.570     5573.570     5573.570     5573.570
   630:     5573.570     5573.570     5577.570     5578.570     5578.570
   635:     5583.560     5583.570     5592.640     5592.870     5593.310
   640:     5599.200     5599.790     5600.010     5602.170     5602.420
   645:     5611.490     5611.660     5614.960     5620.910     5622.480
   650:     5628.380     5628.730     5628.810     5628.980     5632.500
   655:     5632.910     5634.620     5642.420     5643.010     5655.530
   660:     5662.550     5663.060     5686.050     5687.550     5687.870
   665:     5688.110     5688.840     5688.890     5688.950     5697.450
   670:     5698.070     5698.240     5699.110     5701.640     5705.890
   675:     5706.230     5718.600     5739.720     5752.730     5753.250
   680:     5753.660     5778.420     5778.890     5790.550     5790.960
   685:     5792.370     5797.010     5800.080     5808.720     5809.430
   690:     5812.420     5816.750     5857.380     5941.490     5942.160
   695:     5976.420     5976.490     5980.130     5985.750     5997.410
   700:     5997.710     5998.710     6011.140     6016.850     6016.900
   705:     6017.000     6019.420     6026.310     6026.330     6026.470
   710:     6026.920     6027.290     6034.490     6034.670     6040.030
   715:     6041.170     6079.300     6083.940     6084.310     6124.690
   720:     6138.990     6157.260     6177.750     6178.490     6182.950
   725:     6190.500     6190.700     6190.860     6193.490     6193.880
   730:     6195.550     6199.210     6212.790     6219.310     6221.310
   735:     6221.310     6221.310     6221.320     6221.320     6221.320
   740:     6221.320     6221.320     6221.320     6225.320     6226.320
   745:     6226.320     6231.310     6231.320     6268.260     6277.300
   750:     6278.500     6282.460     6287.650     6313.180     6313.680
   755:     6343.020     6348.350     6350.080     6358.020     6358.150
   760:     6358.270     6358.380     6364.530     6364.610     6364.680
   765:     6365.130     6365.740     6367.400     6368.640     6368.900
   770:     6369.170     6369.500     6376.550     6384.350     6384.640
   775:     6384.760     6386.380     6386.680     6390.620     6390.880
   780:     6391.370     6391.630     6391.970     6405.090     6405.110
   785:     6405.210     6417.610     6417.700     6417.840     6421.500
   790:     6428.290     6428.580     6428.810     6428.890     6429.010
   795:     6438.240     6438.470     6446.470     6450.360     6453.140
   800:     6463.700     6463.900     6464.200     6464.520     6464.910
   805:     6470.600     6471.150     6474.990     6475.740     6475.990
   810:     6480.140     6480.320     6500.320     6501.500     6501.850
   815:     6504.810     6505.030     6505.330     6505.450     6508.150
   820:     6508.390     6508.710     6520.600     6520.740     6530.870
   825:     6531.340     6531.420     6539.510     6540.010     6540.420
   830:     6546.920     6546.970     6553.340     6553.640     6554.910
   835:     6555.100     6555.640     6562.550     6563.170     6563.550
   840:     6574.670     6574.720     6578.860     6602.580     6602.780
   845:     6696.450     6704.060     6708.130     6716.620     6755.690
   850:     6769.820     6784.270     6802.940     6811.780     6826.370
   855:     6826.370     6826.370     6826.380     6826.380     6826.380
   860:     6826.380     6826.380     6826.380     6830.380     6831.380
   865:     6831.380     6836.370     6836.380     6845.260     6850.780
   870:     6851.190     6853.880     6860.000     6914.630     6917.490
   875:     6917.490     6917.490     6917.500     6917.500     6917.500
   880:     6917.500     6917.500     6917.500     6921.500     6922.500
   885:     6922.500     6924.100     6927.490     6927.500     6944.950
   890:     6954.130     6958.670     6958.670     6958.670     6958.680
   895:     6958.680     6958.680     6958.680     6958.680     6958.680
   900:     6961.850     6962.680     6963.680     6963.680     6968.670
   905:     6968.680     6985.450     7024.100     7024.450     7073.410
   910:     7073.640     7084.050     7086.480     7113.650     7114.140
   915:     7132.540     7143.420     7143.810     7149.710     7151.950
   920:     7155.440     7172.200     7175.440     7175.920     7182.510
   925:     7274.130     7294.390     7296.620     7297.170     7305.740
   930:     7318.950     7329.110     7337.600     7338.550     7352.900
   935:     7375.590     7428.500     7474.630     7541.340     7541.740
   940:     7542.220     7544.700     7547.170     7598.340     7611.510
   945:     7611.640     7620.820     7626.150     7629.630     7629.630
   950:     7629.630     7629.640     7629.640     7629.640     7629.640
   955:     7629.640     7629.640     7633.640     7634.640     7634.640
   960:     7639.630     7639.640     7640.150     7644.680     7670.170
   965:     7675.450     7676.020     7676.050     7677.730     7680.320
   970:     7684.310     7700.170     7700.640     7700.740     7703.850
   975:     7709.950     7728.160     7738.930     7745.140     7755.430
   980:     7766.340     7766.440     7766.520     7766.670     7781.120
   985:     7781.220     7781.340     7786.750     7794.600     7814.090
   990:     7831.180     7832.920     7838.470     7838.680     7850.290
   995:     7854.010     7860.740     7874.080     7877.420     7880.010
  1000:     7880.630     7883.260     7898.730     7907.300     7907.300
  1005:     7907.300     7907.310     7907.310     7907.310     7907.310
  1010:     7907.310     7907.310     7911.310     7912.310     7912.310
  1015:     7916.150     7916.910     7916.980     7917.020     7917.120
  1020:     7917.300     7917.310     7923.110     7929.450     7953.560
  1025:     7988.760     8001.000     8018.680     8031.040     8031.640
  1030:     8041.260     8046.090     8062.160     8062.820     8082.010
  1035:     8091.670     8091.880     8091.970     8093.560     8093.770
  1040:     8105.290     8105.510     8105.630     8105.790     8109.130
  1045:     8113.280     8113.700     8114.030     8117.410     8121.480
  1050:     8133.580     8133.690     8139.530     8142.410     8142.770
  1055:     8150.940     8155.070     8155.340     8168.980     8169.250
  1060:     8169.620     8169.660     8176.290     8176.750     8179.990
  1065:     8180.470     8180.550     8180.600     8182.280     8182.540
  1070:     8189.370     8193.190     8195.060     8195.450     8195.760
  1075:     8213.790     8218.370     8221.310     8221.520     8221.760
  1080:     8228.170     8231.640     8231.710     8231.850     8232.120
  1085:     8242.510     8242.930     8245.800     8253.770     8254.040
  1090:     8256.600     8256.900     8261.970     8262.220     8265.310
  1095:     8265.560     8265.750     8271.020     8271.970     8276.910
  1100:     8277.090     8278.070     8281.070     8283.740     8285.380
  1105:     8285.600     8288.710     8295.380     8295.630     8295.770
  1110:     8303.790     8304.110     8326.450     8326.550     8335.450
  1115:     8335.700     8335.810     8335.870     8336.150     8337.630
  1120:     8337.780     8338.150     8341.150     8342.140     8342.320
  1125:     8353.490     8361.000     8368.130     8368.390     8369.520
  1130:     8369.680     8370.590     8371.210     8373.770     8373.850
  1135:     8375.470     8382.330     8382.770     8385.550     8388.700
  1140:     8389.290     8396.060     8396.230     8397.240     8397.580
  1145:     8408.150     8408.520     8419.420     8420.170     8436.120
  1150:     8438.940     8446.590     8446.840     8447.100     8449.990
  1155:     8450.290     8450.370     8451.770     8462.760     8462.940
  1160:     8487.200     8487.480     8492.500     8492.620     8492.680
  1165:     8498.590     8502.530     8502.810     8508.160     8513.820
  1170:     8514.200     8516.820     8517.120     8517.210     8517.540
  1175:     8521.040     8524.770     8525.040     8525.460     8525.800
  1180:     8526.230     8537.730     8537.800     8537.930     8540.760
  1185:     8564.500     8566.690     8569.340     8569.640     8573.090
  1190:     8576.320     8582.400     8589.900     8590.070     8591.200
  1195:     8604.720     8604.750     8604.850     8607.990     8611.330
  1200:     8611.710     8611.840     8614.720     8618.080     8618.490
  1205:     8618.890     8619.170     8621.540     8623.930     8624.270
  1210:     8633.870     8637.090     8637.280     8643.200     8643.670
  1215:     8643.900     8644.150     8646.680     8647.000     8653.950
  1220:     8654.330     8655.040     8656.680     8671.340     8671.670
  1225:     8677.860     8677.970     8681.270     8687.380     8695.650
  1230:     8695.940     8698.570     8698.800     8705.470     8705.490
  1235:     8705.570     8710.090     8713.940     8722.920     8723.100
  1240:     8725.650     8725.860     8734.340     8734.540     8745.680
  1245:     8748.190     8748.400     8748.710     8748.920     8751.260
  1250:     8751.310     8751.410     8754.280     8754.360     8754.460
  1255:     8757.660     8762.100     8765.620     8765.930     8768.200
  1260:     8768.430     8771.300     8774.250     8774.500     8780.900
  1265:     8781.160     8783.820     8790.650     8790.970     8799.510
  1270:     8804.670     8806.780     8806.910     8811.250     8811.310
  1275:     8820.130     8820.200     8828.960     8834.610     8834.900
  1280:     8837.770     8844.640     8855.170     8866.760     8873.970
  1285:     8874.030     8901.600     8905.520     8905.600     8905.800
  1290:     8905.920     8913.490     8913.580     8913.630     8914.000
  1295:     8914.170     8915.720     8918.290     8924.080     8939.290
  1300:     8939.550     8944.580     8944.830     8948.210     8948.640
  1305:     8949.870     8950.480     8963.380     8963.590     8979.050
  1310:     8979.140     8979.600     8982.350     8984.380     8987.790
  1315:     8990.380     8990.590     8992.340     9006.120     9006.380
  1320:     9006.480     9012.430     9012.590     9018.080     9018.300
  1325:     9022.370     9034.610     9034.940     9043.670     9043.940
  1330:     9044.190     9062.760     9069.340     9072.550     9072.910
  1335:     9075.250     9077.940     9098.340     9098.480     9098.620
  1340:     9101.490     9104.290     9104.490     9108.040     9113.370
  1345:     9113.500     9113.590     9115.500     9115.740     9118.190
  1350:     9120.690     9121.190     9121.700     9130.150     9130.550
  1355:     9135.190     9135.300     9135.660     9136.220     9137.390
  1360:     9138.030     9142.730     9151.700     9153.900     9154.910
  1365:     9157.970     9158.240     9158.530     9165.340     9165.580
  1370:     9166.220     9169.030     9169.160     9169.230     9169.300
  1375:     9172.080     9183.130     9183.310     9188.610     9189.000
  1380:     9193.470     9202.400     9207.020     9219.870     9220.080
  1385:     9224.160     9227.510     9230.560     9230.850     9230.960
  1390:     9236.730     9237.470     9238.610     9246.170     9246.300
  1395:     9249.420     9249.760     9250.080     9252.870     9253.280
  1400:     9262.660     9267.690     9268.700     9269.450     9269.870
  1405:     9278.750     9278.900     9279.210     9282.300     9282.510
  1410:     9284.240     9292.110     9299.450     9304.010     9304.140
  1415:     9312.750     9312.950     9316.410     9316.590     9319.230
  1420:     9321.910     9326.140     9333.330     9338.070     9338.280
  1425:     9342.920     9343.790     9344.050     9352.960     9353.180
  1430:     9355.980     9357.500     9360.720     9361.130     9361.750
  1435:     9362.000     9364.630     9368.220     9369.770     9377.030
  1440:     9377.140     9377.260     9381.700     9381.870     9383.710
  1445:     9384.090     9394.810     9396.820     9397.760     9398.290
  1450:     9402.330     9408.910     9408.950     9409.100     9411.650
  1455:     9411.840     9412.130     9417.480     9417.510     9429.590
  1460:     9435.870     9436.130     9441.390     9444.800     9447.760
  1465:     9447.910     9448.030     9450.780     9451.070     9454.630
  1470:     9454.960     9457.770     9465.070     9467.940     9473.350
  1475:     9477.030     9483.530     9483.990     9492.350     9492.640
  1480:     9492.850     9493.170     9493.490     9493.610     9493.650
  1485:     9500.680     9503.780     9504.520     9512.120     9517.990
  1490:     9524.040     9524.320     9524.780     9533.850     9541.350
  1495:     9541.560     9547.610     9550.380     9551.560     9551.890
  1500:     9556.970     9557.270     9562.850     9563.010     9567.620
  1505:     9568.840     9570.880     9573.250     9575.970     9576.200
  1510:     9576.910     9577.320     9581.180     9581.250     9581.480
  1515:     9586.700     9587.040     9587.610     9589.980     9590.450
  1520:     9591.260     9594.640     9594.880     9595.220     9595.430
  1525:     9595.910     9596.320     9596.420     9596.610     9599.260
  1530:     9604.670     9605.000     9605.060     9614.100     9620.830
  1535:     9623.680     9623.680     9623.680     9623.690     9623.690
  1540:     9623.690     9623.690     9623.690     9623.690     9626.390
  1545:     9627.690     9628.690     9628.690     9633.680     9633.690
  1550:     9634.400     9634.920     9635.050     9635.240     9635.400
  1555:     9638.120     9638.460     9638.980     9641.320     9652.280
  1560:     9655.010     9657.740     9657.740     9657.740     9657.750
  1565:     9657.750     9657.750     9657.750     9657.750     9657.750
  1570:     9661.750     9662.290     9662.750     9662.750     9664.770
  1575:     9665.000     9665.210     9667.300     9667.740     9667.750
  1580:     9669.100     9670.430     9674.110     9679.840     9693.080
  1585:     9700.600     9700.910     9701.330     9703.350     9703.480
  1590:     9706.130     9706.450     9707.570     9712.060     9712.540
  1595:     9722.450     9725.070     9731.450     9731.710     9734.230
  1600:     9749.480     9750.230     9750.410     9750.560     9750.840
  1605:     9755.320     9756.070     9761.690     9761.890     9762.000
  1610:     9765.940     9766.330     9771.290     9781.110     9787.950
  1615:     9791.000     9791.140     9791.280     9791.350     9791.480
  1620:     9794.230     9794.540     9797.390     9797.710     9801.010
  1625:     9801.170     9804.560     9804.650     9804.860     9805.280
  1630:     9807.360     9815.070     9815.170     9817.940     9818.410
  1635:     9818.650     9821.150     9824.500     9824.800     9824.980
  1640:     9827.480     9830.660     9830.740     9835.960     9836.110
  1645:     9838.260     9838.760     9853.810     9856.940     9861.020
  1650:     9867.430     9868.030     9868.430     9869.050     9876.570
  1655:     9876.880     9879.170     9879.510     9879.630     9879.780
  1660:     9885.760     9891.060     9900.830     9901.290     9901.920
  1665:     9907.870     9908.110     9910.110     9912.960     9924.250
  1670:     9924.590     9924.740     9925.140     9925.230     9929.820
  1675:     9934.770     9935.150     9935.570     9935.630     9938.460
  1680:     9938.710     9944.050     9949.150     9957.950     9958.190
  1685:     9966.180     9969.210     9969.500     9969.780     9969.950
  1690:     9970.150     9970.330     9970.860     9971.070     9975.740
  1695:     9981.310     9981.560     9981.750     9982.010     9983.680
  1700:     9984.420     9994.120     9998.610    10008.220    10008.290
  1705:    10008.570    10011.760    10011.990    10015.290    10015.340
  1710:    10015.600    10017.060    10026.960    10027.100    10035.570
  1715:    10035.870    10036.120    10039.410    10042.760    10043.070
  1720:    10043.400    10050.430    10058.570    10058.840    10062.230
  1725:    10074.530    10074.680    10077.970    10082.370    10091.350
  1730:    10091.570    10097.240    10097.580    10100.320    10100.820
  1735:    10100.930    10101.430    10104.300    10108.020    10108.360
  1740:    10123.640    10124.050    10126.650    10128.910    10132.090
  1745:    10142.610    10142.710    10145.530    10145.770    10145.860
  1750:    10146.310    10149.070    10149.390    10152.220    10170.970
  1755:    10171.140    10171.250    10171.330    10183.520    10183.820
  1760:    10183.900    10188.990    10194.880    10197.110    10197.200
  1765:    10202.060    10209.070    10209.140    10212.330    10222.060
  1770:    10222.120    10225.370    10225.790    10231.180    10231.370
  1775:    10235.680    10240.800    10244.540    10249.420    10249.900
  1780:    10255.200    10260.140    10260.440    10266.570    10269.210
  1785:    10269.490    10272.750    10273.090    10273.440    10273.700
  1790:    10274.050    10280.960    10281.250    10287.530    10288.040
  1795:    10290.390    10290.560    10301.030    10301.270    10312.670
  1800:    10312.720    10312.930    10313.340    10313.390    10318.470
  1805:    10318.720    10323.230    10325.610    10329.300    10335.880
  1810:    10351.900    10359.330    10365.220    10365.430    10370.800
  1815:    10379.370    10379.600    10393.210    10397.360    10408.960
  1820:    10412.840    10417.050    10427.830    10434.280    10437.350
  1825:    10437.420    10440.210    10441.870    10442.040    10443.750
  1830:    10447.260    10447.320    10456.020    10456.170    10459.150
  1835:    10459.600    10466.510    10466.850    10472.550    10477.570
  1840:    10477.860    10478.180    10478.780    10479.070    10479.390
  1845:    10480.130    10480.400    10480.560    10480.670    10481.010
  1850:    10481.970    10482.130    10487.620    10490.600    10490.790
  1855:    10495.030    10495.340    10495.860    10501.000    10501.050
  1860:    10502.660    10503.080    10510.770    10513.620    10515.270
  1865:    10515.380    10515.550    10516.140    10516.580    10523.810
  1870:    10531.790    10531.890    10538.320    10550.490    10550.690
  1875:    10555.980    10556.270    10560.950    10581.020    10581.380
  1880:    10581.790    10582.060    10589.640    10592.280    10594.890
  1885:    10595.400    10605.010    10622.420    10622.740    10622.920
  1890:    10629.280    10629.460    10633.740    10634.100    10634.620
  1895:    10635.000    10635.170    10638.190    10638.530    10641.270
  1900:    10648.560    10649.080    10649.690    10652.920    10653.240
  1905:    10653.460    10657.780    10658.060    10663.370    10663.490
  1910:    10666.380    10666.780    10670.520    10679.820    10683.380
  1915:    10683.710    10684.030    10684.280    10684.540    10687.010
  1920:    10690.560    10695.810    10696.130    10696.210    10701.090
  1925:    10707.050    10714.160    10717.240    10717.370    10717.390
  1930:    10721.580    10725.530    10728.140    10728.940    10729.370
  1935:    10733.440    10733.580    10738.640    10738.820    10743.360
  1940:    10746.860    10748.310    10759.210    10774.760    10775.070
  1945:    10786.840    10787.150    10800.000
