File: C:\MED-PC\Data\2024-11-06_08h59m_Subject 34.txt


Start Date: 11/06/24
End Date: 11/06/24
Subject: 34
Experiment: OralFentSA
Group: One
Box: 2
Start Time: 08:59:17
End Time: 12:00:18
MSN: 20241014_Golden_Liq_SelfAdmin
F:       0.000
G:     827.000
H:   10800.000
I:       0.000
J:       0.000
K:       0.000
L:       0.000
M:       0.000
N:       0.000
O:       0.000
P:       0.000
Q:       0.000
R:       0.000
S:       0.000
U:       0.000
V:       0.000
W:       0.000
X:       0.000
Y:       0.000
Z:       0.000
A:
     0:        0.000        0.000      180.000        4.000        0.000
     5:        5.000        0.000        5.000        0.000        0.000
    10:        1.000        0.000       10.000   100000.000       19.000
    15:       13.000      640.000        0.000        0.000        0.000
    20:        0.000
B:
     0:        0.000        0.000        0.000      400.000        0.000
     5:      500.000        0.000      500.000        0.000        0.000
    10:        0.000        0.000     1000.000 10000000.000        0.000
    15:        0.000        0.000        0.000        0.000        0.000
    20:        0.000
C:
     0:       24.000       25.000        5.000       33.000      464.000
     5:     9047.450       16.960       24.000       63.730        2.655
    10:       33.000        5.000        0.000        0.000        0.000
    15:        0.000        0.000        0.000        0.000        0.000
    20:        0.000
D:
     0:        1.510        1.550        0.790        5.880        1.380
     5:        0.570        1.090        0.730        1.600        0.800
    10:        1.160        0.690        6.250        7.490        2.990
    15:        1.750        1.230        1.130        2.040        1.880
    20:        1.800        0.870        1.590       16.960
E:
     0:       19.000       11.000       26.000       27.000        2.000
     5:        4.000       22.000       24.000       12.000       13.000
    10:        8.000        5.000       17.000        6.000       18.000
    15:       14.000       10.000       21.000       22.000       21.000
    20:       22.000       19.000       11.000        6.000        2.000
    25:        4.000       22.000       24.000       12.000       13.000
    30:        8.000        5.000       17.000        6.000       18.000
    35:       21.000       22.000       14.000       10.000       19.000
    40:       11.000        1.000        2.000        4.000       22.000
    45:       24.000       12.000       13.000        8.000        5.000
    50:       17.000        6.000       18.000       14.000       10.000
    55:       19.000       11.000        2.000        4.000       22.000
    60:       24.000       12.000       13.000        8.000        5.000
    65:       17.000       18.000       14.000       10.000        6.000
    70:       21.000       22.000       19.000       11.000        6.000
    75:        6.000        6.000        6.000        6.000        6.000
    80:        1.000        2.000        4.000       22.000       24.000
    85:       12.000       13.000        8.000        5.000       17.000
    90:        6.000       18.000       14.000       10.000        6.000
    95:        6.000        6.000        6.000       19.000       11.000
   100:        6.000        6.000        6.000        6.000        6.000
   105:        6.000        6.000        6.000        6.000        6.000
   110:        6.000        6.000        6.000        6.000        6.000
   115:        6.000        6.000        6.000        6.000        6.000
   120:        6.000        6.000        6.000        6.000        6.000
   125:        6.000        6.000        6.000        6.000        6.000
   130:        6.000        6.000        6.000        6.000        6.000
   135:        6.000        6.000        6.000        6.000        6.000
   140:        6.000        6.000        6.000        6.000        6.000
   145:        6.000        6.000        6.000        6.000        6.000
   150:        6.000        6.000        6.000        6.000        6.000
   155:        6.000        6.000        6.000        2.000        4.000
   160:       22.000       24.000       12.000       13.000        8.000
   165:        5.000       17.000        6.000       18.000       14.000
   170:       10.000        6.000        6.000        6.000       19.000
   175:       11.000        6.000        6.000        6.000        6.000
   180:        6.000        6.000        6.000        6.000        6.000
   185:        6.000        6.000        6.000        6.000        6.000
   190:        6.000        6.000        6.000        6.000        6.000
   195:        6.000        6.000        6.000        6.000        6.000
   200:        6.000        6.000        6.000        2.000        4.000
   205:       22.000       24.000       12.000       13.000        8.000
   210:        5.000       17.000        6.000       18.000        6.000
   215:       14.000       10.000        6.000       19.000       11.000
   220:        6.000        6.000        6.000        6.000        6.000
   225:        6.000        6.000        6.000        6.000        6.000
   230:        6.000        6.000        6.000        6.000        6.000
   235:        6.000        6.000        6.000        6.000        6.000
   240:        2.000        4.000       22.000       24.000       12.000
   245:       13.000        8.000        5.000       17.000        6.000
   250:       18.000       14.000       10.000        6.000       19.000
   255:       11.000        6.000        6.000        6.000        6.000
   260:        6.000        6.000        6.000        6.000        6.000
   265:        6.000        6.000        2.000        4.000       22.000
   270:       24.000       12.000       13.000        8.000        5.000
   275:       17.000        6.000       18.000        6.000       14.000
   280:       10.000        6.000        6.000       19.000       11.000
   285:        6.000        6.000        6.000        6.000        2.000
   290:        4.000       22.000       24.000       12.000       13.000
   295:        8.000        5.000       17.000        6.000       18.000
   300:       14.000       10.000       19.000       11.000        6.000
   305:        6.000        6.000        6.000        6.000        2.000
   310:        4.000       22.000       24.000       12.000       13.000
   315:        8.000        5.000       17.000        6.000       18.000
   320:       14.000       10.000        6.000       19.000       11.000
   325:        6.000        6.000        6.000        6.000        6.000
   330:        6.000        6.000        6.000        6.000        6.000
   335:        6.000        6.000        6.000        6.000        6.000
   340:        6.000        6.000        6.000        6.000        6.000
   345:        6.000        6.000        6.000        6.000        6.000
   350:        6.000        6.000        6.000        6.000        6.000
   355:        6.000        6.000        6.000        6.000        6.000
   360:        6.000        6.000        6.000        6.000        6.000
   365:        6.000        6.000        6.000        6.000        6.000
   370:        6.000        6.000        6.000        6.000        6.000
   375:        6.000        6.000        6.000        6.000        6.000
   380:        6.000        6.000        6.000        6.000        6.000
   385:        6.000        6.000        6.000        6.000        6.000
   390:        6.000        6.000        6.000        6.000        6.000
   395:        6.000        6.000        6.000        6.000        6.000
   400:        6.000        6.000        6.000        6.000        6.000
   405:        6.000        6.000        6.000        6.000        6.000
   410:        6.000        6.000        6.000        6.000        6.000
   415:        6.000        6.000        6.000        6.000        6.000
   420:        6.000        6.000        6.000        6.000        6.000
   425:        6.000        6.000        6.000        6.000        6.000
   430:        6.000        6.000        6.000        6.000        6.000
   435:        6.000        6.000        6.000        6.000        6.000
   440:        6.000        6.000        6.000        6.000        6.000
   445:        6.000        6.000        6.000        6.000        6.000
   450:        6.000        6.000        6.000        6.000        6.000
   455:        6.000        6.000        6.000        6.000        6.000
   460:        6.000        6.000        6.000        6.000        6.000
   465:        6.000        6.000        6.000        6.000        6.000
   470:        6.000        6.000        6.000        6.000        6.000
   475:        6.000        6.000        6.000        6.000        6.000
   480:        6.000        6.000        6.000        6.000        6.000
   485:        6.000        6.000        6.000        6.000        6.000
   490:        6.000        6.000        6.000        6.000        2.000
   495:        4.000       22.000       24.000       12.000       13.000
   500:        8.000        5.000       17.000        6.000        6.000
   505:       18.000       14.000       10.000       21.000       22.000
   510:       19.000       11.000        6.000        2.000        4.000
   515:       22.000       24.000       12.000       13.000        8.000
   520:        5.000       17.000       21.000       22.000       18.000
   525:       14.000       10.000        6.000        6.000       19.000
   530:       11.000        2.000        4.000       22.000       24.000
   535:       12.000       13.000        8.000        5.000       17.000
   540:       18.000       14.000       10.000        6.000       19.000
   545:       11.000        1.000        1.000        1.000        6.000
   550:        2.000        4.000       22.000       24.000       12.000
   555:       13.000        8.000        5.000       17.000        6.000
   560:       18.000       14.000       10.000       19.000       11.000
   565:        2.000        4.000       22.000       24.000       12.000
   570:       13.000        8.000        5.000       17.000        6.000
   575:       18.000        6.000        6.000       14.000       10.000
   580:       19.000       11.000        2.000        4.000       22.000
   585:       24.000       12.000       13.000        8.000        5.000
   590:       17.000        6.000        6.000       18.000       14.000
   595:       10.000       19.000       11.000        6.000        6.000
   600:        6.000        6.000        6.000        6.000        6.000
   605:        6.000        6.000        6.000        6.000        6.000
   610:        6.000        6.000        6.000        6.000        6.000
   615:        6.000        6.000        6.000        6.000        6.000
   620:        6.000        6.000        6.000        6.000        6.000
   625:        6.000        6.000        6.000        6.000        6.000
   630:        6.000        6.000        6.000        6.000        6.000
   635:        6.000        6.000        6.000        6.000        6.000
   640:        6.000        6.000        6.000        6.000        6.000
   645:        6.000        6.000        6.000        6.000        6.000
   650:        6.000        6.000        6.000        6.000        6.000
   655:        6.000        6.000        6.000        6.000        6.000
   660:        6.000        6.000        6.000        6.000        6.000
   665:        6.000        6.000        6.000        6.000        6.000
   670:        6.000        6.000        6.000        6.000        2.000
   675:        4.000       22.000       24.000       12.000       13.000
   680:        8.000        5.000       17.000        6.000       18.000
   685:       14.000       10.000        6.000       19.000       11.000
   690:        6.000        6.000        6.000        6.000        6.000
   695:        2.000        4.000       22.000       24.000       12.000
   700:       13.000        8.000        5.000       17.000        6.000
   705:       18.000       14.000       10.000       19.000       11.000
   710:        6.000        6.000        6.000        6.000        6.000
   715:        6.000        2.000        4.000       22.000       24.000
   720:       12.000       13.000        8.000        5.000       17.000
   725:        6.000       18.000       14.000       10.000        6.000
   730:       19.000       11.000        2.000        4.000       22.000
   735:       24.000       12.000       13.000        8.000        5.000
   740:       17.000        6.000        6.000       18.000       14.000
   745:       10.000        6.000       19.000       11.000        2.000
   750:        4.000       22.000       24.000       12.000       13.000
   755:        8.000        5.000       17.000        6.000       18.000
   760:       14.000       10.000       19.000       11.000        2.000
   765:        4.000       22.000       24.000       12.000       13.000
   770:        8.000        5.000       17.000        6.000       18.000
   775:       14.000       10.000        6.000       19.000       11.000
   780:        2.000        4.000       22.000       24.000       12.000
   785:       13.000        8.000        5.000       17.000       21.000
   790:       22.000       18.000       21.000       22.000       14.000
   795:       10.000       21.000       22.000       19.000       11.000
   800:        6.000        6.000        6.000        6.000        6.000
   805:        6.000        6.000        6.000        6.000        6.000
   810:        6.000        6.000        6.000        6.000        6.000
   815:        6.000        6.000        6.000        6.000        6.000
   820:        6.000        6.000        6.000        6.000        6.000
   825:        6.000        6.000      100.000
T:
     0:        0.000        0.000        0.000        0.000        4.460
     5:        4.460        4.460        4.470        4.470        4.470
    10:        4.470        4.470        4.470        5.980        8.470
    15:        9.470        9.470       10.410       10.410       11.390
    20:       11.390       14.460       14.470       16.770       30.580
    25:       30.580       30.580       30.590       30.590       30.590
    30:       30.590       30.590       30.590       32.140       34.590
    35:       34.890       34.890       35.590       35.590       40.580
    40:       40.590       51.440       59.960       59.960       59.960
    45:       59.970       59.970       59.970       59.970       59.970
    50:       59.970       60.760       63.970       64.970       64.970
    55:       69.960       69.970       79.240       79.240       79.240
    60:       79.250       79.250       79.250       79.250       79.250
    65:       79.250       83.250       84.250       84.250       85.130
    70:       88.240       88.240       89.240       89.250      100.320
    75:      100.840      104.130      104.830      109.930      112.640
    80:      161.180      167.950      167.950      167.950      167.960
    85:      167.960      167.960      167.960      167.960      167.960
    90:      169.340      171.960      172.960      172.960      174.720
    95:      174.780      176.060      177.720      177.950      177.960
   100:      177.970      181.520      246.150      246.890      289.200
   105:      416.670      419.350      419.420      435.050      435.680
   110:      436.820      437.580      437.620      438.470      438.690
   115:      438.710      438.730      439.080      440.460      443.610
   120:      507.370      511.680      575.870      576.250      650.610
   125:      679.670      680.830      681.550      682.330      683.130
   130:      683.190      693.600      696.300      696.630      698.980
   135:      700.310      726.570      727.100      728.980      731.130
   140:      735.720      736.150      788.600      794.750      795.660
   145:      797.820      798.320      798.750      799.380      799.480
   150:      806.050      829.360     1024.800     1025.420     1027.000
   155:     1099.110     1099.820     1099.990     1119.350     1119.350
   160:     1119.350     1119.360     1119.360     1119.360     1119.360
   165:     1119.360     1119.360     1119.930     1123.360     1124.360
   170:     1124.360     1126.650     1126.710     1126.810     1129.350
   175:     1129.360     1130.160     1130.990     1131.200     1131.410
   180:     1132.780     1148.260     1150.800     1251.760     1325.230
   185:     1467.190     1468.890     1469.100     1495.440     1495.520
   190:     1495.760     1502.570     1502.900     1504.310     1506.510
   195:     1513.010     1513.950     1514.150     1514.970     1721.030
   200:     1721.740     1721.790     1721.830     1726.160     1726.160
   205:     1726.160     1726.170     1726.170     1726.170     1726.170
   210:     1726.170     1726.170     1727.260     1730.170     1730.920
   215:     1731.170     1731.170     1731.450     1736.160     1736.170
   220:     1887.450     2046.040     2046.400     2057.660     2059.770
   225:     2206.720     2206.770     2332.900     2335.230     2336.140
   230:     2336.870     2337.250     2337.400     2357.430     2422.430
   235:     2423.200     2424.010     2481.820     2488.900     2489.300
   240:     2507.590     2507.590     2507.590     2507.600     2507.600
   245:     2507.600     2507.600     2507.600     2507.600     2508.330
   250:     2511.600     2512.600     2512.600     2516.620     2517.590
   255:     2517.600     2525.110     2540.870     2541.070     2545.240
   260:     2545.400     2550.770     2558.770     2560.170     2561.890
   265:     2563.230     2563.860     2566.580     2566.580     2566.580
   270:     2566.590     2566.590     2566.590     2566.590     2566.590
   275:     2566.590     2568.190     2570.590     2571.530     2571.590
   280:     2571.590     2572.110     2572.150     2576.580     2576.590
   285:     2582.080     2583.300     2585.890     2587.830     2607.540
   290:     2607.540     2607.540     2607.550     2607.550     2607.550
   295:     2607.550     2607.550     2607.550     2608.350     2611.550
   300:     2612.550     2612.550     2617.540     2617.550     2627.870
   305:     2628.070     2628.270     2634.850     2641.030     2652.470
   310:     2652.470     2652.470     2652.480     2652.480     2652.480
   315:     2652.480     2652.480     2652.480     2653.640     2656.480
   320:     2657.480     2657.480     2657.820     2662.470     2662.480
   325:     2704.160     2705.720     2706.180     2771.910     2771.930
   330:     3002.190     3006.590     3027.520     3051.680     3051.940
   335:     3051.990     3052.920     3053.080     3054.110     3055.130
   340:     3056.030     3056.320     3056.790     3060.450     3063.610
   345:     3079.770     3080.510     3081.330     3086.140     3086.690
   350:     3101.410     3101.720     3102.290     3103.370     3103.620
   355:     3104.050     3104.180     3104.230     3104.720     3105.010
   360:     3105.880     3105.960     3106.130     3106.200     3113.850
   365:     3126.660     3131.500     3131.600     3131.880     3132.550
   370:     3135.660     3136.190     3152.160     3152.240     3153.970
   375:     3155.800     3164.620     3166.380     3166.430     3166.830
   380:     3167.380     3171.800     3188.660     3190.570     3191.560
   385:     3199.020     3212.100     3212.210     3213.280     3213.450
   390:     3213.620     3213.710     3213.790     3215.320     3229.710
   395:     3236.780     3236.870     3241.650     3242.040     3242.570
   400:     3242.780     3243.010     3259.420     3259.800     3265.880
   405:     3298.830     3299.490     3299.600     3299.770     3326.940
   410:     3330.330     3330.880     3333.880     3336.880     3337.000
   415:     3340.110     3346.820     3347.180     3349.150     3351.520
   420:     3373.160     3382.480     3387.970     3388.240     3388.270
   425:     3388.300     3412.620     3413.160     3414.660     3417.220
   430:     3417.710     3484.420     3484.650     3492.630     3493.520
   435:     3494.640     3504.830     3504.870     3511.880     3531.430
   440:     3532.300     3544.590     3544.720     3545.540     3545.730
   445:     3546.020     3546.200     3546.540     3546.830     3548.420
   450:     3551.910     3551.970     3552.590     3552.750     3552.870
   455:     3553.030     3562.890     3563.040     3563.260     3563.330
   460:     3563.840     3563.890     3668.560     3793.430     3888.870
   465:     3909.000     3939.930     3940.330     4032.500     4033.380
   470:     4035.390     4042.950     4047.020     4047.130     4414.540
   475:     4415.130     4415.310     4415.570     4416.140     4416.440
   480:     4416.800     4417.030     4417.330     4417.740     4417.800
   485:     4417.830     4417.950     4418.470     4490.180     4569.840
   490:     4570.580     4571.570     4656.230     4656.730     4663.760
   495:     4663.760     4663.760     4663.770     4663.770     4663.770
   500:     4663.770     4663.770     4663.770     4664.460     4664.860
   505:     4667.770     4668.770     4668.770     4670.720     4670.720
   510:     4673.760     4673.770     4674.050     4680.260     4680.260
   515:     4680.260     4680.270     4680.270     4680.270     4680.270
   520:     4680.270     4680.270     4683.150     4683.150     4684.270
   525:     4685.270     4685.270     4686.520     4688.720     4690.260
   530:     4690.270     4690.840     4690.840     4690.840     4690.850
   535:     4690.850     4690.850     4690.850     4690.850     4690.850
   540:     4694.850     4695.850     4695.850     4698.340     4700.840
   545:     4700.850     4732.050     4733.250     4734.070     4740.910
   550:     4743.950     4743.950     4743.950     4743.960     4743.960
   555:     4743.960     4743.960     4743.960     4743.960     4746.950
   560:     4747.960     4748.960     4748.960     4753.950     4753.960
   565:     4777.620     4777.620     4777.620     4777.630     4777.630
   570:     4777.630     4777.630     4777.630     4777.630     4779.380
   575:     4781.630     4781.880     4781.910     4782.630     4782.630
   580:     4787.620     4787.630     4834.340     4834.340     4834.340
   585:     4834.350     4834.350     4834.350     4834.350     4834.350
   590:     4834.350     4835.580     4837.760     4838.350     4839.350
   595:     4839.350     4844.340     4844.350     4872.230     5171.050
   600:     5175.430     5175.490     5183.010     5183.290     5190.840
   605:     5191.030     5191.190     5230.740     5241.150     5241.770
   610:     5247.730     5248.070     5248.860     5270.440     5270.550
   615:     5279.100     5280.570     5280.620     5282.340     5282.370
   620:     5314.560     5314.690     5347.240     5375.970     5406.940
   625:     5523.550     5593.500     5593.840     5608.640     5619.140
   630:     5625.890     5626.470     5633.850     5634.010     5635.010
   635:     5636.480     5640.050     5640.490     5640.850     5640.950
   640:     5641.310     5647.510     5647.620     5647.740     5647.790
   645:     5647.900     5647.970     5648.270     5649.060     5650.380
   650:     5668.150     5668.220     5680.620     5681.310     5681.720
   655:     5701.980     5702.040     5702.170     5714.940     5715.010
   660:     5720.320     5727.170     5848.670     5861.510     5896.010
   665:     5896.060     5897.100     5933.890     5943.890     6426.920
   670:     6427.140     6574.690     6590.540     6591.200     6611.340
   675:     6611.340     6611.340     6611.350     6611.350     6611.350
   680:     6611.350     6611.350     6611.350     6612.480     6615.350
   685:     6616.350     6616.350     6616.880     6621.340     6621.350
   690:     6646.680     6648.550     6648.640     7102.180     7936.160
   695:     7970.840     7970.840     7970.840     7970.850     7970.850
   700:     7970.850     7970.850     7970.850     7970.850     7972.890
   705:     7974.850     7975.850     7975.850     7980.840     7980.850
   710:     7987.020     8018.320     8833.550     8845.660     8845.890
   715:     8872.340     8874.510     8874.510     8874.510     8874.520
   720:     8874.520     8874.520     8874.520     8874.520     8874.520
   725:     8876.400     8878.520     8879.520     8879.520     8879.740
   730:     8884.510     8884.520     8885.480     8885.480     8885.480
   735:     8885.490     8885.490     8885.490     8885.490     8885.490
   740:     8885.490     8887.290     8888.800     8889.490     8890.490
   745:     8890.490     8895.240     8895.480     8895.490     8909.480
   750:     8909.480     8909.480     8909.490     8909.490     8909.490
   755:     8909.490     8909.490     8909.490     8910.360     8913.490
   760:     8914.490     8914.490     8919.480     8919.490     9023.490
   765:     9023.490     9023.490     9023.500     9023.500     9023.500
   770:     9023.500     9023.500     9023.500     9025.090     9027.500
   775:     9028.500     9028.500     9029.970     9033.490     9033.500
   780:     9047.440     9047.440     9047.440     9047.450     9047.450
   785:     9047.450     9047.450     9047.450     9047.450     9050.110
   790:     9050.110     9051.450     9051.670     9051.670     9052.450
   795:     9052.450     9056.800     9056.800     9057.440     9057.450
   800:     9064.410     9067.130     9067.300     9067.350     9091.880
   805:     9702.990     9910.710     9911.450     9989.120    10018.300
   810:    10018.780    10419.060    10419.780    10419.960    10420.010
   815:    10454.920    10454.990    10455.030    10455.110    10455.330
   820:    10455.520    10525.730    10559.740    10560.300    10561.990
   825:    10564.720    10566.760    10800.000
