File: C:\MED-PC\Data\2024-11-13_16h10m_Subject 45.txt


Start Date: 11/13/24
End Date: 11/13/24
Subject: 45
Experiment: OralFentSA
Group: One
Box: 1
Start Time: 16:10:42
End Time: 19:11:30
MSN: Golden_Liq_SelfAdmin_EXT
F:       0.000
G:    1178.000
H:   10800.000
I:       0.000
J:       0.000
K:       0.000
L:       0.000
M:       0.000
N:       0.000
O:       0.000
P:       0.000
Q:       0.000
R:       0.000
S:       0.000
U:       0.000
V:       0.000
W:       0.000
X:       0.000
Y:       0.000
Z:       0.000
A:
     0:        0.000        0.000      180.000        4.000        0.000
     5:        5.000        0.000        5.000        0.000        0.000
    10:        1.000        0.000       10.000   100000.000       19.000
    15:       18.000      600.000        0.000        0.000        0.000
    20:        0.000
B:
     0:        0.000        0.000        0.000        0.000        0.000
     5:        0.000        0.000        0.000        0.000        0.000
    10:        0.000        0.000     1000.000 10000000.000        0.000
    15:        0.000        0.000        0.000        0.000        0.000
    20:        0.000
C:
     0:        0.000       43.000      145.000       84.000      651.000
     5:     9824.790       40.650       36.000     1196.990       33.250
    10:       84.000      145.000        0.000        0.000        0.000
    15:        0.000        0.000        0.000        0.000        0.000
    20:        0.000
D:
     0:        9.560       17.460       15.920        6.200       34.750
     5:        2.510        2.800       10.070       30.200       30.130
    10:       14.450       40.770       25.220       13.080       37.540
    15:       40.880       12.660      124.410        6.350       73.490
    20:        2.330        3.680       44.480        1.980        4.140
    25:        3.810        2.330       64.360        5.040       18.970
    30:      214.260        4.190       64.170       15.180      158.970
    35:       40.650
E:
     0:       19.000       11.000       26.000       27.000        1.000
     5:        6.000        6.000        6.000        6.000        6.000
    10:        6.000        2.000        4.000       22.000       24.000
    15:       12.000       21.000       22.000        6.000       19.000
    20:       11.000        6.000        6.000        6.000        6.000
    25:        1.000        1.000        1.000        6.000        1.000
    30:        1.000        1.000        6.000        6.000        6.000
    35:        6.000        6.000        6.000        6.000        6.000
    40:        6.000        6.000        6.000        2.000        4.000
    45:       22.000       24.000       12.000       21.000       22.000
    50:       19.000       11.000        6.000        6.000        6.000
    55:        6.000        1.000        6.000        6.000        2.000
    60:        4.000       22.000       24.000       12.000       19.000
    65:       11.000        6.000        6.000        6.000        6.000
    70:        1.000        2.000        4.000       22.000       24.000
    75:       12.000       21.000       22.000        6.000       19.000
    80:       11.000        6.000        6.000        6.000        6.000
    85:        6.000        6.000        6.000        6.000        6.000
    90:        1.000        6.000        6.000        6.000        2.000
    95:        4.000       22.000       24.000       12.000       21.000
   100:       22.000       21.000       22.000       19.000       11.000
   105:        2.000        4.000       22.000       24.000       12.000
   110:       19.000       11.000        6.000        6.000        6.000
   115:        6.000        6.000        6.000        6.000        6.000
   120:        6.000        6.000        6.000        6.000        2.000
   125:        4.000       22.000       24.000       12.000        6.000
   130:        6.000        6.000        6.000       19.000       11.000
   135:        6.000        6.000        2.000        4.000       22.000
   140:       24.000       12.000        6.000        6.000       19.000
   145:       11.000        6.000        6.000        6.000        6.000
   150:        6.000        6.000        6.000        6.000        6.000
   155:        6.000        6.000        6.000        6.000        6.000
   160:        2.000        4.000       22.000       24.000       12.000
   165:       21.000       22.000       21.000       22.000       21.000
   170:       22.000       19.000       11.000        6.000        6.000
   175:        6.000        1.000        1.000        1.000        1.000
   180:        1.000        1.000        1.000        1.000        6.000
   185:        6.000        6.000        6.000        6.000        6.000
   190:        1.000        1.000        2.000        4.000       22.000
   195:       24.000       12.000       19.000       11.000        6.000
   200:        6.000        6.000        6.000        6.000        6.000
   205:        6.000        6.000        6.000        6.000        6.000
   210:        6.000        1.000        1.000        1.000        2.000
   215:        4.000       22.000       24.000       12.000       19.000
   220:       11.000        6.000        6.000        2.000        4.000
   225:       22.000       24.000       12.000       21.000       22.000
   230:       21.000       22.000       21.000       22.000       21.000
   235:       22.000       19.000       11.000        2.000        4.000
   240:       22.000       24.000       12.000       19.000       11.000
   245:        6.000        6.000        6.000        6.000        6.000
   250:        6.000        6.000        1.000        6.000        6.000
   255:        6.000        6.000        1.000        1.000        1.000
   260:        1.000        6.000        6.000        6.000        6.000
   265:        6.000        6.000        6.000        6.000        6.000
   270:        6.000        6.000        2.000        4.000       22.000
   275:       24.000       12.000       21.000       22.000       19.000
   280:       11.000        6.000        6.000        6.000        1.000
   285:        6.000        6.000        6.000        6.000        6.000
   290:        1.000        1.000        6.000        6.000        6.000
   295:        6.000        6.000        6.000        6.000        6.000
   300:        6.000        6.000        6.000        6.000        6.000
   305:        6.000        6.000        6.000        6.000        6.000
   310:        6.000        1.000        2.000        4.000       22.000
   315:       24.000       12.000       19.000       11.000        6.000
   320:        6.000        6.000        6.000        6.000        6.000
   325:        6.000        6.000        6.000        6.000        6.000
   330:        6.000        6.000        6.000        1.000        1.000
   335:        1.000        1.000        1.000        1.000        1.000
   340:        6.000        6.000        6.000        2.000        4.000
   345:       22.000       24.000       12.000       19.000       11.000
   350:        6.000        6.000        2.000        4.000       22.000
   355:       24.000       12.000       21.000       22.000       19.000
   360:       11.000        2.000        4.000       22.000       24.000
   365:       12.000       21.000       22.000       19.000       11.000
   370:        1.000        1.000        6.000        6.000        6.000
   375:        6.000        6.000        6.000        6.000        6.000
   380:        6.000        6.000        6.000        6.000        6.000
   385:        6.000        6.000        6.000        6.000        6.000
   390:        6.000        6.000        6.000        6.000        6.000
   395:        6.000        6.000        6.000        6.000        6.000
   400:        6.000        6.000        2.000        4.000       22.000
   405:       24.000       12.000       21.000       22.000       19.000
   410:       11.000        6.000        6.000        6.000        6.000
   415:        6.000        6.000        6.000        6.000        6.000
   420:        6.000        6.000        6.000        6.000        1.000
   425:        6.000        6.000        6.000        6.000        6.000
   430:        6.000        6.000        1.000        1.000        1.000
   435:        1.000        1.000        6.000        6.000        6.000
   440:        6.000        6.000        6.000        6.000        6.000
   445:        6.000        6.000        6.000        6.000        6.000
   450:        2.000        4.000       22.000       24.000       12.000
   455:       21.000       22.000       21.000       22.000       21.000
   460:       22.000       21.000       22.000       21.000       22.000
   465:       19.000       11.000        6.000        6.000        6.000
   470:        6.000        6.000        6.000        6.000        2.000
   475:        4.000       22.000       24.000       12.000       19.000
   480:       11.000        1.000        1.000        6.000        6.000
   485:        6.000        6.000        6.000        6.000        6.000
   490:        6.000        6.000        6.000        6.000        6.000
   495:        6.000        6.000        6.000        6.000        6.000
   500:        6.000        6.000        6.000        6.000        6.000
   505:        6.000        6.000        6.000        6.000        6.000
   510:        6.000        6.000        6.000        6.000        6.000
   515:        6.000        6.000        1.000        1.000        6.000
   520:        2.000        4.000       22.000       24.000       12.000
   525:       21.000       22.000        6.000       19.000       11.000
   530:        6.000        6.000        6.000        6.000        6.000
   535:        6.000        6.000        6.000        6.000        6.000
   540:        6.000        6.000        6.000        6.000        6.000
   545:        1.000        1.000        1.000        6.000        6.000
   550:        6.000        6.000        6.000        6.000        6.000
   555:        6.000        6.000        6.000        2.000        4.000
   560:       22.000       24.000       12.000       21.000       22.000
   565:       19.000       11.000        6.000        6.000        6.000
   570:        6.000        6.000        6.000        6.000        6.000
   575:        6.000        6.000        6.000        6.000        6.000
   580:        1.000        1.000        1.000        1.000        1.000
   585:        1.000        1.000        1.000        1.000        1.000
   590:        6.000        6.000        6.000        6.000        6.000
   595:        6.000        1.000        1.000        6.000        6.000
   600:        6.000        6.000        6.000        6.000        6.000
   605:        6.000        6.000        6.000        6.000        6.000
   610:        6.000        6.000        6.000        6.000        6.000
   615:        6.000        6.000        6.000        6.000        6.000
   620:        6.000        6.000        6.000        6.000        6.000
   625:        6.000        6.000        6.000        2.000        4.000
   630:       22.000       24.000       12.000       21.000       22.000
   635:        6.000       21.000       22.000       19.000       11.000
   640:        1.000        6.000        6.000        6.000        6.000
   645:        6.000        6.000        6.000        6.000        1.000
   650:        1.000        6.000        6.000        6.000        6.000
   655:        6.000        6.000        1.000        6.000        6.000
   660:        6.000        6.000        6.000        6.000        1.000
   665:        1.000        6.000        6.000        6.000        2.000
   670:        4.000       22.000       24.000       12.000        6.000
   675:       19.000       11.000        1.000        1.000        1.000
   680:        6.000        6.000        6.000        6.000        6.000
   685:        6.000        6.000        6.000        6.000        6.000
   690:        6.000        6.000        6.000        6.000        6.000
   695:        6.000        6.000        6.000        6.000        6.000
   700:        2.000        4.000       22.000       24.000       12.000
   705:       19.000       11.000        6.000        6.000        6.000
   710:        6.000        1.000        1.000        1.000        6.000
   715:        6.000        6.000        6.000        6.000        6.000
   720:        2.000        4.000       22.000       24.000       12.000
   725:        6.000       19.000       11.000        2.000        4.000
   730:       22.000       24.000       12.000       21.000       22.000
   735:       21.000       22.000        6.000       19.000       11.000
   740:        6.000        6.000        1.000        6.000        6.000
   745:        6.000        6.000        6.000        6.000        6.000
   750:        6.000        6.000        6.000        6.000        6.000
   755:        6.000        6.000        6.000        6.000        6.000
   760:        6.000        6.000        6.000        6.000        6.000
   765:        6.000        6.000        6.000        6.000        6.000
   770:        6.000        6.000        6.000        6.000        2.000
   775:        4.000       22.000       24.000       12.000        6.000
   780:       19.000       11.000        1.000        6.000        6.000
   785:        6.000        6.000        6.000        6.000        6.000
   790:        6.000        6.000        6.000        6.000        6.000
   795:        6.000        6.000        6.000        6.000        6.000
   800:        6.000        6.000        6.000        6.000        6.000
   805:        6.000        6.000        6.000        6.000        6.000
   810:        6.000        6.000        6.000        6.000        6.000
   815:        6.000        6.000        6.000        6.000        6.000
   820:        6.000        6.000        6.000        6.000        6.000
   825:        6.000        6.000        6.000        6.000        6.000
   830:        6.000        6.000        6.000        6.000        2.000
   835:        4.000       22.000       24.000       12.000        6.000
   840:        6.000       19.000       11.000        1.000        1.000
   845:        6.000        6.000        6.000        6.000        6.000
   850:        6.000        6.000        6.000        6.000        6.000
   855:        6.000        6.000        6.000        6.000        6.000
   860:        6.000        6.000        6.000        6.000        6.000
   865:        6.000        6.000        6.000        6.000        6.000
   870:        6.000        6.000        6.000        6.000        6.000
   875:        6.000        6.000        6.000        6.000        2.000
   880:        4.000       22.000       24.000       12.000       21.000
   885:       22.000       19.000       11.000        2.000        4.000
   890:       22.000       24.000       12.000       21.000       22.000
   895:       21.000       22.000       21.000       22.000       19.000
   900:       11.000        6.000        6.000        6.000        1.000
   905:        1.000        1.000        1.000        1.000        1.000
   910:        1.000        6.000        6.000        6.000        6.000
   915:        6.000        6.000        6.000        6.000        6.000
   920:        2.000        4.000       22.000       24.000       12.000
   925:       21.000       22.000       21.000       22.000       19.000
   930:       11.000        2.000        4.000       22.000       24.000
   935:       12.000       21.000       22.000       21.000       22.000
   940:       21.000       22.000       19.000       11.000        2.000
   945:        4.000       22.000       24.000       12.000        6.000
   950:        6.000        6.000       19.000       11.000        6.000
   955:        6.000        6.000        1.000        1.000        1.000
   960:        1.000        1.000        1.000        1.000        1.000
   965:        1.000        1.000        1.000        1.000        1.000
   970:        1.000        6.000        6.000        6.000        6.000
   975:        1.000        6.000        1.000        1.000        1.000
   980:        1.000        1.000        1.000        1.000        1.000
   985:        1.000        1.000        1.000        1.000        1.000
   990:        1.000        1.000        1.000        1.000        1.000
   995:        1.000        1.000        6.000        6.000        6.000
  1000:        6.000        6.000        6.000        2.000        4.000
  1005:       22.000       24.000       12.000       21.000       22.000
  1010:       19.000       11.000        6.000        6.000        6.000
  1015:        2.000        4.000       22.000       24.000       12.000
  1020:       21.000       22.000       21.000       22.000       19.000
  1025:       11.000        6.000        6.000        6.000        6.000
  1030:        6.000        6.000        2.000        4.000       22.000
  1035:       24.000       12.000        6.000        6.000       19.000
  1040:       11.000        6.000        6.000        6.000        6.000
  1045:        6.000        6.000        6.000        1.000        1.000
  1050:        1.000        1.000        1.000        1.000        1.000
  1055:        1.000        6.000        6.000        6.000        6.000
  1060:        6.000        6.000        6.000        6.000        6.000
  1065:        1.000        1.000        1.000        6.000        6.000
  1070:        6.000        6.000        6.000        6.000        2.000
  1075:        4.000       22.000       24.000       12.000       21.000
  1080:       22.000       21.000       22.000       19.000       11.000
  1085:        1.000        1.000        1.000        6.000        6.000
  1090:        2.000        4.000       22.000       24.000       12.000
  1095:       21.000       22.000       19.000       11.000        6.000
  1100:        6.000        2.000        4.000       22.000       24.000
  1105:       12.000       19.000       11.000        6.000        6.000
  1110:        6.000        2.000        4.000       22.000       24.000
  1115:       12.000       19.000       11.000        6.000        6.000
  1120:        6.000        6.000        6.000        6.000        6.000
  1125:        6.000        6.000        6.000        6.000        6.000
  1130:        6.000        6.000        6.000        6.000        6.000
  1135:        6.000        6.000        6.000        6.000        6.000
  1140:        1.000        6.000        6.000        1.000        1.000
  1145:        6.000        6.000        6.000        6.000        6.000
  1150:        6.000        6.000        6.000        6.000        6.000
  1155:        6.000        6.000        6.000        1.000        1.000
  1160:        1.000        1.000        6.000        6.000        6.000
  1165:        6.000        6.000        6.000        6.000        6.000
  1170:        6.000        6.000        6.000        6.000        6.000
  1175:        6.000        6.000        6.000      100.000
T:
     0:        0.000        0.000        0.000        0.000        1.790
     5:        7.130       25.970       26.260       42.960       45.710
    10:       61.740       70.610       70.610       70.610       70.620
    15:       70.620       73.260       73.260       80.180       80.610
    20:       80.620       85.270       86.820       87.160       88.970
    25:       99.590      102.040      113.550      127.240      137.340
    30:      141.450      144.270      165.550      174.300      206.580
    35:      207.210      241.580      248.120      271.690      279.840
    40:      299.420      351.500      352.110      354.670      354.670
    45:      354.670      354.680      354.680      354.970      354.970
    50:      364.670      364.680      372.140      372.390      374.490
    55:      374.670      383.000      403.960      404.070      415.250
    60:      415.250      415.250      415.260      415.260      425.250
    65:      425.260      431.180      437.840      440.300      440.490
    70:      461.460      494.480      494.480      494.480      494.490
    75:      494.490      494.650      494.650      500.690      504.480
    80:      504.490      534.870      535.190      535.310      535.700
    85:      538.850      538.950      540.920      565.290      569.290
    90:      584.150      620.450      620.740      621.160      628.010
    95:      628.010      628.010      628.020      628.020      628.120
   100:      628.120      628.220      628.220      638.010      638.020
   105:      643.270      643.270      643.270      643.280      643.280
   110:      653.270      653.280      678.030      682.840      684.520
   115:      693.710      693.920      698.200      717.540      718.320
   120:      720.310      721.850      726.890      727.360      783.220
   125:      783.220      783.220      783.230      783.230      785.740
   130:      788.100      790.620      790.730      793.220      793.230
   135:      794.390      795.240      838.490      838.490      838.490
   140:      838.500      838.500      841.300      843.560      848.490
   145:      848.500      890.080      905.830      906.290      908.210
   150:      914.120      926.220      949.260      962.620     1017.490
   155:     1017.560     1020.060     1023.960     1024.730     1044.440
   160:     1067.830     1067.830     1067.830     1067.840     1067.840
   165:     1068.160     1068.160     1068.200     1068.200     1068.330
   170:     1068.330     1077.830     1077.840     1077.910     1088.870
   175:     1094.480     1103.450     1105.900     1106.100     1108.410
   180:     1110.530     1121.460     1121.870     1127.500     1150.720
   185:     1152.640     1154.870     1157.650     1160.510     1184.110
   190:     1190.080     1190.450     1214.880     1214.880     1214.880
   195:     1214.890     1214.890     1224.880     1224.890     1245.090
   200:     1246.270     1255.910     1256.450     1256.890     1259.240
   205:     1271.190     1305.220     1306.800     1307.630     1311.530
   210:     1312.320     1318.570     1326.580     1329.360     1336.830
   215:     1336.830     1336.830     1336.840     1336.840     1346.830
   220:     1346.840     1366.970     1367.100     1415.620     1415.620
   225:     1415.620     1415.630     1415.630     1416.500     1416.500
   230:     1416.650     1416.650     1416.830     1416.830     1422.150
   235:     1422.150     1425.620     1425.630     1427.290     1427.290
   240:     1427.290     1427.300     1427.300     1437.290     1437.300
   245:     1441.750     1441.900     1444.700     1447.200     1524.180
   250:     1571.670     1572.070     1607.630     1622.950     1623.060
   255:     1623.350     1625.170     1632.520     1633.790     1633.870
   260:     1634.310     1670.750     1674.520     1675.280     1675.440
   265:     1688.280     1690.090     1717.690     1719.170     1760.660
   270:     1760.860     1764.190     1777.420     1777.420     1777.420
   275:     1777.430     1777.430     1778.310     1778.310     1787.420
   280:     1787.430     1818.200     1818.970     1840.150     1851.810
   285:     1882.480     1884.520     1884.590     1884.740     1885.240
   290:     1898.100     1901.310     1922.650     1990.320     1990.460
   295:     1994.560     2010.620     2011.070     2025.450     2029.140
   300:     2029.500     2032.560     2034.260     2039.010     2039.180
   305:     2042.650     2042.940     2043.030     2043.640     2048.660
   310:     2049.350     2067.330     2077.320     2077.320     2077.320
   315:     2077.330     2077.330     2087.320     2087.330     2102.550
   320:     2108.320     2108.500     2225.460     2249.660     2253.890
   325:     2255.240     2256.660     2256.910     2260.330     2263.300
   330:     2264.600     2266.180     2317.560     2369.000     2371.230
   335:     2389.210     2389.280     2389.810     2390.260     2390.860
   340:     2395.350     2423.700     2423.970     2437.110     2437.110
   345:     2437.110     2437.120     2437.120     2447.110     2447.120
   350:     2450.200     2450.600     2469.700     2469.700     2469.700
   355:     2469.710     2469.710     2472.390     2472.390     2479.700
   360:     2479.710     2496.990     2496.990     2496.990     2497.000
   365:     2497.000     2497.550     2497.550     2506.990     2507.000
   370:     2511.200     2511.260     2534.540     2535.190     2554.970
   375:     2555.430     2556.130     2594.290     2594.350     2594.880
   380:     2618.130     2618.350     2622.750     2622.790     2622.850
   385:     2626.330     2628.510     2633.340     2679.090     2679.170
   390:     2689.760     2694.360     2697.670     2697.970     2698.310
   395:     2704.800     2704.950     2707.900     2708.290     2709.790
   400:     2712.440     2712.900     2731.560     2731.560     2731.560
   405:     2731.570     2731.570     2732.080     2732.080     2741.560
   410:     2741.570     2772.450     2776.790     2777.420     2779.280
   415:     2837.930     2902.220     2905.750     2905.960     2909.290
   420:     2944.650     2965.690     2965.840     2966.430     2976.370
   425:     2987.140     3058.730     3059.670     3061.040     3068.720
   430:     3069.050     3069.980     3086.310     3089.880     3091.480
   435:     3100.900     3101.280     3151.170     3165.230     3165.590
   440:     3182.810     3182.970     3189.740     3200.840     3203.450
   445:     3204.230     3208.360     3208.430     3208.600     3216.100
   450:     3227.070     3227.070     3227.070     3227.080     3227.080
   455:     3228.350     3228.350     3228.770     3228.770     3231.920
   460:     3231.920     3232.790     3232.790     3235.090     3235.090
   465:     3237.070     3237.080     3239.740     3271.780     3272.010
   470:     3273.930     3277.090     3277.140     3285.410     3287.290
   475:     3287.290     3287.290     3287.300     3287.300     3297.290
   480:     3297.300     3326.720     3327.080     3411.710     3411.990
   485:     3416.170     3418.980     3419.890     3425.230     3425.870
   490:     3426.790     3431.000     3432.550     3435.280     3436.920
   495:     3437.760     3439.370     3440.150     3440.700     3441.920
   500:     3448.420     3449.190     3453.220     3564.270     3599.070
   505:     3599.450     3599.580     3602.200     3603.420     3610.090
   510:     3615.440     3616.390     3619.210     3633.470     3638.110
   515:     3638.710     3639.470     3675.150     3675.380     3683.210
   520:     3695.830     3695.830     3695.830     3695.840     3695.840
   525:     3696.230     3696.230     3702.190     3705.830     3705.840
   530:     3723.370     3723.690     3727.620     3737.400     3738.270
   535:     3739.280     3740.840     3742.730     3743.290     3862.980
   540:     3952.630     3976.250     3976.550     3977.150     3977.690
   545:     3990.020     3990.350     4047.170     4100.160     4101.010
   550:     4101.610     4103.880     4106.970     4107.600     4108.420
   555:     4144.370     4144.930     4148.760     4162.330     4162.330
   560:     4162.330     4162.340     4162.340     4165.200     4165.200
   565:     4172.330     4172.340     4235.830     4236.040     4243.370
   570:     4247.610     4264.120     4264.590     4281.740     4283.030
   575:     4288.980     4327.200     4327.550     4333.330     4351.280
   580:     4376.730     4379.630     4381.570     4392.030     4392.270
   585:     4395.100     4395.160     4395.390     4397.030     4397.450
   590:     4401.450     4401.700     4402.490     4454.450     4455.280
   595:     4488.400     4509.060     4513.610     4536.180     4536.800
   600:     4655.940     4657.360     4661.410     4662.960     4667.620
   605:     4667.670     4669.800     4669.940     4713.670     4737.990
   610:     4813.410     4813.650     4818.290     4837.310     4842.020
   615:     4848.640     4849.590     4849.890     4904.600     4925.530
   620:     4925.690     4956.980     4957.170     4963.140     4969.310
   625:     4971.850     4985.990     4988.160     4992.580     4992.580
   630:     4992.580     4992.590     4992.590     4993.430     4993.430
   635:     4994.920     4998.920     4998.920     5002.580     5002.590
   640:     5068.040     5080.700     5084.520     5106.770     5115.280
   645:     5121.090     5121.180     5126.780     5126.860     5155.690
   650:     5157.130     5237.010     5237.430     5287.600     5288.070
   655:     5288.160     5289.190     5298.700     5362.990     5364.300
   660:     5458.240     5463.840     5466.050     5466.210     5489.630
   665:     5491.570     5830.540     5830.870     5834.870     5856.290
   670:     5856.290     5856.290     5856.300     5856.300     5859.980
   675:     5866.290     5866.300     5887.340     5898.810     5898.880
   680:     5986.890     5987.610     5990.890     5990.940     5991.070
   685:     5992.970     5993.960     5998.510     6002.480     6047.350
   690:     6051.800     6056.340     6060.050     6185.580     6186.510
   695:     6191.010     6191.410     6198.870     6249.060     6249.550
   700:     6263.350     6263.350     6263.350     6263.360     6263.360
   705:     6273.350     6273.360     6307.840     6348.260     6352.440
   710:     6352.660     6365.820     6365.910     6366.700     6381.290
   715:     6422.050     6422.290     6430.620     6450.370     6450.680
   720:     6455.600     6455.600     6455.600     6455.610     6455.610
   725:     6457.590     6465.600     6465.610     6468.260     6468.260
   730:     6468.260     6468.270     6468.270     6468.410     6468.410
   735:     6469.280     6469.280     6472.410     6478.260     6478.270
   740:     6485.930     6486.110     6526.020     6535.130     6729.430
   745:     6730.380     6730.670     6734.320     6735.050     6739.810
   750:     6744.840     6745.260     6745.440     6746.780     6748.100
   755:     6750.510     6754.040     6755.610     6760.670     6761.930
   760:     6768.010     6768.370     6772.030     6772.150     6783.220
   765:     6788.260     6788.880     6790.010     6790.270     6790.360
   770:     6793.150     6806.800     6807.120     6807.970     6811.680
   775:     6811.680     6811.680     6811.690     6811.690     6815.500
   780:     6821.680     6821.690     6848.810     6862.750     6863.130
   785:     6866.380     6866.500     6868.360     6870.460     6874.040
   790:     6888.130     6891.880     6892.520     6899.750     6904.130
   795:     6926.200     6939.060     6942.150     6946.230     6951.300
   800:     6954.180     6954.240     6954.530     6956.840     6957.790
   805:     6960.950     6962.300     6962.640     6963.540     6964.100
   810:     6964.350     6968.860     6969.860     6974.560     6976.610
   815:     6977.370     6978.110     6987.810     6988.070     6991.010
   820:     6995.780     6998.560     7000.220     7001.690     7002.870
   825:     7005.100     7005.810     7008.580     7010.860     7011.970
   830:     7046.070     7064.710     7065.050     7081.570     7100.610
   835:     7100.610     7100.610     7100.620     7100.620     7102.950
   840:     7108.780     7110.610     7110.620     7135.250     7156.000
   845:     7194.580     7194.980     7200.030     7201.150     7203.180
   850:     7207.550     7207.760     7240.040     7240.060     7240.240
   855:     7241.660     7253.600     7253.700     7253.770     7254.200
   860:     7255.570     7359.960     7360.100     7363.840     7365.700
   865:     7513.600     7513.770     7550.750     7550.910     7551.090
   870:     7553.820     7555.000     7558.190     7562.130     7562.590
   875:     7563.340     7563.610     7583.990     7584.410     7586.360
   880:     7586.360     7586.360     7586.370     7586.370     7591.380
   885:     7591.380     7596.360     7596.370     7610.210     7610.210
   890:     7610.210     7610.220     7610.220     7612.270     7612.270
   895:     7612.580     7612.580     7615.650     7615.650     7620.210
   900:     7620.220     7674.580     7675.020     7678.080     7696.310
   905:     7696.740     7697.920     7699.020     7702.010     7702.410
   910:     7716.700     7748.580     7775.440     7775.870     7844.070
   915:     7848.750     7853.900     7889.850     7957.530     7958.200
   920:     7972.330     7972.330     7972.330     7972.340     7972.340
   925:     7973.610     7973.610     7974.200     7974.200     7982.330
   930:     7982.340     7988.180     7988.180     7988.180     7988.190
   935:     7988.190     7988.900     7988.900     7990.250     7990.250
   940:     7991.050     7991.050     7998.180     7998.190     7998.250
   945:     7998.250     7998.250     7998.260     7998.260     8003.300
   950:     8005.580     8007.060     8008.250     8008.260     8047.770
   955:     8047.970     8048.540     8077.640     8078.290     8079.650
   960:     8134.120     8134.210     8134.330     8139.910     8140.040
   965:     8140.160     8142.740     8143.230     8143.400     8143.460
   970:     8143.890     8151.330     8354.280     8362.630     8366.010
   975:     8532.600     8553.760     8571.200     8571.800     8605.060
   980:     8610.670     8611.330     8613.080     8613.580     8623.370
   985:     8623.900     8624.940     8627.160     8627.960     8629.380
   990:     8629.850     8632.090     8634.100     8634.960     8635.360
   995:     8636.060     8637.000     8647.090     8652.180     8653.810
  1000:     8654.260     8655.020     8655.720     8668.610     8668.610
  1005:     8668.610     8668.620     8668.620     8672.550     8672.550
  1010:     8678.610     8678.620     8687.590     8687.800     8688.460
  1015:     8701.060     8701.060     8701.060     8701.070     8701.070
  1020:     8705.590     8705.590     8708.320     8708.320     8711.060
  1025:     8711.070     8915.330     8920.900     8923.890     8929.430
  1030:     8930.510     8930.770     8958.710     8958.710     8958.710
  1035:     8958.720     8958.720     8962.910     8963.190     8968.710
  1040:     8968.720     9036.620     9037.140     9043.920     9045.580
  1045:     9050.950     9169.860     9174.380     9272.910     9275.280
  1050:     9282.390     9287.630     9288.810     9290.940     9293.120
  1055:     9293.910     9324.250     9324.490     9330.060     9453.320
  1060:     9461.010     9462.500     9466.270     9470.680     9473.740
  1065:     9502.900     9503.750     9504.290     9512.470     9512.790
  1070:     9513.070     9519.970     9526.280     9527.210     9546.880
  1075:     9546.880     9546.880     9546.890     9546.890     9547.580
  1080:     9547.580     9548.410     9548.410     9556.880     9556.890
  1085:     9588.190     9591.080     9591.480     9611.060     9618.700
  1090:     9621.240     9621.240     9621.240     9621.250     9621.250
  1095:     9621.950     9621.950     9631.240     9631.250     9636.430
  1100:     9638.350     9644.590     9644.590     9644.590     9644.600
  1105:     9644.600     9654.590     9654.600     9803.570     9803.750
  1110:     9808.880     9824.780     9824.780     9824.780     9824.790
  1115:     9824.790     9834.780     9834.790     9865.440     9865.570
  1120:     9865.930     9872.180     9954.660     9957.810     9960.300
  1125:    10083.730    10100.580    10100.710    10103.580    10103.830
  1130:    10104.820    10104.970    10107.080    10140.160    10140.790
  1135:    10213.140    10218.040    10222.300    10224.440    10225.040
  1140:    10239.580    10254.570    10255.160    10263.720    10263.780
  1145:    10294.020    10294.340    10294.430    10294.960    10298.510
  1150:    10298.890    10307.370    10313.580    10357.790    10358.110
  1155:    10362.290    10370.630    10370.790    10419.520    10420.510
  1160:    10427.730    10429.160    10539.820    10540.080    10548.090
  1165:    10632.690    10632.850    10634.200    10635.320    10635.410
  1170:    10639.390    10639.620    10642.960    10775.200    10775.490
  1175:    10779.150    10781.750    10782.280    10800.000
