File: C:\MED-PC\Data\2024-10-22_12h41m_Subject 50.txt


Start Date: 10/22/24
End Date: 10/22/24
Subject: 50
Experiment: OralFentSA
Group: One
Box: 6
Start Time: 12:41:07
End Time: 15:42:48
MSN: 20241014_Golden_Liq_SelfAdmin
F:       0.000
G:     569.000
H:   10800.000
I:       0.000
J:       0.000
K:       0.000
L:       0.000
M:       0.000
N:       0.000
O:       0.000
P:       0.000
Q:       0.000
R:       0.000
S:       0.000
U:       0.000
V:       0.000
W:       0.000
X:       0.000
Y:       0.000
Z:       0.000
A:
     0:        0.000        0.000      180.000        4.000        0.000
     5:        5.000        0.000        5.000        0.000        0.000
    10:        1.000        0.000       10.000     1200.000       23.000
    15:        2.000      640.000        0.000        0.000        0.000
    20:        0.000
B:
     0:        0.000        0.000        0.000      400.000        0.000
     5:      500.000        0.000      500.000        0.000        0.000
    10:        0.000        0.000     1000.000   120000.000        0.000
    15:        0.000        0.000        0.000        0.000        0.000
    20:        0.000
C:
     0:       29.000       29.000        1.000        0.000      219.000
     5:     9670.000      721.430       20.000     1744.240       87.212
    10:        0.000        1.000       29.000        0.000        0.000
    15:        0.000        0.000        0.000        0.000        0.000
    20:        0.000
D:
     0:       11.590       17.470        2.950        1.380        4.930
     5:        5.920        0.030       91.170       20.810       28.230
    10:       35.930       13.990       13.960       10.570      315.450
    15:       65.600      307.590       43.540       31.700      721.430
E:
     0:       19.000       11.000       26.000       27.000        6.000
     5:        1.000        6.000        6.000        6.000        6.000
    10:        6.000        6.000        6.000        6.000        6.000
    15:        6.000        6.000        6.000        6.000        6.000
    20:        6.000        6.000        6.000        6.000        6.000
    25:        6.000        6.000        6.000        6.000        6.000
    30:        6.000        6.000        6.000        6.000        6.000
    35:        6.000        6.000        6.000        6.000        6.000
    40:        6.000        6.000        6.000        6.000        6.000
    45:        6.000        6.000        6.000        6.000        6.000
    50:        6.000        6.000        6.000        6.000        6.000
    55:        6.000        6.000        6.000        6.000        6.000
    60:        6.000        6.000        6.000        6.000        6.000
    65:       30.000       24.000       12.000       13.000        8.000
    70:        5.000       17.000       18.000       14.000       10.000
    75:       19.000       11.000        6.000        6.000        6.000
    80:        6.000        6.000        6.000        6.000        6.000
    85:        6.000        6.000        6.000        6.000        6.000
    90:       30.000       24.000       12.000       13.000        8.000
    95:        5.000       17.000       18.000       14.000       10.000
   100:       19.000       11.000        6.000        6.000        6.000
   105:        6.000        6.000        6.000        6.000        6.000
   110:        6.000        6.000        6.000        6.000        6.000
   115:        6.000        6.000        6.000       30.000       24.000
   120:       12.000       13.000        8.000        5.000       17.000
   125:        6.000       18.000       14.000       10.000        6.000
   130:       19.000       11.000        6.000        6.000        6.000
   135:        6.000       30.000       24.000       12.000       13.000
   140:        8.000        5.000       17.000       18.000       14.000
   145:       10.000       19.000       11.000       30.000       24.000
   150:       12.000       13.000        8.000        5.000       17.000
   155:        6.000       18.000       14.000       10.000       19.000
   160:       11.000        6.000        6.000        6.000        6.000
   165:        6.000        6.000        6.000       30.000       24.000
   170:       12.000       13.000        8.000        5.000       17.000
   175:       18.000        6.000       14.000       10.000        6.000
   180:        6.000        6.000        6.000       19.000       11.000
   185:        6.000        6.000        6.000        6.000        6.000
   190:        6.000       25.000       24.000       12.000       13.000
   195:        8.000        5.000       17.000       18.000       14.000
   200:       10.000        6.000       19.000       11.000       30.000
   205:       24.000       12.000       13.000        8.000        5.000
   210:       17.000        6.000        6.000       18.000       14.000
   215:       10.000        6.000       19.000       11.000       30.000
   220:       24.000       12.000       13.000        8.000        5.000
   225:       17.000       18.000       14.000       10.000       19.000
   230:       11.000       30.000       24.000       12.000       13.000
   235:        8.000        5.000       17.000       18.000       14.000
   240:       10.000       19.000       11.000       30.000       24.000
   245:       12.000       13.000        8.000        5.000       17.000
   250:       18.000       14.000       10.000       19.000       11.000
   255:       30.000       24.000       12.000       13.000        8.000
   260:        5.000       17.000       18.000       14.000       10.000
   265:       19.000       11.000        6.000        6.000       30.000
   270:       24.000       12.000       13.000        8.000        5.000
   275:       17.000       18.000       14.000       10.000       19.000
   280:       11.000       30.000       24.000       12.000       13.000
   285:        8.000        5.000       17.000       18.000       14.000
   290:       10.000       30.000       12.000       13.000        8.000
   295:        5.000       17.000       19.000       11.000       18.000
   300:       14.000       10.000       30.000       24.000       12.000
   305:       13.000        8.000        5.000       17.000       18.000
   310:       14.000       10.000       19.000       11.000        6.000
   315:        6.000        6.000       30.000       24.000       12.000
   320:       13.000        8.000        5.000       17.000       18.000
   325:       14.000       10.000       19.000       11.000       30.000
   330:       24.000       12.000       13.000        8.000        5.000
   335:       17.000       18.000       14.000       10.000       19.000
   340:       11.000        6.000        6.000       30.000       24.000
   345:       12.000       13.000        8.000        5.000       17.000
   350:       18.000       14.000       10.000       19.000       11.000
   355:        6.000        6.000        6.000        6.000        6.000
   360:       30.000       24.000       12.000       13.000        8.000
   365:        5.000       17.000       18.000       14.000       10.000
   370:       19.000       11.000        6.000        6.000        6.000
   375:        6.000        6.000        6.000        6.000        6.000
   380:        6.000       30.000       24.000       12.000       13.000
   385:        8.000        5.000       17.000       18.000       14.000
   390:       10.000       19.000       11.000       30.000       24.000
   395:       12.000       13.000        8.000        5.000       17.000
   400:       18.000       14.000       10.000       19.000       11.000
   405:        6.000        6.000        6.000        6.000        6.000
   410:        6.000        6.000        6.000        6.000       25.000
   415:       24.000       12.000       13.000        8.000        5.000
   420:       17.000       18.000       14.000       10.000       19.000
   425:       11.000        6.000        6.000        6.000        6.000
   430:        6.000        6.000        6.000        6.000        6.000
   435:        6.000        6.000        6.000        6.000        6.000
   440:        6.000        6.000        6.000        6.000        6.000
   445:        6.000       25.000       24.000       12.000       13.000
   450:        8.000        5.000       17.000       18.000       14.000
   455:       10.000       19.000       11.000        6.000        6.000
   460:        6.000        6.000        6.000        6.000        6.000
   465:        6.000        6.000        6.000       25.000       24.000
   470:       12.000       13.000        8.000        5.000       17.000
   475:       18.000       14.000       10.000       19.000       11.000
   480:        6.000        6.000        6.000        6.000        6.000
   485:        6.000        6.000        6.000        6.000        6.000
   490:        6.000        6.000        6.000        6.000       25.000
   495:       24.000       12.000       13.000        8.000        5.000
   500:       17.000       18.000       14.000       10.000       19.000
   505:       11.000        6.000        6.000        6.000        6.000
   510:        6.000        6.000        6.000        6.000        6.000
   515:       25.000       24.000       12.000       13.000        8.000
   520:        5.000       17.000       18.000       14.000       10.000
   525:       19.000       11.000        6.000        6.000        6.000
   530:        6.000        6.000        6.000        6.000        6.000
   535:        6.000        6.000       25.000       24.000       12.000
   540:       13.000        8.000        5.000       17.000       18.000
   545:       14.000       10.000       19.000       11.000        6.000
   550:        6.000        6.000        6.000        6.000       25.000
   555:       24.000       12.000       13.000        8.000        5.000
   560:       17.000       18.000       14.000       10.000       19.000
   565:       11.000        6.000        6.000        6.000      100.000
T:
     0:        0.000        0.000        0.000        0.000        3.270
     5:       29.460       54.460       77.240       83.300       83.350
    10:       87.160      102.910      104.130      149.990      152.600
    15:      168.420      177.550      177.770      187.810      219.190
    20:      259.630      260.030      260.360      261.550      262.180
    25:      262.430      263.450      263.950      264.740      265.250
    30:      265.440      290.050      290.970      303.640      306.040
    35:      308.170      308.670      311.930      313.320      321.260
    40:      338.720      339.010      349.470      358.470      359.810
    45:      371.650      371.850      372.010      372.400      375.220
    50:      375.930      376.610      377.580      377.660      378.620
    55:      378.720      379.050      597.970      598.980      653.740
    60:      820.340      825.600      844.330      847.160      910.390
    65:      983.400      983.400      983.400      983.400      983.400
    70:      983.400      983.400      987.400      988.400      988.400
    75:      993.390      993.400      994.990     1003.430     1007.430
    80:     1017.300     1020.570     1021.060     1022.730     1023.260
    85:     1024.540     1024.660     1028.400     1030.320     1032.680
    90:     1037.050     1037.050     1037.050     1037.050     1037.050
    95:     1037.050     1037.050     1041.050     1042.050     1042.050
   100:     1047.040     1047.050     1054.520     1058.900     1059.270
   105:     1061.320     1062.240     1062.960     1064.450     1064.760
   110:     1065.230     1066.060     1066.430     1066.680     1069.690
   115:     1072.660     1075.360     1075.650     1089.540     1089.540
   120:     1089.540     1089.540     1089.540     1089.540     1089.540
   125:     1092.490     1093.540     1094.540     1094.540     1097.670
   130:     1099.530     1099.540     1101.710     1102.920     1104.430
   135:     1105.330     1112.320     1112.320     1112.320     1112.320
   140:     1112.320     1112.320     1112.320     1116.320     1117.320
   145:     1117.320     1122.310     1122.320     1123.340     1123.340
   150:     1123.340     1123.340     1123.340     1123.340     1123.340
   155:     1124.720     1127.340     1128.340     1128.340     1133.330
   160:     1133.340     1139.290     1158.880     1161.140     1161.610
   165:     1162.170     1162.900     1169.360     1169.510     1169.510
   170:     1169.510     1169.510     1169.510     1169.510     1169.510
   175:     1173.510     1174.440     1174.510     1174.510     1175.460
   180:     1175.590     1177.780     1178.800     1179.500     1179.510
   185:     1182.560     1182.870     1183.420     1184.740     1191.070
   190:     1194.640     1199.990     1200.000     1200.000     1200.000
   195:     1200.000     1200.000     1200.000     1204.000     1205.000
   200:     1205.000     1205.920     1209.990     1210.000     1216.310
   205:     1216.310     1216.310     1216.310     1216.310     1216.310
   210:     1216.310     1216.340     1219.820     1220.310     1221.310
   215:     1221.310     1221.960     1226.300     1226.310     1246.840
   220:     1246.840     1246.840     1246.840     1246.840     1246.840
   225:     1246.840     1250.840     1251.840     1251.840     1256.830
   230:     1256.840     1275.890     1275.890     1275.890     1275.890
   235:     1275.890     1275.890     1275.890     1279.890     1280.890
   240:     1280.890     1285.880     1285.890     1302.180     1302.180
   245:     1302.180     1302.180     1302.180     1302.180     1302.180
   250:     1306.180     1307.180     1307.180     1312.170     1312.180
   255:     1317.620     1317.620     1317.620     1317.620     1317.620
   260:     1317.620     1317.620     1321.620     1322.620     1322.620
   265:     1327.610     1327.620     1408.790     1413.560     1455.500
   270:     1455.500     1455.500     1455.500     1455.500     1455.500
   275:     1455.500     1459.500     1460.500     1460.500     1465.490
   280:     1465.500     1478.710     1478.710     1478.710     1478.710
   285:     1478.710     1478.710     1478.710     1482.710     1483.710
   290:     1483.710     1485.690     1485.690     1485.690     1485.690
   295:     1485.690     1485.690     1488.700     1488.710     1489.690
   300:     1490.690     1490.690     1499.920     1499.920     1499.920
   305:     1499.920     1499.920     1499.920     1499.920     1503.920
   310:     1504.920     1504.920     1509.910     1509.920     1520.730
   315:     1536.260     1548.180     1551.970     1551.970     1551.970
   320:     1551.970     1551.970     1551.970     1551.970     1555.970
   325:     1556.970     1556.970     1561.960     1561.970     1566.270
   330:     1566.270     1566.270     1566.270     1566.270     1566.270
   335:     1566.270     1570.270     1571.270     1571.270     1576.260
   340:     1576.270     1594.500     1594.740     1598.230     1598.230
   345:     1598.230     1598.230     1598.230     1598.230     1598.230
   350:     1602.230     1603.230     1603.230     1608.220     1608.230
   355:     1634.160     1695.770     1760.530     1760.730     1778.700
   360:     1779.230     1779.230     1779.230     1779.230     1779.230
   365:     1779.230     1779.230     1783.230     1784.230     1784.230
   370:     1789.220     1789.230     1793.220     1801.040     1817.250
   375:     1828.590     1834.150     1834.360     1888.520     1902.170
   380:     1909.370     1916.630     1916.630     1916.630     1916.630
   385:     1916.630     1916.630     1916.630     1920.630     1921.630
   390:     1921.630     1926.620     1926.630     1948.560     1948.560
   395:     1948.560     1948.560     1948.560     1948.560     1948.560
   400:     1952.560     1953.560     1953.560     1958.550     1958.560
   405:     1962.520     1970.590     1973.780     1982.760     1986.900
   410:     2026.300     2199.620     2247.040     2323.940     2409.990
   415:     2410.000     2410.000     2410.000     2410.000     2410.000
   420:     2410.000     2414.000     2415.000     2415.000     2419.990
   425:     2420.000     2420.570     2684.380     2700.930     2881.760
   430:     2916.490     2971.450     2985.080     2988.640     2994.860
   435:     3004.290     3039.180     3048.300     3052.900     3086.830
   440:     3108.520     3207.220     3325.770     3366.360     3374.750
   445:     3618.460     3619.990     3620.000     3620.000     3620.000
   450:     3620.000     3620.000     3620.000     3624.000     3625.000
   455:     3625.000     3629.990     3630.000     3935.450     4097.730
   460:     4324.450     4657.580     4661.840     4661.870     4662.050
   465:     4662.100     4663.560     4756.950     4829.990     4830.000
   470:     4830.000     4830.000     4830.000     4830.000     4830.000
   475:     4834.000     4835.000     4835.000     4839.990     4840.000
   480:     4895.600     5035.690     5126.770     5148.840     5234.940
   485:     5413.580     5484.090     5499.830     5500.370     5586.840
   490:     5627.200     5646.780     5664.170     5700.630     6039.990
   495:     6040.000     6040.000     6040.000     6040.000     6040.000
   500:     6040.000     6044.000     6045.000     6045.000     6049.990
   505:     6050.000     6347.590     6686.590     6716.820     7194.510
   510:     7197.090     7199.820     7204.580     7214.480     7232.170
   515:     7249.990     7250.000     7250.000     7250.000     7250.000
   520:     7250.000     7250.000     7254.000     7255.000     7255.000
   525:     7259.990     7260.000     7293.540     7336.790     7355.480
   530:     7856.710     7999.430     8339.310     8413.140     8420.750
   535:     8430.340     8430.790     8459.990     8460.000     8460.000
   540:     8460.000     8460.000     8460.000     8460.000     8464.000
   545:     8465.000     8465.000     8469.990     8470.000     8491.700
   550:     8881.910     9154.040     9352.830     9454.910     9669.990
   555:     9670.000     9670.000     9670.000     9670.000     9670.000
   560:     9670.000     9674.000     9675.000     9675.000     9679.990
   565:     9680.000    10391.430    10403.600    10737.110    10800.000
