File: C:\MED-PC\Data\2024-11-20_16h01m_Subject 53.txt


Start Date: 11/20/24
End Date: 11/20/24
Subject: 53
Experiment: OralFentSA
Group: One
Box: 9
Start Time: 16:01:47
End Time: 18:49:48
MSN: Golden_Liq_SelfAdmin_EXT
F:       0.000
G:    1313.000
H:   10067.870
I:       0.000
J:       0.000
K:       0.000
L:       0.000
M:       0.000
N:       0.000
O:       0.000
P:       0.000
Q:       0.000
R:       0.000
S:       0.000
U:       0.000
V:       0.000
W:       0.000
X:       0.000
Y:       0.000
Z:       0.000
A:
     0:        0.000        0.000      180.000        4.000        0.000
     5:        5.000        0.000        5.000        0.000        0.000
    10:        1.000        0.000       10.000   100000.000       31.500
    15:       23.000      600.000        0.000        0.000        0.000
    20:        0.000
B:
     0:        0.000        0.000        0.000        0.000        0.000
     5:        0.000        0.000        0.000        0.000        0.000
    10:        0.000        0.000     1000.000 10000000.000        0.000
    15:        0.000        0.000        0.000        0.000        0.000
    20:        0.000
C:
     0:        0.000       62.000       54.000      104.000      742.000
     5:     9607.200       68.510       45.000     1276.430       28.365
    10:      104.000       54.000        0.000        0.000        0.000
    15:        0.000        0.000        0.000        0.000        0.000
    20:        0.000
D:
     0:        1.720       55.250        5.610        2.100        2.990
     5:      114.310        1.590        2.820        2.390        5.600
    10:        8.030        2.430        5.550        8.250        3.910
    15:        1.550        3.750      160.810       21.910       11.640
    20:        5.580       12.390        6.640        8.870        2.790
    25:        9.260       40.530        2.900        6.140        2.180
    30:       66.830       16.350       19.850        1.250      225.410
    35:      103.000       39.260        5.970        4.370       34.560
    40:        9.810        2.620      158.010        1.140       68.510
E:
     0:       19.000       11.000       26.000       27.000        6.000
     5:        6.000        6.000        6.000        6.000        6.000
    10:        6.000        6.000        6.000        6.000        1.000
    15:        1.000        6.000        6.000        6.000        6.000
    20:        6.000        6.000        6.000        6.000        1.000
    25:        1.000        2.000        4.000       22.000       24.000
    30:       12.000        6.000        6.000        6.000        6.000
    35:        6.000       19.000       11.000        6.000        6.000
    40:        6.000        6.000        6.000        6.000        6.000
    45:        6.000        2.000        4.000       22.000       24.000
    50:       12.000       19.000       11.000        6.000        6.000
    55:        6.000        6.000        6.000        6.000        1.000
    60:        1.000        2.000        4.000       22.000       24.000
    65:       12.000       19.000       11.000        2.000        4.000
    70:       22.000       24.000       12.000        6.000        6.000
    75:        6.000       19.000       11.000        6.000        6.000
    80:        6.000        6.000        6.000        6.000        6.000
    85:        6.000        2.000        4.000       22.000       24.000
    90:       12.000       21.000       22.000       19.000       11.000
    95:        2.000        4.000       22.000       24.000       12.000
   100:        6.000        6.000        6.000       19.000       11.000
   105:        6.000        6.000        6.000        2.000        4.000
   110:       22.000       24.000       12.000        6.000        6.000
   115:        6.000        6.000       19.000       11.000        6.000
   120:        6.000        6.000        6.000        6.000        6.000
   125:        1.000        1.000        2.000        4.000       22.000
   130:       24.000       12.000       21.000       22.000       19.000
   135:       11.000        2.000        4.000       22.000       24.000
   140:       12.000       21.000       22.000       19.000       11.000
   145:        2.000        4.000       22.000       24.000       12.000
   150:       21.000       22.000       21.000       22.000       21.000
   155:       22.000       19.000       11.000        6.000        6.000
   160:        6.000        6.000        6.000        6.000        6.000
   165:        6.000        6.000        6.000        6.000        6.000
   170:        6.000        6.000        6.000        6.000        6.000
   175:        6.000        6.000        6.000        6.000        6.000
   180:        6.000        6.000        6.000        6.000        6.000
   185:        6.000        6.000        1.000        1.000        2.000
   190:        4.000       22.000       24.000       12.000        6.000
   195:        6.000        6.000        6.000        6.000        6.000
   200:        6.000        6.000        6.000       19.000       11.000
   205:        6.000        6.000        6.000        6.000        6.000
   210:        1.000        1.000        1.000        1.000        1.000
   215:        1.000        1.000        6.000        6.000        6.000
   220:        6.000        6.000        6.000        6.000        6.000
   225:        6.000        6.000        6.000        6.000        6.000
   230:        6.000        6.000        6.000        6.000        6.000
   235:        6.000        6.000        6.000        6.000        6.000
   240:        1.000        1.000        2.000        4.000       22.000
   245:       24.000       12.000        6.000        6.000        6.000
   250:        6.000        6.000        6.000        6.000        6.000
   255:       19.000       11.000        6.000        6.000        6.000
   260:        6.000        6.000        6.000        6.000        6.000
   265:        6.000        6.000        6.000        6.000        6.000
   270:        2.000        4.000       22.000       24.000       12.000
   275:        6.000        6.000        6.000        6.000        6.000
   280:        6.000       19.000       11.000        6.000        6.000
   285:        6.000        6.000        6.000        6.000        6.000
   290:        6.000        6.000        6.000        6.000        6.000
   295:        2.000        4.000       22.000       24.000       12.000
   300:       19.000       11.000        2.000        4.000       22.000
   305:       24.000       12.000       19.000       11.000        1.000
   310:        2.000        4.000       22.000       24.000       12.000
   315:       21.000       22.000        6.000        6.000       19.000
   320:       11.000        6.000        2.000        4.000       22.000
   325:       24.000       12.000       21.000       22.000       21.000
   330:       22.000       21.000       22.000       21.000       22.000
   335:       21.000       22.000        6.000        6.000        6.000
   340:        6.000       19.000       11.000        6.000        6.000
   345:        6.000        6.000        6.000        6.000        6.000
   350:        6.000        6.000        6.000        6.000        6.000
   355:        6.000        6.000        1.000        2.000        4.000
   360:       22.000       24.000       12.000        6.000        6.000
   365:        6.000        6.000        6.000        6.000        6.000
   370:        6.000        6.000       19.000       11.000        6.000
   375:        6.000        6.000        6.000        6.000        6.000
   380:        6.000        6.000        6.000        6.000        6.000
   385:        6.000        6.000        6.000        6.000        6.000
   390:        6.000        6.000        6.000        1.000        2.000
   395:        4.000       22.000       24.000       12.000        6.000
   400:        6.000        6.000        6.000        6.000        6.000
   405:        6.000       19.000       11.000        6.000        6.000
   410:        6.000        6.000        6.000        6.000        6.000
   415:        6.000        6.000        6.000        6.000        6.000
   420:        6.000        6.000        6.000        6.000        6.000
   425:        6.000        6.000        6.000        6.000        6.000
   430:        6.000        6.000        6.000        6.000        6.000
   435:        6.000        6.000        1.000        6.000        6.000
   440:        6.000        6.000        6.000        6.000        6.000
   445:        6.000        6.000        6.000        6.000        2.000
   450:        4.000       22.000       24.000       12.000        6.000
   455:        6.000       19.000       11.000        1.000        1.000
   460:        1.000        2.000        4.000       22.000       24.000
   465:       12.000       21.000       22.000        6.000       19.000
   470:       11.000        1.000        1.000        2.000        4.000
   475:       22.000       24.000       12.000       19.000       11.000
   480:        2.000        4.000       22.000       24.000       12.000
   485:        6.000        6.000        6.000       19.000       11.000
   490:        2.000        4.000       22.000       24.000       12.000
   495:        6.000        6.000        6.000        6.000        6.000
   500:        6.000       19.000       11.000        6.000        6.000
   505:        6.000        6.000        6.000        6.000        6.000
   510:        6.000        1.000        6.000        6.000        2.000
   515:        4.000       22.000       24.000       12.000       19.000
   520:       11.000        2.000        4.000       22.000       24.000
   525:       12.000       19.000       11.000        1.000        1.000
   530:        6.000        6.000        6.000        6.000        6.000
   535:        6.000        6.000        6.000        6.000        6.000
   540:        6.000        6.000        6.000        6.000        6.000
   545:        2.000        4.000       22.000       24.000       12.000
   550:       19.000       11.000        6.000        6.000        6.000
   555:        6.000        6.000        6.000        6.000        6.000
   560:        6.000        2.000        4.000       22.000       24.000
   565:       12.000       19.000       11.000        6.000        2.000
   570:        4.000       22.000       24.000       12.000       21.000
   575:       22.000       19.000       11.000        1.000        2.000
   580:        4.000       22.000       24.000       12.000       21.000
   585:       22.000       21.000       22.000       21.000       22.000
   590:       21.000       22.000       21.000       22.000       19.000
   595:       11.000        2.000        4.000       22.000       24.000
   600:       12.000       21.000       22.000       21.000       22.000
   605:       21.000       22.000        6.000        6.000        6.000
   610:       19.000       11.000        6.000        6.000        1.000
   615:        6.000        6.000        6.000        6.000        6.000
   620:        6.000        6.000        6.000        6.000        6.000
   625:        2.000        4.000       22.000       24.000       12.000
   630:       19.000       11.000        6.000        2.000        4.000
   635:       22.000       24.000       12.000        6.000       19.000
   640:       11.000        6.000        6.000        6.000        6.000
   645:        6.000        6.000        6.000        6.000        6.000
   650:        6.000        6.000        6.000        6.000        6.000
   655:        6.000        6.000        6.000        6.000        6.000
   660:        6.000        6.000        6.000        6.000        6.000
   665:        6.000        6.000        6.000        6.000        6.000
   670:        6.000        1.000        1.000        6.000        6.000
   675:        6.000        6.000        6.000        6.000        6.000
   680:        6.000        6.000        6.000        6.000        6.000
   685:        6.000        6.000        6.000        6.000        6.000
   690:        2.000        4.000       22.000       24.000       12.000
   695:        6.000        6.000        6.000       19.000       11.000
   700:        6.000        6.000        6.000        6.000        2.000
   705:        4.000       22.000       24.000       12.000        6.000
   710:        6.000        6.000        6.000        6.000        6.000
   715:        6.000       19.000       11.000        1.000        6.000
   720:        2.000        4.000       22.000       24.000       12.000
   725:        6.000        6.000       19.000       11.000        6.000
   730:        6.000        6.000        6.000        6.000        6.000
   735:        6.000        6.000        6.000        6.000        6.000
   740:        6.000        6.000        6.000        6.000        2.000
   745:        4.000       22.000       24.000       12.000       21.000
   750:       22.000       19.000       11.000        6.000        6.000
   755:        6.000        6.000        6.000        2.000        4.000
   760:       22.000       24.000       12.000        6.000       21.000
   765:       22.000       19.000       11.000        6.000        6.000
   770:        6.000        2.000        4.000       22.000       24.000
   775:       12.000       21.000       22.000       21.000       22.000
   780:       21.000       22.000        6.000        6.000        6.000
   785:       19.000       11.000        6.000        6.000        6.000
   790:        6.000        6.000        6.000        6.000        6.000
   795:        6.000        6.000        2.000        4.000       22.000
   800:       24.000       12.000        6.000        6.000        6.000
   805:       19.000       11.000        2.000        4.000       22.000
   810:       24.000       12.000       19.000       11.000        1.000
   815:        6.000        6.000        6.000        6.000        6.000
   820:        6.000        6.000        6.000        6.000        6.000
   825:        6.000        6.000        6.000        6.000        6.000
   830:        6.000        2.000        4.000       22.000       24.000
   835:       12.000       19.000       11.000        6.000        6.000
   840:        6.000        6.000        6.000        6.000        6.000
   845:        1.000        6.000        6.000        6.000        6.000
   850:        6.000        6.000        6.000        6.000        6.000
   855:        6.000        6.000        6.000        6.000        6.000
   860:        6.000        6.000        6.000        6.000        6.000
   865:        6.000        6.000        6.000        6.000        6.000
   870:        6.000        6.000        6.000        6.000        6.000
   875:        6.000        6.000        6.000        6.000        6.000
   880:        6.000        6.000        6.000        6.000        6.000
   885:        6.000        6.000        6.000        6.000        6.000
   890:        6.000        6.000        6.000        6.000        6.000
   895:        6.000        6.000        6.000        6.000        2.000
   900:        4.000       22.000       24.000       12.000       19.000
   905:       11.000        6.000        6.000        6.000        6.000
   910:        6.000        6.000        6.000        6.000        2.000
   915:        4.000       22.000       24.000       12.000       21.000
   920:       22.000       19.000       11.000        2.000        4.000
   925:       22.000       24.000       12.000        6.000        6.000
   930:        6.000       19.000       11.000        1.000        6.000
   935:        6.000        6.000        6.000        6.000        6.000
   940:        6.000        6.000        6.000        6.000        6.000
   945:        6.000        6.000        6.000        2.000        4.000
   950:       22.000       24.000       12.000       21.000       22.000
   955:       21.000       22.000       21.000       22.000       21.000
   960:       22.000       19.000       11.000        2.000        4.000
   965:       22.000       24.000       12.000       21.000       22.000
   970:       21.000       22.000       19.000       11.000        2.000
   975:        4.000       22.000       24.000       12.000       19.000
   980:       11.000        6.000        6.000        6.000        6.000
   985:        6.000        6.000        6.000        6.000        6.000
   990:        6.000        6.000        6.000        6.000        6.000
   995:        6.000        6.000        6.000        6.000        6.000
  1000:        6.000        6.000        6.000        6.000        6.000
  1005:        2.000        4.000       22.000       24.000       12.000
  1010:       19.000       11.000        1.000        1.000        1.000
  1015:        1.000        1.000        1.000        1.000        1.000
  1020:        1.000        6.000        6.000        6.000        6.000
  1025:        6.000        6.000        1.000        2.000        4.000
  1030:       22.000       24.000       12.000       19.000       11.000
  1035:        6.000        6.000        6.000        6.000        6.000
  1040:        6.000        6.000        6.000        6.000        6.000
  1045:        6.000        6.000        6.000        6.000        6.000
  1050:        6.000        6.000        6.000        6.000        6.000
  1055:        6.000        6.000        6.000        6.000        6.000
  1060:        6.000        6.000        6.000        2.000        4.000
  1065:       22.000       24.000       12.000        6.000        6.000
  1070:       19.000       11.000        1.000        2.000        4.000
  1075:       22.000       24.000       12.000        6.000        6.000
  1080:        6.000        6.000        6.000        6.000        6.000
  1085:        6.000        6.000       19.000       11.000        6.000
  1090:        6.000        6.000        6.000        6.000        6.000
  1095:        6.000        6.000        6.000        6.000        6.000
  1100:        6.000        6.000        6.000        6.000        6.000
  1105:        6.000        6.000        6.000        6.000        2.000
  1110:        4.000       22.000       24.000       12.000       21.000
  1115:       22.000       19.000       11.000        2.000        4.000
  1120:       22.000       24.000       12.000       21.000       22.000
  1125:       21.000       22.000       19.000       11.000        2.000
  1130:        4.000       22.000       24.000       12.000       19.000
  1135:       11.000        6.000        6.000        1.000        6.000
  1140:        6.000        6.000        6.000        6.000        6.000
  1145:        6.000        2.000        4.000       22.000       24.000
  1150:       12.000        6.000       19.000       11.000        6.000
  1155:        6.000        6.000        6.000        6.000        6.000
  1160:        6.000        6.000        6.000        6.000        2.000
  1165:        4.000       22.000       24.000       12.000        6.000
  1170:        6.000       19.000       11.000        6.000        6.000
  1175:        6.000        6.000        6.000        6.000        6.000
  1180:        6.000        6.000        6.000        6.000        6.000
  1185:        6.000        1.000        6.000        6.000        6.000
  1190:        6.000        6.000        6.000        6.000        6.000
  1195:        6.000        6.000        6.000        6.000        6.000
  1200:        6.000        6.000        6.000        6.000        6.000
  1205:        6.000        6.000        6.000        6.000        6.000
  1210:        6.000        6.000        6.000        6.000        6.000
  1215:        6.000        6.000        6.000        6.000        6.000
  1220:        6.000        6.000        6.000        6.000        6.000
  1225:        6.000        6.000        6.000        6.000        6.000
  1230:        2.000        4.000       22.000       24.000       12.000
  1235:       21.000       22.000       19.000       11.000        1.000
  1240:        6.000        6.000        6.000        6.000        6.000
  1245:        6.000        6.000        6.000        6.000        6.000
  1250:        6.000        6.000        6.000        6.000        6.000
  1255:        2.000        4.000       22.000       24.000       12.000
  1260:        6.000        6.000       19.000       11.000        6.000
  1265:        6.000        6.000        6.000        6.000        6.000
  1270:        6.000        2.000        4.000       22.000       24.000
  1275:       12.000       21.000       22.000       21.000       22.000
  1280:       21.000       22.000       21.000       22.000       19.000
  1285:       11.000        2.000        4.000       22.000       24.000
  1290:       12.000       21.000       22.000       19.000       11.000
  1295:        1.000        6.000        6.000        6.000        6.000
  1300:        6.000        6.000        6.000        6.000        6.000
  1305:        6.000        6.000        6.000        6.000        6.000
  1310:        6.000        6.000        6.000
T:
     0:        0.000        0.000        0.000        0.000        4.490
     5:        4.590        4.650        4.950        5.090        6.900
    10:        8.650        8.870        9.930       11.590       24.230
    15:       27.010       33.500       33.750       33.770       34.170
    20:       34.400       37.530       37.610       40.350       95.330
    25:      136.930      139.310      139.310      139.310      139.320
    30:      139.320      141.040      141.420      141.450      147.820
    35:      148.870      149.310      149.320      157.370      157.390
    40:      158.860      158.950      159.070      159.530      163.450
    45:      163.670      173.860      173.860      173.860      173.870
    50:      173.870      183.860      183.870      229.120      229.430
    55:      230.430      234.230      234.280      234.990      293.590
    60:      295.580      297.080      297.080      297.080      297.090
    65:      297.090      307.080      307.090      308.230      308.230
    70:      308.230      308.240      308.240      313.850      313.940
    75:      313.990      318.230      318.240      356.620      356.690
    80:      356.870      357.320      357.980      358.660      365.900
    85:      365.960      371.330      371.330      371.330      371.340
    90:      371.340      371.840      371.840      381.330      381.340
    95:      400.550      400.550      400.550      400.560      400.560
   100:      402.660      402.720      405.020      410.550      410.560
   105:      411.490      411.800      413.020      450.920      450.920
   110:      450.920      450.930      450.930      453.920      453.990
   115:      456.840      456.920      460.920      460.930      462.210
   120:      464.700      464.990      465.890      466.280      466.370
   125:      473.020      474.730      480.690      480.690      480.690
   130:      480.700      480.700      486.920      486.920      490.690
   135:      490.700      499.980      499.980      499.980      499.990
   140:      499.990      503.630      503.630      509.980      509.990
   145:      519.290      519.290      519.290      519.300      519.300
   150:      520.600      520.600      522.500      522.500      529.250
   155:      529.250      529.290      529.300      633.610      633.660
   160:      633.700      633.810      634.100      634.160      634.360
   165:      634.820      639.250      647.770      656.050      656.780
   170:      658.350      659.550      660.220      660.780      660.910
   175:      662.240      663.250      663.480      663.920      664.010
   180:      664.520      664.630      665.200      665.360      665.410
   185:      666.930      667.480      720.440      728.820      735.350
   190:      735.350      735.350      735.360      735.360      736.950
   195:      736.990      739.220      739.680      739.780      740.200
   200:      743.970      744.340      745.260      745.350      745.360
   205:      748.360      748.390      749.240      755.390      755.420
   210:      794.760      794.910      851.300      918.120      983.800
   215:     1060.210     1064.450     1067.510     1067.810     1067.860
   220:     1068.150     1072.050     1072.170     1072.670     1072.900
   225:     1074.830     1075.440     1079.220     1080.080     1088.650
   230:     1089.150     1090.730     1092.330     1099.800     1099.980
   235:     1109.940     1110.470     1110.800     1110.900     1111.260
   240:     1308.020     1354.940     1360.130     1360.130     1360.130
   245:     1360.140     1360.140     1362.960     1364.210     1364.480
   250:     1368.460     1368.800     1369.390     1369.500     1369.860
   255:     1370.130     1370.140     1372.280     1374.230     1374.700
   260:     1375.780     1375.830     1382.390     1382.780     1382.850
   265:     1387.690     1390.330     1391.900     1391.990     1392.070
   270:     1420.730     1420.730     1420.730     1420.740     1420.740
   275:     1423.130     1424.160     1424.200     1426.160     1426.180
   280:     1429.500     1430.730     1430.740     1514.670     1514.940
   285:     1514.990     1515.200     1515.310     1516.440     1518.990
   290:     1519.730     1520.500     1532.700     1533.800     1535.460
   295:     1536.710     1536.710     1536.710     1536.720     1536.720
   300:     1546.710     1546.720     1553.570     1553.570     1553.570
   305:     1553.580     1553.580     1563.570     1563.580     1564.830
   310:     1570.220     1570.220     1570.220     1570.230     1570.230
   315:     1574.180     1574.180     1575.830     1576.890     1580.220
   320:     1580.230     1690.110     1700.460     1700.460     1700.460
   325:     1700.470     1700.470     1704.850     1704.850     1705.080
   330:     1705.080     1705.140     1705.140     1705.580     1705.580
   335:     1706.940     1706.940     1708.500     1709.370     1709.440
   340:     1710.320     1710.460     1710.470     1711.890     1713.330
   345:     1722.920     1723.390     1728.810     1733.250     1733.360
   350:     1738.140     1738.240     1745.870     1748.700     1749.090
   355:     1749.280     1750.870     1932.600     2011.850     2011.850
   360:     2011.850     2011.860     2011.860     2014.290     2015.540
   365:     2015.800     2015.860     2017.780     2021.320     2021.480
   370:     2021.660     2021.750     2021.850     2021.860     2021.880
   375:     2029.490     2030.050     2032.030     2032.560     2078.140
   380:     2080.180     2080.290     2080.490     2080.750     2080.780
   385:     2115.120     2118.020     2118.130     2119.690     2123.800
   390:     2123.900     2126.060     2126.090     2132.450     2184.860
   395:     2184.860     2184.860     2184.870     2184.870     2190.420
   400:     2190.940     2190.980     2191.060     2192.110     2192.660
   405:     2194.820     2194.860     2194.870     2194.990     2195.030
   410:     2202.900     2203.490     2203.510     2204.230     2206.850
   415:     2208.110     2211.080     2211.470     2212.650     2212.730
   420:     2213.660     2214.480     2218.630     2219.930     2220.990
   425:     2221.040     2221.380     2221.480     2221.960     2222.000
   430:     2222.550     2222.630     2222.740     2223.070     2223.560
   435:     2223.650     2234.150     2383.260     2409.750     2413.920
   440:     2420.910     2421.480     2422.580     2422.600     2430.090
   445:     2430.670     2430.800     2433.010     2436.810     2475.970
   450:     2475.970     2475.970     2475.980     2475.980     2484.230
   455:     2484.820     2485.970     2485.980     2510.250     2522.470
   460:     2555.230     2627.140     2627.140     2627.140     2627.150
   465:     2627.150     2628.290     2628.290     2631.060     2637.140
   470:     2637.150     2640.330     2643.030     2661.790     2661.790
   475:     2661.790     2661.800     2661.800     2671.790     2671.800
   480:     2749.850     2749.850     2749.850     2749.860     2749.860
   485:     2751.410     2751.810     2751.920     2759.850     2759.860
   490:     2826.960     2826.960     2826.960     2826.970     2826.970
   495:     2830.720     2831.350     2831.380     2831.770     2831.820
   500:     2833.810     2836.960     2836.970     2840.730     2909.090
   505:     2935.590     2936.980     2940.350     2946.640     2955.420
   510:     2956.170     3051.580     3078.580     3079.310     3122.680
   515:     3122.680     3122.680     3122.690     3122.690     3132.680
   520:     3132.690     3152.850     3152.850     3152.850     3152.860
   525:     3152.860     3162.850     3162.860     3168.800     3169.940
   530:     3313.670     3313.730     3317.430     3331.450     3446.420
   535:     3447.050     3449.700     3454.040     3454.460     3454.530
   540:     3458.340     3459.860     3460.150     3460.770     3460.940
   545:     3640.950     3640.950     3640.950     3640.960     3640.960
   550:     3650.950     3650.960     3662.870     3663.140     3669.610
   555:     3669.660     3674.790     3674.810     3674.980     3675.080
   560:     3676.240     3702.520     3702.520     3702.520     3702.530
   565:     3702.530     3712.520     3712.530     3714.170     3932.560
   570:     3932.560     3932.560     3932.570     3932.570     3934.690
   575:     3934.690     3942.560     3942.570     3945.620     4033.830
   580:     4033.830     4033.830     4033.840     4033.840     4035.740
   585:     4035.740     4035.910     4035.910     4037.580     4037.580
   590:     4040.590     4040.590     4041.320     4041.320     4043.830
   595:     4043.840     4045.030     4045.030     4045.030     4045.040
   600:     4045.040     4045.250     4045.250     4047.690     4047.690
   605:     4049.310     4049.310     4050.620     4051.620     4051.720
   610:     4055.030     4055.040     4067.510     4067.530     4109.130
   615:     4253.760     4254.240     4254.430     4262.530     4263.140
   620:     4279.010     4285.080     4285.550     4285.580     4304.270
   625:     4373.080     4373.080     4373.080     4373.090     4373.090
   630:     4383.080     4383.090     4385.480     4419.750     4419.750
   635:     4419.750     4419.760     4419.760     4426.400     4429.750
   640:     4429.760     4448.730     4448.940     4471.240     4471.750
   645:     4549.740     4549.780     4551.370     4558.900     4562.840
   650:     4564.850     4571.550     4572.350     4572.370     4575.340
   655:     4575.430     4575.910     4576.590     4576.820     4576.930
   660:     4577.110     4577.220     4577.460     4590.420     4592.050
   665:     4592.370     4592.420     4594.700     4595.080     4595.110
   670:     4597.860     4637.790     4642.670     4705.950     4706.240
   675:     4706.450     4706.740     4708.630     4708.700     4712.400
   680:     4712.530     4713.010     4713.460     4713.530     4713.660
   685:     4713.740     4715.210     4722.750     4723.970     4724.180
   690:     4857.470     4857.470     4857.470     4857.480     4857.480
   695:     4866.350     4866.510     4867.300     4867.470     4867.480
   700:     4869.000     4869.690     4878.300     4878.720     4886.350
   705:     4886.350     4886.350     4886.360     4886.360     4889.150
   710:     4891.880     4892.100     4892.140     4892.260     4892.320
   715:     4893.230     4896.350     4896.360     4912.920     4922.930
   720:     4991.890     4991.890     4991.890     4991.900     4991.900
   725:     5001.160     5001.670     5001.890     5001.900     5002.340
   730:     5005.090     5005.880     5006.030     5006.950     5007.000
   735:     5007.720     5008.730     5008.990     5009.900     5009.980
   740:     5093.460     5093.500     5094.830     5094.890     5111.370
   745:     5111.370     5111.370     5111.380     5111.380     5115.360
   750:     5115.360     5121.370     5121.380     5151.910     5152.010
   755:     5156.410     5156.440     5156.530     5162.980     5162.980
   760:     5162.980     5162.990     5162.990     5165.890     5172.320
   765:     5172.320     5172.980     5172.990     5175.930     5176.310
   770:     5178.900     5185.930     5185.930     5185.930     5185.940
   775:     5185.940     5186.530     5186.530     5186.600     5186.600
   780:     5187.470     5187.470     5192.080     5192.310     5192.380
   785:     5195.930     5195.940     5200.210     5200.270     5200.370
   790:     5200.540     5217.440     5218.210     5218.450     5220.380
   795:     5221.290     5221.600     5307.970     5307.970     5307.970
   800:     5307.980     5307.980     5310.160     5311.330     5311.370
   805:     5317.970     5317.980     5326.370     5326.370     5326.370
   810:     5326.380     5326.380     5336.370     5336.380     5388.960
   815:     5393.210     5393.370     5393.760     5396.090     5397.110
   820:     5397.290     5397.530     5399.360     5400.520     5400.550
   825:     5400.780     5401.190     5401.250     5401.350     5401.930
   830:     5406.610     5446.490     5446.490     5446.490     5446.500
   835:     5446.500     5456.490     5456.500     5462.850     5469.340
   840:     5487.260     5496.540     5496.980     5497.020     5501.830
   845:     5516.610     5637.140     5637.430     5638.890     5638.970
   850:     5639.100     5640.240     5645.360     5647.640     5648.640
   855:     5652.370     5707.510     5818.380     5818.430     5818.680
   860:     5819.050     5822.030     5822.840     5823.080     5823.370
   865:     5823.540     5824.110     5824.200     5824.470     5826.390
   870:     5827.120     5828.690     5828.900     5834.860     5835.060
   875:     5835.160     5835.210     5835.250     5835.360     5854.930
   880:     5855.000     5856.730     5857.150     5857.190     5857.830
   885:     5860.200     5861.470     5861.910     5862.350     5867.570
   890:     5868.860     5870.470     5878.610     5879.340     5879.360
   895:     5883.080     5885.160     5886.120     5886.580     5891.270
   900:     5891.270     5891.270     5891.280     5891.280     5901.270
   905:     5901.280     5911.130     5911.410     5911.620     5929.490
   910:     5929.650     5931.870     5932.240     5944.400     5970.400
   915:     5970.400     5970.400     5970.410     5970.410     5980.330
   920:     5980.330     5980.400     5980.410     6058.490     6058.490
   925:     6058.490     6058.500     6058.500     6059.750     6059.980
   930:     6060.180     6068.490     6068.500     6143.650     6156.440
   935:     6157.640     6158.180     6164.130     6164.910     6165.230
   940:     6165.560     6166.100     6166.280     6177.500     6181.310
   945:     6182.550     6182.670     6187.430     6198.750     6198.750
   950:     6198.750     6198.760     6198.760     6200.890     6200.890
   955:     6200.950     6200.950     6201.010     6201.010     6202.720
   960:     6202.720     6208.750     6208.760     6224.590     6224.590
   965:     6224.590     6224.600     6224.600     6228.010     6228.010
   970:     6228.430     6228.430     6234.590     6234.600     6276.590
   975:     6276.590     6276.590     6276.600     6276.600     6286.590
   980:     6286.600     6502.010     6502.530     6502.660     6505.400
   985:     6505.510     6506.840     6506.940     6517.270     6518.460
   990:     6530.590     6530.850     6533.050     6536.880     6594.620
   995:     6594.670     6595.030     6598.260     6598.780     6599.860
  1000:     6600.440     6835.570     6836.270     6836.300     6837.210
  1005:     6842.830     6842.830     6842.830     6842.840     6842.840
  1010:     6852.830     6852.840     6854.590     6854.730     6859.500
  1015:     6862.240     6865.020     6866.870     6867.250     6869.350
  1020:     6870.520     6945.840     6946.380     6946.440     6955.290
  1025:     6959.940     6961.680     6996.120     7062.610     7062.610
  1030:     7062.610     7062.620     7062.620     7072.610     7072.620
  1035:     7101.880     7101.900     7104.770     7104.920     7210.780
  1040:     7211.120     7211.270     7211.460     7211.670     7211.730
  1045:     7211.900     7227.310     7487.730     7488.800     7491.460
  1050:     7491.960     7492.180     7492.330     7492.390     7492.560
  1055:     7492.670     7492.750     7492.870     7493.060     7493.460
  1060:     7494.180     7494.300     7494.510     7507.520     7507.520
  1065:     7507.520     7507.530     7507.530     7513.500     7514.030
  1070:     7517.520     7517.530     7591.920     7614.950     7614.950
  1075:     7614.950     7614.960     7614.960     7619.330     7619.500
  1080:     7619.620     7622.050     7622.240     7622.350     7622.680
  1085:     7623.150     7623.600     7624.950     7624.960     7625.030
  1090:     7629.560     7630.440     7630.480     7631.530     7631.780
  1095:     7631.930     7635.810     7638.530     7638.740     7638.790
  1100:     7640.560     7640.750     7641.030     7641.380     7641.460
  1105:     7662.120     7663.270     7664.420     7664.480     7667.960
  1110:     7667.960     7667.960     7667.970     7667.970     7675.770
  1115:     7675.770     7677.960     7677.970     7678.100     7678.100
  1120:     7678.100     7678.110     7678.110     7678.150     7678.150
  1125:     7683.970     7683.970     7688.100     7688.110     7777.200
  1130:     7777.200     7777.200     7777.210     7777.210     7787.200
  1135:     7787.210     7811.770     7812.860     7981.430     7993.860
  1140:     8002.550     8003.020     8005.490     8005.620     8006.550
  1145:     8006.920     8019.190     8019.190     8019.190     8019.200
  1150:     8019.200     8029.010     8029.190     8029.200     8033.350
  1155:     8033.810     8034.130     8035.060     8036.380     8051.660
  1160:     8068.810     8069.260     8223.970     8224.600     8269.000
  1165:     8269.000     8269.000     8269.010     8269.010     8271.630
  1170:     8272.060     8279.000     8279.010     8296.800     8297.120
  1175:     8297.490     8454.460     8455.630     8455.770     8456.130
  1180:     8456.480     8459.010     8459.500     8459.890     8460.000
  1185:     8580.090     8649.150     8728.210     8729.740     8729.770
  1190:     8732.570     8742.970     8743.310     8747.440     8747.500
  1195:     8747.660     8750.500     8752.580     8755.160     8755.910
  1200:     8757.970     8761.430     8762.170     8763.220     8763.320
  1205:     8764.690     8764.750     8765.390     8765.500     8765.620
  1210:     8765.730     8766.450     8766.840     8766.940     8768.780
  1215:     8769.200     8769.340     8772.520     8773.220     8773.280
  1220:     8776.780     8780.310     8780.450     8784.820     8789.110
  1225:     8791.270     8791.450     8794.990     8796.780     8797.460
  1230:     8915.730     8915.730     8915.730     8915.740     8915.740
  1235:     8918.230     8918.230     8925.730     8925.740     8929.280
  1240:     9073.750     9074.110     9079.540     9081.560     9083.050
  1245:     9084.820     9087.820     9089.930     9099.240     9550.720
  1250:     9550.920     9551.140     9551.220     9553.600     9560.410
  1255:     9577.310     9577.310     9577.310     9577.320     9577.320
  1260:     9578.460     9578.650     9587.310     9587.320     9588.500
  1265:     9588.720     9588.820     9588.850     9589.130     9592.900
  1270:     9593.740     9596.270     9596.270     9596.270     9596.280
  1275:     9596.280     9598.950     9598.950     9602.640     9602.640
  1280:     9602.960     9602.960     9606.230     9606.230     9606.270
  1285:     9606.280     9607.190     9607.190     9607.190     9607.200
  1290:     9607.200     9607.430     9607.430     9617.190     9617.200
  1295:     9651.380     9675.710     9684.810     9686.680     9741.690
  1300:     9759.080     9759.560     9760.000     9761.070     9771.070
  1305:     9771.340     9771.670     9772.690     9773.540     9773.630
  1310:     9778.340     9778.580     9790.020
