File: C:\MED-PC\Data\2024-11-15_16h00m_Subject 55.txt


Start Date: 11/15/24
End Date: 11/15/24
Subject: 55
Experiment: OralFentSA
Group: One
Box: 11
Start Time: 16:00:54
End Time: 19:00:58
MSN: Golden_Liq_SelfAdmin_EXT
F:       0.000
G:    1303.000
H:   10800.000
I:       0.000
J:       0.000
K:       0.000
L:       0.000
M:       0.000
N:       0.000
O:       0.000
P:       0.000
Q:       0.000
R:       0.000
S:       0.000
U:       0.000
V:       0.000
W:       0.000
X:       0.000
Y:       0.000
Z:       0.000
A:
     0:        0.000        0.000      180.000        4.000        0.000
     5:        5.000        0.000        5.000        0.000        0.000
    10:        1.000        0.000       10.000   100000.000       41.000
    15:       20.000      600.000        0.000        0.000        0.000
    20:        0.000
B:
     0:        0.000        0.000        0.000        0.000        0.000
     5:        0.000        0.000        0.000        0.000        0.000
    10:        0.000        0.000     1000.000 10000000.000        0.000
    15:        0.000        0.000        0.000        0.000        0.000
    20:        0.000
C:
     0:        0.000       28.000       92.000       49.000      974.000
     5:    10301.980      221.390       24.000     1957.860       81.578
    10:       49.000       92.000        0.000        0.000        0.000
    15:        0.000        0.000        0.000        0.000        0.000
    20:        0.000
D:
     0:       24.030       80.660      124.000        3.860      176.910
     5:        8.110        8.010       75.730        2.400       14.250
    10:       96.130      117.380      206.100        8.520       23.100
    15:      158.630        7.400       11.420       41.030      439.130
    20:       10.100       97.510        2.060      221.390
E:
     0:       19.000       11.000       26.000       27.000        1.000
     5:        1.000        1.000        1.000        1.000        2.000
    10:        4.000       22.000       24.000       12.000       21.000
    15:       22.000       20.000       19.000       11.000        1.000
    20:        1.000        1.000        1.000        1.000        1.000
    25:        2.000        4.000       22.000       24.000       12.000
    30:       21.000       22.000       19.000       11.000        6.000
    35:        1.000        1.000        2.000        4.000       22.000
    40:       24.000       12.000       19.000       11.000        6.000
    45:        1.000        6.000        2.000        4.000       22.000
    50:       24.000       12.000       21.000       22.000       19.000
    55:       11.000        1.000        1.000        1.000        6.000
    60:        6.000        6.000        6.000        6.000        6.000
    65:        6.000        6.000        6.000        6.000        6.000
    70:        6.000        6.000        6.000        6.000        2.000
    75:        4.000       22.000       24.000       12.000       21.000
    80:       22.000       21.000       22.000       21.000       22.000
    85:        6.000       19.000       11.000        1.000        2.000
    90:        4.000       22.000       24.000       12.000       19.000
    95:       11.000        1.000        1.000        1.000        6.000
   100:        6.000        6.000        6.000        6.000        6.000
   105:        6.000        6.000        6.000        6.000        6.000
   110:        6.000        6.000        6.000        6.000        1.000
   115:        2.000        4.000       22.000       24.000       12.000
   120:       21.000       22.000        6.000        6.000        6.000
   125:       19.000       11.000        6.000        6.000        6.000
   130:        6.000        6.000        6.000        6.000        6.000
   135:        6.000        6.000        1.000        1.000        1.000
   140:        1.000        1.000        1.000        1.000        2.000
   145:        4.000       22.000       24.000       12.000        6.000
   150:        6.000       19.000       11.000        1.000        1.000
   155:        6.000        6.000        1.000        2.000        4.000
   160:       22.000       24.000       12.000       21.000       22.000
   165:       19.000       11.000        1.000        6.000        6.000
   170:        6.000        6.000        6.000        6.000        6.000
   175:        6.000        6.000        6.000        6.000        6.000
   180:        6.000        6.000        6.000        6.000        6.000
   185:        6.000        6.000        6.000        6.000        6.000
   190:        6.000        6.000        6.000        6.000        6.000
   195:        6.000        6.000        6.000        6.000        6.000
   200:        6.000        6.000        6.000        6.000        6.000
   205:        6.000        6.000        6.000        6.000        6.000
   210:        6.000        6.000        6.000        6.000        6.000
   215:        6.000        6.000        6.000        6.000        6.000
   220:        6.000        6.000        6.000        6.000        6.000
   225:        6.000        6.000        6.000        6.000        6.000
   230:        2.000        4.000       22.000       24.000       12.000
   235:       21.000       22.000       21.000       22.000        6.000
   240:        6.000        6.000        6.000        6.000        6.000
   245:        6.000        6.000        6.000        6.000        6.000
   250:        6.000       19.000       11.000        6.000        1.000
   255:        2.000        4.000       22.000       24.000       12.000
   260:       19.000       11.000        1.000        2.000        4.000
   265:       22.000       24.000       12.000       19.000       11.000
   270:        6.000        6.000        6.000        6.000        6.000
   275:        6.000        6.000        6.000        6.000        6.000
   280:        6.000        6.000        6.000        6.000        6.000
   285:        6.000        6.000        6.000        6.000        6.000
   290:        6.000        6.000        6.000        6.000        6.000
   295:        6.000        6.000        6.000        6.000        6.000
   300:        6.000        6.000        6.000        6.000        6.000
   305:        6.000        6.000        6.000        6.000        6.000
   310:        6.000        6.000        6.000        6.000        6.000
   315:        6.000        6.000        6.000        6.000        6.000
   320:        6.000        6.000        6.000        6.000        6.000
   325:        6.000        6.000        6.000        6.000        6.000
   330:        6.000        6.000        6.000        6.000        6.000
   335:        6.000        6.000        6.000        6.000        6.000
   340:        6.000        2.000        4.000       22.000       24.000
   345:       12.000       21.000       22.000       21.000       22.000
   350:       19.000       11.000        1.000        6.000        6.000
   355:        6.000        6.000        1.000        2.000        4.000
   360:       22.000       24.000       12.000       19.000       11.000
   365:        6.000        6.000        6.000        1.000        6.000
   370:        6.000        6.000        6.000        6.000        6.000
   375:        6.000        6.000        6.000        6.000        6.000
   380:        6.000        6.000        6.000        6.000        6.000
   385:        6.000        6.000        6.000        6.000        6.000
   390:        6.000        6.000        6.000        6.000        6.000
   395:        6.000        6.000        6.000        6.000        6.000
   400:        6.000        6.000        6.000        6.000        6.000
   405:        6.000        6.000        6.000        6.000        6.000
   410:        6.000        2.000        4.000       22.000       24.000
   415:       12.000       21.000       22.000       19.000       11.000
   420:        1.000        1.000        6.000        6.000        6.000
   425:        6.000        6.000        6.000        6.000        6.000
   430:        6.000        6.000        6.000        6.000        6.000
   435:        6.000        6.000        6.000        6.000        6.000
   440:        6.000        6.000        6.000        6.000        6.000
   445:        6.000        6.000        6.000        6.000        6.000
   450:        6.000        6.000        6.000        6.000        6.000
   455:        6.000        6.000        6.000        6.000        6.000
   460:        6.000        6.000        6.000        6.000        6.000
   465:        6.000        6.000        6.000        6.000        6.000
   470:        6.000        6.000        6.000        6.000        6.000
   475:        6.000        6.000        6.000        6.000        6.000
   480:        6.000        6.000        6.000        6.000        6.000
   485:        6.000        6.000        6.000        6.000        6.000
   490:        6.000        6.000        6.000        6.000        6.000
   495:        6.000        6.000        6.000        6.000        6.000
   500:        6.000        6.000        6.000        6.000        6.000
   505:        6.000        6.000        6.000        6.000        6.000
   510:        6.000        6.000        6.000        6.000        6.000
   515:        6.000        6.000        6.000        6.000        6.000
   520:        6.000        6.000        6.000        6.000        6.000
   525:        6.000        6.000        6.000        6.000        6.000
   530:        6.000        6.000        6.000        6.000        6.000
   535:        6.000        6.000        6.000        6.000        6.000
   540:        6.000        6.000        6.000        6.000        6.000
   545:        6.000        6.000        6.000        6.000        6.000
   550:        6.000        6.000        6.000        6.000        6.000
   555:        6.000        6.000        6.000        6.000        6.000
   560:        6.000        6.000        6.000        6.000        6.000
   565:        6.000        6.000        6.000        2.000        4.000
   570:       22.000       24.000       12.000        6.000       19.000
   575:       11.000        2.000        4.000       22.000       24.000
   580:       12.000       20.000       19.000       11.000        6.000
   585:        6.000        6.000        6.000        6.000        6.000
   590:        1.000        1.000        1.000        6.000        6.000
   595:        6.000        6.000        6.000        6.000        6.000
   600:        6.000        6.000        6.000        6.000        6.000
   605:        6.000        6.000        6.000        6.000        6.000
   610:        6.000        6.000        6.000        6.000        6.000
   615:        6.000        6.000        6.000        6.000        6.000
   620:        6.000        6.000        6.000        6.000        6.000
   625:        6.000        6.000        6.000        6.000        6.000
   630:        6.000        6.000        6.000        6.000        6.000
   635:        6.000        6.000        6.000        6.000        6.000
   640:        6.000        6.000        6.000        6.000        6.000
   645:        6.000        6.000        6.000        6.000        6.000
   650:        6.000        6.000        6.000        6.000        6.000
   655:        6.000        6.000        6.000        6.000        6.000
   660:        6.000        6.000        6.000        2.000        4.000
   665:       22.000       24.000       12.000       19.000       11.000
   670:        6.000        6.000        6.000        6.000        6.000
   675:        6.000        6.000        6.000        6.000        6.000
   680:        6.000        6.000        6.000        6.000        6.000
   685:        6.000        6.000        6.000        6.000        6.000
   690:        6.000        6.000        6.000        6.000        6.000
   695:        6.000        6.000        6.000        6.000        6.000
   700:        6.000        6.000        6.000        6.000        6.000
   705:        6.000        6.000        6.000        6.000        6.000
   710:        6.000        6.000        6.000        6.000        6.000
   715:        6.000        6.000        6.000        6.000        6.000
   720:        6.000        6.000        6.000        6.000        6.000
   725:        6.000        6.000        6.000        6.000        6.000
   730:        6.000        6.000        6.000        6.000        6.000
   735:        6.000        6.000        6.000        6.000        6.000
   740:        6.000        6.000        6.000        6.000        6.000
   745:        6.000        6.000        6.000        6.000        6.000
   750:        6.000        6.000        6.000        6.000        6.000
   755:        6.000        6.000        6.000        2.000        4.000
   760:       22.000       24.000       12.000       21.000       22.000
   765:       21.000       22.000        6.000        6.000        6.000
   770:       21.000       22.000       19.000       11.000        6.000
   775:        6.000        6.000        6.000        6.000        6.000
   780:        6.000        6.000        6.000        6.000        6.000
   785:        6.000        6.000        6.000        6.000        6.000
   790:        6.000        6.000        6.000        6.000        6.000
   795:        6.000        6.000        6.000        6.000        6.000
   800:        6.000        6.000        6.000        6.000        6.000
   805:        6.000        6.000        6.000        6.000        6.000
   810:        6.000        6.000        6.000        6.000        6.000
   815:        6.000        6.000        6.000        6.000        6.000
   820:        6.000        6.000        6.000        6.000        6.000
   825:        6.000        6.000        6.000        6.000        6.000
   830:        6.000        6.000        6.000        6.000        6.000
   835:        6.000        6.000        6.000        6.000        6.000
   840:        6.000        6.000        6.000        6.000        6.000
   845:        6.000        6.000        6.000        6.000        6.000
   850:        6.000        6.000        6.000        6.000        6.000
   855:        6.000        6.000        6.000        6.000        6.000
   860:        6.000        6.000        6.000        6.000        6.000
   865:        6.000        6.000        6.000        6.000        6.000
   870:        6.000        6.000        6.000        6.000        6.000
   875:        6.000        6.000        6.000        6.000        6.000
   880:        6.000        6.000        6.000        6.000        6.000
   885:        6.000        6.000        6.000        6.000        6.000
   890:        6.000        6.000        6.000        6.000        6.000
   895:        6.000        6.000        6.000        6.000        6.000
   900:        6.000        6.000        6.000        6.000        6.000
   905:        6.000        6.000        6.000        6.000        6.000
   910:        6.000        6.000        6.000        6.000        6.000
   915:        6.000        6.000        6.000        6.000        6.000
   920:        6.000        6.000        6.000        6.000        6.000
   925:        6.000        6.000        6.000        6.000        6.000
   930:        6.000        6.000        6.000        6.000        6.000
   935:        6.000        6.000        6.000        6.000        6.000
   940:        6.000        6.000        6.000        6.000        1.000
   945:        1.000        1.000        1.000        1.000        2.000
   950:        4.000       22.000       24.000       12.000       19.000
   955:       11.000        6.000        6.000        6.000        2.000
   960:        4.000       22.000       24.000       12.000       21.000
   965:       22.000       21.000       22.000       21.000       22.000
   970:       19.000       11.000        2.000        4.000       22.000
   975:       24.000       12.000       19.000       11.000        6.000
   980:        6.000        6.000        6.000        6.000        6.000
   985:        6.000        6.000        6.000        6.000        6.000
   990:        6.000        6.000        6.000        6.000        6.000
   995:        6.000        6.000        6.000        6.000        6.000
  1000:        6.000        6.000        6.000        6.000        6.000
  1005:        6.000        6.000        6.000        6.000        6.000
  1010:        6.000        6.000        6.000        6.000        6.000
  1015:        6.000        6.000        6.000        6.000        6.000
  1020:        6.000        6.000        6.000        6.000        6.000
  1025:        6.000        6.000        6.000        6.000        6.000
  1030:        6.000        6.000        6.000        6.000        6.000
  1035:        6.000        6.000        6.000        6.000        6.000
  1040:        6.000        6.000        6.000        6.000        6.000
  1045:        6.000        6.000        6.000        6.000        6.000
  1050:        6.000        6.000        6.000        6.000        6.000
  1055:        6.000        6.000        6.000        6.000        6.000
  1060:        6.000        6.000        1.000        1.000        1.000
  1065:        1.000        1.000        1.000        6.000        6.000
  1070:        6.000        6.000        6.000        6.000        6.000
  1075:        6.000        6.000        6.000        6.000        6.000
  1080:        6.000        6.000        6.000        6.000        6.000
  1085:        6.000        6.000        6.000        6.000        6.000
  1090:        6.000        6.000        6.000        6.000        6.000
  1095:        6.000        6.000        6.000        6.000        6.000
  1100:        6.000        6.000        6.000        6.000        6.000
  1105:        6.000        6.000        6.000        6.000        6.000
  1110:        6.000        6.000        6.000        6.000        6.000
  1115:        6.000        6.000        6.000        6.000        6.000
  1120:        6.000        6.000        6.000        6.000        6.000
  1125:        6.000        6.000        6.000        2.000        4.000
  1130:       22.000       24.000       12.000       21.000       22.000
  1135:       19.000       11.000        6.000        6.000        6.000
  1140:        6.000        6.000        1.000        1.000        1.000
  1145:        1.000        1.000        1.000        6.000        6.000
  1150:        6.000        6.000        6.000        6.000        6.000
  1155:        6.000        6.000        6.000        1.000        1.000
  1160:        1.000        1.000        1.000        1.000        1.000
  1165:        1.000        1.000        1.000        1.000        2.000
  1170:        4.000       22.000       24.000       12.000       21.000
  1175:       22.000       19.000       11.000        6.000        6.000
  1180:        6.000        6.000        6.000        6.000        6.000
  1185:        6.000        6.000        6.000        6.000        1.000
  1190:        1.000        1.000        6.000        6.000        2.000
  1195:        4.000       22.000       24.000       12.000       19.000
  1200:       11.000        6.000        6.000        6.000        6.000
  1205:        6.000        6.000        6.000        6.000        1.000
  1210:        2.000        4.000       22.000       24.000       12.000
  1215:        6.000        6.000        6.000        6.000        6.000
  1220:        6.000        6.000        6.000        6.000        6.000
  1225:        6.000        6.000       19.000       11.000        6.000
  1230:        6.000        1.000        1.000        1.000        1.000
  1235:        1.000        1.000        1.000        1.000        1.000
  1240:        1.000        1.000        1.000        2.000        4.000
  1245:       22.000       24.000       12.000       21.000       22.000
  1250:       19.000       11.000        1.000        1.000        1.000
  1255:        6.000        6.000        6.000        6.000        6.000
  1260:        6.000        6.000        6.000        6.000        6.000
  1265:        6.000        6.000        6.000        6.000        6.000
  1270:        6.000        6.000        6.000        6.000        6.000
  1275:        6.000        6.000        6.000        6.000        6.000
  1280:        6.000        6.000        6.000        6.000        6.000
  1285:        6.000        6.000        6.000        6.000        6.000
  1290:        6.000        6.000        6.000        6.000        6.000
  1295:        6.000        6.000        6.000        6.000        6.000
  1300:        6.000        6.000        6.000      100.000
T:
     0:        0.000        0.000        0.000        0.000        1.280
     5:        5.500       29.200       31.690       34.720       66.410
    10:       66.410       66.410       66.420       66.420       66.810
    15:       66.810       75.830       76.410       76.420       78.090
    20:       80.230       83.690       85.130       92.450       97.650
    25:      104.440      104.440      104.440      104.450      104.450
    30:      104.750      104.750      114.440      114.450      128.480
    35:      136.400      143.070      155.660      155.660      155.660
    40:      155.670      155.670      165.660      165.670      236.330
    45:      240.720      245.210      275.150      275.150      275.150
    50:      275.160      275.160      278.720      278.720      285.150
    55:      285.160      285.780      309.550      312.270      399.160
    60:      399.200      400.350      400.380      400.480      400.570
    65:      400.680      402.210      402.300      402.650      403.960
    70:      404.440      404.530      404.750      406.380      490.970
    75:      490.970      490.970      490.980      490.980      491.040
    80:      491.040      491.480      491.480      493.750      493.750
    85:      494.840      500.970      500.980      536.180      561.480
    90:      561.480      561.480      561.490      561.490      571.480
    95:      571.490      578.670      589.740      590.250      738.400
   100:      738.470      739.110      742.930      745.190      751.720
   105:      751.890      757.380      757.900      757.980      758.230
   110:      758.290      792.760      793.190      793.600      944.580
   115:      951.020      951.020      951.020      951.030      951.030
   120:      951.980      951.980      959.140      959.330      960.210
   125:      961.020      961.030      961.110      964.350      966.200
   130:      966.300      966.910      967.280      970.640      971.700
   135:      974.760      977.820     1125.320     1126.710     1133.830
   140:     1136.080     1137.450     1137.720     1209.660     1349.430
   145:     1349.430     1349.430     1349.440     1349.440     1357.450
   150:     1357.540     1359.430     1359.440     1421.100     1429.890
   155:     1559.240     1748.510     1783.940     2014.930     2014.930
   160:     2014.930     2014.940     2014.940     2018.080     2018.080
   165:     2024.930     2024.940     2081.820     2090.670     2092.470
   170:     2092.980     2150.080     2150.270     2150.430     2170.240
   175:     2170.690     2170.950     2171.120     2171.310     2172.270
   180:     2172.630     2172.700     2173.890     2174.020     2188.820
   185:     2192.160     2192.360     2192.750     2192.880     2193.260
   190:     2193.420     2193.540     2194.130     2194.630     2195.960
   195:     2197.320     2202.920     2202.970     2209.750     2216.750
   200:     2221.930     2319.120     2322.650     2322.860     2324.910
   205:     2325.070     2328.510     2329.070     2329.600     2329.770
   210:     2331.350     2332.670     2333.380     2333.880     2333.910
   215:     2334.020     2334.190     2334.500     2337.070     2337.610
   220:     2338.490     2338.670     2338.880     2338.990     2339.930
   225:     2340.210     2340.250     2340.400     2340.440     2340.520
   230:     2344.040     2344.040     2344.040     2344.050     2344.050
   235:     2344.300     2344.300     2344.510     2344.510     2346.450
   240:     2347.080     2347.240     2347.430     2349.060     2349.150
   245:     2349.210     2349.340     2349.460     2350.190     2350.300
   250:     2350.890     2354.040     2354.050     2357.510     2596.860
   255:     2613.400     2613.400     2613.400     2613.410     2613.410
   260:     2623.400     2623.410     2637.860     2735.510     2735.510
   265:     2735.510     2735.520     2735.520     2745.510     2745.520
   270:     2749.770     2749.860     2752.430     2754.800     2755.280
   275:     2758.610     2759.100     2760.250     2760.350     2760.790
   280:     2760.940     2761.380     2761.610     2780.250     2780.330
   285:     2781.920     2785.950     2786.170     2786.280     2786.420
   290:     2786.530     2786.900     2787.060     2787.390     2788.850
   295:     2789.280     2790.250     2792.920     2793.080     2793.180
   300:     2793.370     2793.400     2798.380     2798.980     2799.400
   305:     2800.890     2811.340     2813.520     2813.810     2820.280
   310:     2820.300     2822.360     2823.060     2824.610     2826.290
   315:     2826.600     2826.770     2826.820     2827.000     2827.080
   320:     2827.170     2827.360     2827.530     2827.700     2827.920
   325:     2828.140     2829.870     2830.830     2831.120     2831.380
   330:     2833.350     2834.370     2834.550     2835.310     2836.340
   335:     2837.390     2837.490     2840.440     2840.720     2840.910
   340:     2849.340     2904.030     2904.030     2904.030     2904.040
   345:     2904.040     2904.190     2904.190     2904.340     2904.340
   350:     2914.030     2914.040     2992.730     3000.170     3000.190
   355:     3002.130     3003.190     3037.370     3103.280     3103.280
   360:     3103.280     3103.290     3103.290     3113.280     3113.290
   365:     3220.670     3220.820     3221.000     3304.120     3337.130
   370:     3337.850     3350.970     3353.090     3368.760     3374.690
   375:     3389.770     3394.330     3394.470     3394.850     3396.220
   380:     3402.220     3441.680     3442.310     3442.770     3464.850
   385:     3510.750     3510.880     3511.000     3511.370     3512.640
   390:     3514.290     3514.740     3515.920     3516.980     3517.560
   395:     3517.810     3518.500     3562.210     3562.260     3573.770
   400:     3579.520     3584.200     3587.850     3588.130     3588.940
   405:     3591.190     3591.620     3592.660     3803.890     3804.220
   410:     3806.120     3842.110     3842.110     3842.110     3842.120
   415:     3842.120     3842.940     3842.940     3852.110     3852.120
   420:     3903.630     4015.000     4048.220     4048.520     4048.640
   425:     4060.670     4062.060     4063.750     4065.090     4065.150
   430:     4065.240     4065.670     4066.380     4067.280     4067.520
   435:     4070.010     4070.590     4070.720     4071.220     4071.500
   440:     4072.110     4072.920     4073.060     4075.060     4075.590
   445:     4076.480     4076.960     4077.750     4079.050     4085.140
   450:     4085.530     4085.710     4085.930     4086.170     4086.500
   455:     4086.730     4087.920     4087.950     4088.360     4088.510
   460:     4088.540     4088.710     4088.790     4089.120     4089.310
   465:     4092.860     4093.310     4093.520     4095.410     4097.130
   470:     4097.500     4098.300     4098.890     4099.490     4100.330
   475:     4100.860     4101.170     4103.780     4107.810     4109.140
   480:     4109.630     4110.700     4111.390     4111.840     4112.040
   485:     4112.170     4112.260     4112.340     4112.460     4112.540
   490:     4113.760     4113.890     4114.330     4114.670     4118.570
   495:     4119.290     4119.390     4119.700     4120.440     4120.520
   500:     4120.750     4120.800     4120.870     4123.650     4124.090
   505:     4124.310     4124.530     4126.730     4127.020     4127.820
   510:     4127.860     4128.190     4128.690     4129.110     4129.260
   515:     4135.720     4135.830     4135.870     4136.040     4136.160
   520:     4136.860     4139.120     4139.190     4139.470     4139.530
   525:     4140.810     4142.040     4143.020     4143.080     4143.390
   530:     4143.820     4144.110     4144.410     4144.470     4145.460
   535:     4145.750     4145.940     4146.070     4148.460     4148.710
   540:     4148.960     4150.720     4150.820     4158.990     4159.750
   545:     4159.810     4160.050     4171.820     4187.390     4210.930
   550:     4210.970     4283.660     4290.050     4290.580     4292.430
   555:     4293.470     4315.060     4315.820     4316.320     4316.510
   560:     4317.160     4318.380     4318.780     4319.890     4322.220
   565:     4324.100     4324.230     4324.310     4326.760     4326.760
   570:     4326.760     4326.770     4326.770     4335.290     4336.760
   575:     4336.770     4342.940     4342.940     4342.940     4342.950
   580:     4342.950     4351.870     4352.940     4352.950     4366.050
   585:     4370.590     4373.750     4374.860     4374.970     4510.230
   590:     4620.530     4621.870     4662.490     4728.870     4729.750
   595:     4731.170     4735.340     4736.400     4743.630     4743.710
   600:     4743.870     4744.930     4746.270     4746.370     4747.090
   605:     4747.340     4747.500     4747.720     4748.340     4748.420
   610:     4748.740     4748.980     4749.410     4749.520     4749.700
   615:     4749.850     4750.550     4750.740     4750.960     4751.390
   620:     4752.090     4752.310     4753.440     4753.490     4753.650
   625:     4753.710     4753.810     4754.060     4754.130     4754.310
   630:     4754.370     4754.970     4755.120     4756.410     4757.060
   635:     4757.130     4757.310     4757.460     4757.960     4763.010
   640:     4763.750     4764.520     4764.540     4764.630     4764.710
   645:     4765.380     4765.960     4768.140     4768.300     4768.460
   650:     4768.600     4770.020     4770.240     4770.430     4772.200
   655:     4799.280     4845.130     4892.890     4903.830     4905.780
   660:     4905.940     4906.160     4910.270     5000.250     5000.250
   665:     5000.250     5000.260     5000.260     5010.250     5010.260
   670:     5158.890     5159.510     5163.790     5163.910     5164.490
   675:     5164.550     5164.680     5164.900     5165.090     5165.330
   680:     5172.970     5235.570     5235.720     5235.750     5264.730
   685:     5264.920     5274.920     5295.800     5311.570     5311.740
   690:     5327.080     5327.680     5327.830     5329.050     5329.100
   695:     5333.850     5351.110     5352.400     5352.490     5354.840
   700:     5355.620     5356.790     5357.610     5358.100     5480.470
   705:     5821.080     5822.800     5823.180     5824.010     5826.450
   710:     5827.670     5827.720     5827.950     5833.360     5833.540
   715:     5833.590     5854.070     5894.430     5894.720     5896.490
   720:     5900.710     5905.410     5907.190     5907.230     5907.360
   725:     5907.770     5920.070     5920.670     5920.780     5920.930
   730:     5921.130     5921.200     5921.240     5921.820     5922.000
   735:     5922.110     5922.500     5922.630     5937.920     5962.050
   740:     5965.750     5969.770     5973.780     5974.130     6000.410
   745:     6000.440     6001.300     6001.420     6001.570     6002.630
   750:     6003.270     6004.260     6005.180     6006.160     6006.260
   755:     6006.460     6007.350     6008.650     6032.760     6032.760
   760:     6032.760     6032.770     6032.770     6034.870     6034.870
   765:     6038.910     6038.910     6040.170     6040.730     6040.890
   770:     6042.670     6042.670     6042.760     6042.770     6125.170
   775:     6128.160     6128.290     6128.510     6132.100     6132.670
   780:     6134.500     6138.420     6256.730     6266.690     6266.880
   785:     6274.220     6274.720     6274.860     6275.150     6275.380
   790:     6275.920     6276.460     6276.830     6277.860     6277.940
   795:     6277.980     6278.740     6279.190     6279.230     6280.480
   800:     6281.520     6281.860     6282.270     6282.810     6283.140
   805:     6283.790     6284.160     6284.490     6285.860     6286.840
   810:     6287.950     6288.560     6289.610     6299.240     6299.880
   815:     6300.330     6300.490     6304.410     6304.790     6305.430
   820:     6305.970     6306.430     6308.000     6308.190     6308.330
   825:     6308.380     6308.680     6309.770     6309.950     6332.480
   830:     6332.530     6333.310     6333.410     6335.830     6336.160
   835:     6336.710     6337.400     6337.780     6338.170     6338.450
   840:     6338.660     6338.780     6338.950     6339.050     6340.550
   845:     6340.680     6340.760     6340.780     6341.540     6341.700
   850:     6342.530     6343.460     6344.010     6344.130     6344.190
   855:     6344.260     6347.020     6347.860     6347.900     6351.200
   860:     6351.820     6352.270     6354.370     6355.380     6356.350
   865:     6357.190     6362.030     6362.140     6362.230     6365.630
   870:     6366.010     6366.270     6366.760     6368.540     6370.690
   875:     6370.760     6370.920     6372.170     6372.390     6372.710
   880:     6373.530     6373.570     6373.590     6373.920     6374.890
   885:     6388.870     6389.000     6389.140     6389.290     6400.610
   890:     6400.830     6401.030     6402.020     6402.080     6402.150
   895:     6402.690     6405.920     6406.050     6406.520     6406.690
   900:     6406.870     6407.620     6407.720     6411.310     6411.340
   905:     6415.510     6415.730     6416.260     6416.420     6416.580
   910:     6417.760     6417.970     6418.210     6418.470     6422.670
   915:     6422.880     6423.050     6433.710     6448.680     6449.600
   920:     6450.040     6484.940     6491.370     6491.430     6491.570
   925:     6492.620     6492.650     6493.050     6493.110     6493.220
   930:     6493.250     6494.240     6494.670     6494.980     6496.800
   935:     6496.820     6496.880     6496.960     6498.940     6499.000
   940:     6499.190     6499.370     6499.470     6549.490     6557.680
   945:     6709.600     6763.140     6774.070     6810.420     6815.500
   950:     6815.500     6815.500     6815.510     6815.510     6825.500
   955:     6825.510     6826.930     6827.150     6827.620     6833.530
   960:     6833.530     6833.530     6833.540     6833.540     6833.880
   965:     6833.880     6834.500     6834.500     6835.220     6835.220
   970:     6843.530     6843.540     6859.920     6859.920     6859.920
   975:     6859.930     6859.930     6869.920     6869.930     6900.960
   980:     6901.320     6901.670     6902.210     6902.290     6902.350
   985:     6902.480     6903.750     6904.190     6904.290     6908.500
   990:     6910.950     6911.390     6914.750     6915.240     6915.640
   995:     6916.760     6916.960     6924.620     6925.740     6925.980
  1000:     6926.140     6926.470     6926.670     6926.720     6926.890
  1005:     6927.530     6928.030     6930.690     6931.230     6931.790
  1010:     6932.230     6933.050     6933.440     6934.690     6934.860
  1015:     6935.040     6935.360     6935.750     6936.430     6937.120
  1020:     6938.370     6938.700     6938.990     6939.120     6939.310
  1025:     6939.980     6940.620     6941.190     6941.430     6946.590
  1030:     6954.940     6957.780     6957.830     6957.880     6957.900
  1035:     6957.970     6958.000     6958.220     6958.260     6958.340
  1040:     6958.530     6965.930     6976.520     6976.590     6977.610
  1045:     6977.700     6977.780     6978.570     6981.050     6982.040
  1050:     6982.100     6982.560     6987.230     6988.480     6989.130
  1055:     6989.300     6989.520     6989.820     6993.250     7002.380
  1060:     7002.580     7003.020     7261.840     7262.850     7265.650
  1065:     7269.870     7278.080     7278.970     7598.790     7598.850
  1070:     7599.150     7599.580     7600.360     7600.930     7601.030
  1075:     7602.450     7602.630     7604.270     7604.600     7605.720
  1080:     7606.670     7607.940     7608.200     7610.000     7610.300
  1085:     7610.360     7610.460     7613.390     7613.610     7613.760
  1090:     7614.160     7616.090     7667.630     7668.260     7668.450
  1095:     7711.650     7711.860     7712.020     7712.740     7712.940
  1100:     7723.080     7729.230     7729.450     7731.080     7732.670
  1105:     7734.330     7750.530     7750.660     7752.620     7752.770
  1110:     7752.860     7753.160     7754.300     7754.920     7755.220
  1115:     7755.630     7757.450     7757.600     7758.210     7759.860
  1120:     7761.420     7762.410     7762.570     7763.200     7771.930
  1125:     7771.970     7777.690     7777.750     8116.150     8116.150
  1130:     8116.150     8116.160     8116.160     8118.790     8118.790
  1135:     8126.150     8126.160     8555.290     8556.500     8556.740
  1140:     8559.950     8561.700     8700.740     8714.700     8743.040
  1145:     8747.580     8748.480     8757.990     9202.200     9206.950
  1150:     9207.130     9209.420     9209.650     9209.920     9209.940
  1155:     9210.580     9210.660     9210.760     9323.610     9326.450
  1160:     9334.270     9334.720     9337.090     9339.140     9356.100
  1165:     9356.670     9359.020     9372.640     9374.690     9466.810
  1170:     9466.810     9466.810     9466.820     9466.820     9467.680
  1175:     9467.680     9476.810     9476.820     9476.920     9476.980
  1180:     9477.930     9478.460     9479.220     9479.330     9480.420
  1185:     9481.030     9481.800     9481.900     9482.010     9583.170
  1190:     9585.410     9656.270     9687.060     9689.260     9840.400
  1195:     9840.400     9840.400     9840.410     9840.410     9850.400
  1200:     9850.410     9937.920     9938.220     9939.500     9958.170
  1205:     9958.550     9958.920    10034.410    10034.930    10080.750
  1210:    10188.970    10188.970    10188.970    10188.980    10188.980
  1215:    10191.040    10191.100    10192.210    10192.270    10194.630
  1220:    10194.830    10194.960    10195.270    10195.450    10195.560
  1225:    10196.950    10198.430    10198.970    10198.980    10199.950
  1230:    10200.370    10231.740    10234.720    10236.690    10241.150
  1235:    10241.470    10243.840    10245.490    10246.230    10247.020
  1240:    10247.580    10249.270    10249.500    10301.970    10301.970
  1245:    10301.970    10301.980    10301.980    10304.480    10304.480
  1250:    10311.970    10311.980    10507.610    10508.520    10508.570
  1255:    10523.370    10523.600    10524.740    10524.760    10526.700
  1260:    10526.830    10526.910    10529.000    10531.690    10532.530
  1265:    10532.700    10533.850    10534.030    10534.160    10534.760
  1270:    10534.840    10535.130    10536.500    10536.640    10537.010
  1275:    10537.270    10540.780    10541.120    10541.560    10541.680
  1280:    10541.860    10542.130    10542.330    10557.790    10557.970
  1285:    10559.480    10559.740    10559.780    10559.990    10560.240
  1290:    10560.390    10561.290    10574.570    10575.170    10607.430
  1295:    10607.960    10608.090    10608.170    10608.800    10609.220
  1300:    10618.300    10618.370    10632.110    10800.000
