File: C:\MED-PC\Data\2024-11-25_13h16m_Subject 56.txt


Start Date: 11/25/24
End Date: 11/25/24
Subject: 56
Experiment: OralFentSA
Group: One
Box: 12
Start Time: 13:16:35
End Time: 14:16:44
MSN: 20241014Golden_Liq_SelfAdmin_REI
F:       0.000
G:     218.000
H:    3600.000
I:       0.000
J:       0.000
K:       0.000
L:       0.000
M:       0.000
N:       0.000
O:       0.000
P:       0.000
Q:       0.000
R:       0.000
S:       0.000
U:       0.000
V:       0.000
W:       0.000
X:       0.000
Y:       0.000
Z:       0.000
A:
     0:        0.000        0.000       60.000        4.000        0.000
     5:        5.000        0.000        5.000        0.000        0.000
    10:        1.000        0.000       10.000   100000.000       37.300
    15:       26.000      640.000        0.000        0.000        0.000
    20:        0.000
B:
     0:        0.000        0.000        0.000      400.000        0.000
     5:      500.000        0.000      500.000        0.000        0.000
    10:        0.000        0.000     1000.000 10000000.000        0.000
    15:        0.000        0.000        0.000        0.000        0.000
    20:        0.000
C:
     0:        9.000       10.000       27.000        9.000       61.000
     5:     3571.250      158.770        7.000      803.910      114.844
    10:        9.000       27.000        0.000        0.000        0.000
    15:        0.000        0.000        0.000        0.000        0.000
    20:        0.000
D:
     0:       12.870      342.190      143.630      114.940       10.470
     5:       21.040      158.770
E:
     0:       19.000       11.000       26.000       27.000        6.000
     5:        6.000        6.000        6.000        1.000        1.000
    10:        1.000        6.000        6.000        2.000        4.000
    15:       22.000       24.000       12.000       13.000        8.000
    20:        5.000       17.000       18.000       14.000       10.000
    25:       19.000       11.000        6.000        6.000        6.000
    30:        6.000        6.000        2.000        4.000       22.000
    35:       24.000       12.000       13.000        8.000        5.000
    40:       17.000       18.000       14.000       10.000       19.000
    45:       11.000        1.000        1.000        1.000        6.000
    50:        6.000        6.000        6.000        6.000        6.000
    55:        6.000        6.000        6.000        6.000        2.000
    60:        4.000       22.000       24.000       12.000       13.000
    65:        8.000        5.000       17.000       18.000       14.000
    70:       10.000       19.000       11.000        1.000        6.000
    75:        1.000        1.000        6.000        6.000        6.000
    80:        6.000        6.000        2.000        4.000       22.000
    85:       24.000       12.000       13.000        8.000        5.000
    90:       17.000       18.000       14.000       10.000       19.000
    95:       11.000        6.000        6.000        6.000        6.000
   100:        1.000        1.000        1.000        1.000        2.000
   105:        4.000       22.000       24.000       12.000       13.000
   110:        8.000        5.000       17.000       18.000       14.000
   115:       10.000       19.000       11.000        6.000        6.000
   120:        6.000        1.000        6.000        6.000        6.000
   125:        6.000        6.000        6.000        6.000        6.000
   130:        6.000        6.000        6.000        1.000        1.000
   135:        1.000        2.000        4.000       22.000       24.000
   140:       12.000       13.000        8.000        5.000       17.000
   145:       18.000       14.000       10.000       19.000       11.000
   150:        6.000        6.000        6.000        6.000        2.000
   155:        4.000       22.000       24.000       12.000       13.000
   160:        8.000        5.000       17.000       18.000       14.000
   165:       10.000       20.000       19.000       11.000        6.000
   170:        6.000        1.000        1.000        1.000        1.000
   175:        6.000        6.000        6.000        6.000        1.000
   180:        6.000        6.000        6.000        6.000        6.000
   185:        6.000        2.000        4.000       22.000       24.000
   190:       12.000       13.000        8.000        5.000       17.000
   195:       18.000       14.000       10.000       19.000       11.000
   200:        1.000        1.000        2.000        4.000       22.000
   205:       24.000       12.000       13.000        8.000        5.000
   210:       17.000       18.000       14.000       10.000       19.000
   215:       11.000        1.000        1.000      100.000
T:
     0:        0.000        0.000        0.000        0.000       23.920
     5:       24.390       37.850      169.580      248.990      250.030
    10:      252.280      373.840      377.320      379.910      379.910
    15:      379.910      379.920      379.920      379.920      379.920
    20:      379.920      379.920      383.920      384.920      384.920
    25:      389.910      389.920      392.790      393.990      479.860
    30:      480.380      480.720      482.350      482.350      482.350
    35:      482.360      482.360      482.360      482.360      482.360
    40:      482.360      486.360      487.360      487.360      492.350
    45:      492.360      529.830      793.650      800.050      824.550
    50:      824.920      825.480      825.690      827.960      828.090
    55:      829.790      830.050      830.360      831.000      856.340
    60:      856.340      856.340      856.350      856.350      856.350
    65:      856.350      856.350      856.350      860.350      861.350
    70:      861.350      866.340      866.350      895.710      999.980
    75:     1026.750     1027.040     1218.560     1219.270     1220.000
    80:     1220.920     1562.720     1636.300     1636.300     1636.300
    85:     1636.310     1636.310     1636.310     1636.310     1636.310
    90:     1636.310     1640.310     1641.310     1641.310     1646.300
    95:     1646.310     1751.250     1753.600     1852.320     1853.100
   100:     1860.630     1992.440     1997.040     2072.590     2122.710
   105:     2122.710     2122.710     2122.720     2122.720     2122.720
   110:     2122.720     2122.720     2122.720     2126.720     2127.720
   115:     2127.720     2132.710     2132.720     2133.190     2134.170
   120:     2134.670     2310.690     2313.390     2314.130     2314.470
   125:     2314.950     2406.190     2547.930     2548.170     2548.730
   130:     2549.400     2567.460     2568.870     2606.160     2611.970
   135:     2637.210     2659.120     2659.120     2659.120     2659.130
   140:     2659.130     2659.130     2659.130     2659.130     2659.130
   145:     2663.130     2664.130     2664.130     2669.120     2669.130
   150:     2680.170     2681.040     2681.970     2682.820     2688.510
   155:     2688.510     2688.510     2688.520     2688.520     2688.520
   160:     2688.520     2688.520     2688.520     2692.520     2693.520
   165:     2693.520     2695.690     2698.510     2698.520     2847.290
   170:     2925.530     2930.840     3315.060     3358.890     3373.340
   175:     3448.150     3449.770     3457.970     3458.790     3473.020
   180:     3481.960     3482.350     3482.560     3483.040     3483.510
   185:     3486.710     3488.910     3488.910     3488.910     3488.920
   190:     3488.920     3488.920     3488.920     3488.920     3488.920
   195:     3492.920     3493.920     3493.920     3498.910     3498.920
   200:     3518.430     3566.290     3571.240     3571.240     3571.240
   205:     3571.250     3571.250     3571.250     3571.250     3571.250
   210:     3571.250     3575.250     3576.250     3576.250     3581.240
   215:     3581.250     3586.720     3596.920     3600.000
