File: C:\MED-PC\Data\2024-10-30_12h44m_Subject 47.txt


Start Date: 10/30/24
End Date: 10/30/24
Subject: 47
Experiment: OralFentSA
Group: One
Box: 3
Start Time: 12:44:33
End Time: 15:48:28
MSN: 20241014_Golden_Liq_SelfAdmin
F:       0.000
G:    2750.000
H:   10800.000
I:       0.000
J:       0.000
K:       0.000
L:       0.000
M:       0.000
N:       0.000
O:       0.000
P:       0.000
Q:       0.000
R:       0.000
S:       0.000
U:       0.000
V:       0.000
W:       0.000
X:       0.000
Y:       0.000
Z:       0.000
A:
     0:        0.000        0.000      180.000        4.000        0.000
     5:        5.000        0.000        5.000        0.000        0.000
    10:        1.000        0.000       10.000   100000.000       18.100
    15:        8.000      640.000        0.000        0.000        0.000
    20:        0.000
B:
     0:        0.000        0.000        0.000      400.000        0.000
     5:      500.000        0.000      500.000        0.000        0.000
    10:        0.000        0.000     1000.000 10000000.000        0.000
    15:        0.000        0.000        0.000        0.000        0.000
    20:        0.000
C:
     0:      129.000      130.000      153.000      255.000      535.000
     5:    10439.140        5.720       80.000     1530.600       19.133
    10:      255.000      153.000        0.000        0.000        0.000
    15:        0.000        0.000        0.000        0.000        0.000
    20:        0.000
D:
     0:        2.110        1.510        2.640        5.490        2.070
     5:       11.370        1.850        2.180       33.980       38.780
    10:        1.600        2.490        1.770       10.970        1.290
    15:        4.790       27.440        1.470        5.530       28.430
    20:        1.710       15.820        3.330       59.010       78.490
    25:       22.110        1.540        9.810        5.200       12.880
    30:        1.300        5.520       32.470        9.280       40.050
    35:        3.380       71.580        5.420        1.880        6.080
    40:       12.390       47.450        4.730        4.110       22.230
    45:       11.860       27.040        6.370       20.270        4.560
    50:        2.600      141.380       16.240        3.570        3.450
    55:       38.600       17.360        7.070       84.570        3.250
    60:       11.610       28.930        2.370       38.900       22.180
    65:        4.480       29.980        3.410       30.370       62.090
    70:       33.280      124.060        3.790       13.250        4.800
    75:       10.850        5.250       14.050       27.510        5.720
E:
     0:       19.000       11.000       26.000       27.000        1.000
     5:        1.000        1.000        1.000        1.000        1.000
    10:        1.000        1.000        6.000        6.000        6.000
    15:        6.000        2.000        4.000       22.000       24.000
    20:       12.000       13.000        8.000        5.000       17.000
    25:       18.000       14.000       10.000       19.000       11.000
    30:        2.000        4.000       22.000       24.000       12.000
    35:       13.000        8.000        5.000       17.000        6.000
    40:        6.000       18.000       14.000       10.000       20.000
    45:       20.000       19.000       11.000        2.000        4.000
    50:       22.000       24.000       12.000       13.000        8.000
    55:        5.000       17.000        6.000        6.000        6.000
    60:       18.000       21.000       22.000       14.000       10.000
    65:       21.000       22.000       21.000       22.000       21.000
    70:       22.000       21.000       22.000       21.000       22.000
    75:       21.000       22.000       19.000       11.000        6.000
    80:        6.000        2.000        4.000       22.000       24.000
    85:       12.000       13.000        8.000        5.000       17.000
    90:        6.000       18.000       14.000       10.000       19.000
    95:       11.000        1.000        2.000        4.000       22.000
   100:       24.000       12.000       13.000        8.000        5.000
   105:       17.000       21.000       22.000       21.000       22.000
   110:       21.000       22.000       21.000       22.000       18.000
   115:       14.000       10.000        6.000        6.000       19.000
   120:       11.000        1.000        6.000        6.000        2.000
   125:        4.000       22.000       24.000       12.000       13.000
   130:        8.000        5.000       17.000        6.000       18.000
   135:       14.000       10.000        6.000        6.000       19.000
   140:       11.000        6.000        6.000        6.000        6.000
   145:        6.000        2.000        4.000       22.000       24.000
   150:       12.000       13.000        8.000        5.000       17.000
   155:       18.000       14.000       10.000       19.000       11.000
   160:        6.000        6.000        6.000        6.000        6.000
   165:        1.000        1.000        2.000        4.000       22.000
   170:       24.000       12.000       13.000        8.000        5.000
   175:       17.000        6.000        6.000        6.000       21.000
   180:       22.000       18.000       14.000       10.000       19.000
   185:       11.000        1.000        2.000        4.000       22.000
   190:       24.000       12.000       13.000        8.000        5.000
   195:       17.000        6.000       21.000       22.000       18.000
   200:       14.000       10.000       21.000       22.000       21.000
   205:       22.000       21.000       22.000       19.000       11.000
   210:        6.000        6.000        6.000        6.000        2.000
   215:        4.000       22.000       24.000       12.000       13.000
   220:        8.000        5.000       17.000       18.000       14.000
   225:       10.000       21.000       22.000       19.000       11.000
   230:        1.000        6.000        6.000        2.000        4.000
   235:       22.000       24.000       12.000       13.000        8.000
   240:        5.000       17.000       18.000       14.000       10.000
   245:       20.000       19.000       11.000        6.000        6.000
   250:        6.000        2.000        4.000       22.000       24.000
   255:       12.000       13.000        8.000        5.000       17.000
   260:        6.000        6.000       18.000        6.000        6.000
   265:       14.000       10.000       19.000       11.000        2.000
   270:        4.000       22.000       24.000       12.000       13.000
   275:        8.000        5.000       17.000        6.000        6.000
   280:       18.000       14.000       10.000        6.000        6.000
   285:       21.000       22.000       21.000       22.000       21.000
   290:       22.000       19.000       11.000        2.000        4.000
   295:       22.000       24.000       12.000       13.000        8.000
   300:        5.000       17.000        6.000        6.000       18.000
   305:       14.000       10.000        6.000       19.000       11.000
   310:        6.000        1.000        1.000        1.000        1.000
   315:        6.000        6.000        6.000        6.000        2.000
   320:        4.000       22.000       24.000       12.000       13.000
   325:        8.000        5.000       17.000       18.000       14.000
   330:       10.000       19.000       11.000        6.000        6.000
   335:        2.000        4.000       22.000       24.000       12.000
   340:       13.000        8.000        5.000       17.000        6.000
   345:       18.000       14.000       10.000        6.000       21.000
   350:       22.000       19.000       11.000        2.000        4.000
   355:       22.000       24.000       12.000       13.000        8.000
   360:        5.000       17.000       21.000       22.000       18.000
   365:        6.000       14.000       10.000        6.000        6.000
   370:        6.000       19.000       11.000        2.000        4.000
   375:       22.000       24.000       12.000       13.000        8.000
   380:        5.000       17.000       18.000       14.000       10.000
   385:       19.000       11.000        6.000        1.000        6.000
   390:        6.000        1.000        1.000        2.000        4.000
   395:       22.000       24.000       12.000       13.000        8.000
   400:        5.000       17.000        6.000        6.000       18.000
   405:       14.000       10.000        6.000        6.000        6.000
   410:       19.000       11.000        6.000        2.000        4.000
   415:       22.000       24.000       12.000       13.000        8.000
   420:        5.000       17.000       21.000       22.000       21.000
   425:       22.000       18.000       14.000       10.000        6.000
   430:       19.000       11.000        6.000        6.000        6.000
   435:        6.000        6.000        2.000        4.000       22.000
   440:       24.000       12.000       13.000        8.000        5.000
   445:       17.000       18.000       14.000       10.000       20.000
   450:       19.000       11.000        6.000        6.000        6.000
   455:        6.000        6.000        6.000        6.000        6.000
   460:        6.000        6.000        6.000        6.000        6.000
   465:        6.000        6.000        6.000        6.000        6.000
   470:        2.000        4.000       22.000       24.000       12.000
   475:       13.000        8.000        5.000       17.000       21.000
   480:       22.000       18.000       21.000       22.000       14.000
   485:       10.000       21.000       22.000       21.000       22.000
   490:       21.000       22.000       21.000       22.000       19.000
   495:       11.000        2.000        4.000       22.000       24.000
   500:       12.000       13.000        8.000        5.000       17.000
   505:        6.000       21.000       22.000       18.000       21.000
   510:       22.000       14.000       10.000       21.000       22.000
   515:       19.000       11.000        2.000        4.000       22.000
   520:       24.000       12.000       13.000        8.000        5.000
   525:       17.000       21.000       22.000       18.000       14.000
   530:       10.000       21.000       22.000       21.000       22.000
   535:       19.000       11.000        6.000        6.000        1.000
   540:        2.000        4.000       22.000       24.000       12.000
   545:       13.000        8.000        5.000       17.000        6.000
   550:        6.000       18.000        6.000       14.000       10.000
   555:        6.000       19.000       11.000        2.000        4.000
   560:       22.000       24.000       12.000       13.000        8.000
   565:        5.000       17.000       18.000       14.000       10.000
   570:       19.000       11.000        2.000        4.000       22.000
   575:       24.000       12.000       13.000        8.000        5.000
   580:       17.000       21.000       22.000       21.000       22.000
   585:       18.000       21.000       22.000       14.000       10.000
   590:       21.000       22.000       19.000       11.000        6.000
   595:        6.000        6.000        6.000        6.000        6.000
   600:        6.000        6.000        6.000        6.000        6.000
   605:        6.000        1.000        1.000        6.000        6.000
   610:        2.000        4.000       22.000       24.000       12.000
   615:       13.000        8.000        5.000       17.000       21.000
   620:       22.000       18.000       14.000       10.000       19.000
   625:       11.000        2.000        4.000       22.000       24.000
   630:       12.000       13.000        8.000        5.000       17.000
   635:       18.000       21.000       22.000       14.000       10.000
   640:       19.000       11.000        1.000        1.000        1.000
   645:        1.000        6.000        6.000        6.000        6.000
   650:        1.000        1.000        1.000        6.000        2.000
   655:        4.000       22.000       24.000       12.000       13.000
   660:        8.000        5.000       17.000       21.000       22.000
   665:       18.000       14.000       10.000       19.000       11.000
   670:        6.000        6.000        6.000        6.000        6.000
   675:        1.000        1.000        2.000        4.000       22.000
   680:       24.000       12.000       13.000        8.000        5.000
   685:       17.000        6.000        6.000       18.000        6.000
   690:       14.000       10.000       19.000       11.000        6.000
   695:        2.000        4.000       22.000       24.000       12.000
   700:       13.000        8.000        5.000       17.000       21.000
   705:       22.000       18.000       14.000       10.000       20.000
   710:       19.000       11.000        1.000        2.000        4.000
   715:       22.000       24.000       12.000       13.000        8.000
   720:        5.000       17.000       18.000       14.000       10.000
   725:        6.000       19.000       11.000        6.000        6.000
   730:        6.000        6.000        6.000        6.000        6.000
   735:        6.000        6.000        6.000        2.000        4.000
   740:       22.000       24.000       12.000       13.000        8.000
   745:        5.000       17.000       18.000       14.000       10.000
   750:        6.000        6.000        6.000       19.000       11.000
   755:        2.000        4.000       22.000       24.000       12.000
   760:       13.000        8.000        5.000       17.000       21.000
   765:       22.000       21.000       22.000       18.000       14.000
   770:       10.000       19.000       11.000        2.000        4.000
   775:       22.000       24.000       12.000       13.000        8.000
   780:        5.000       17.000       18.000       14.000       10.000
   785:       19.000       11.000        6.000        1.000        1.000
   790:        1.000        6.000        2.000        4.000       22.000
   795:       24.000       12.000       13.000        8.000        5.000
   800:       17.000        6.000        6.000       18.000       21.000
   805:       22.000       14.000       10.000       19.000       11.000
   810:        2.000        4.000       22.000       24.000       12.000
   815:       13.000        8.000        5.000       17.000       21.000
   820:       22.000       18.000       14.000       10.000        6.000
   825:        6.000       19.000       11.000        1.000        1.000
   830:        1.000        1.000        6.000        2.000        4.000
   835:       22.000       24.000       12.000       13.000        8.000
   840:        5.000       17.000       18.000       20.000       14.000
   845:       10.000       20.000       19.000       11.000        6.000
   850:        6.000        6.000        6.000        6.000        6.000
   855:        6.000        6.000        6.000        6.000        6.000
   860:        6.000        6.000        6.000        6.000        6.000
   865:        6.000        6.000        6.000        2.000        4.000
   870:       22.000       24.000       12.000       13.000        8.000
   875:        5.000       17.000       21.000       22.000       18.000
   880:       14.000       10.000       21.000       22.000        6.000
   885:       19.000       11.000        2.000        4.000       22.000
   890:       24.000       12.000       13.000        8.000        5.000
   895:       17.000       18.000       14.000       10.000       19.000
   900:       11.000        1.000        6.000        6.000        6.000
   905:        1.000        6.000        6.000        6.000        6.000
   910:        6.000        1.000        6.000        1.000        2.000
   915:        4.000       22.000       24.000       12.000       13.000
   920:        8.000        5.000       17.000       21.000       22.000
   925:       18.000       14.000       10.000       21.000       22.000
   930:       21.000       22.000       19.000       11.000        2.000
   935:        4.000       22.000       24.000       12.000       13.000
   940:        8.000        5.000       17.000        6.000       18.000
   945:        6.000       14.000       10.000       19.000       11.000
   950:        2.000        4.000       22.000       24.000       12.000
   955:       13.000        8.000        5.000       17.000       21.000
   960:       22.000       18.000       14.000       10.000       19.000
   965:       11.000        6.000        6.000        6.000        6.000
   970:        6.000        6.000        1.000        1.000        1.000
   975:        1.000        1.000        1.000        1.000        1.000
   980:        6.000        6.000        6.000        2.000        4.000
   985:       22.000       24.000       12.000       13.000        8.000
   990:        5.000       17.000       21.000       22.000       21.000
   995:       22.000       18.000       14.000       10.000        6.000
  1000:       21.000       22.000       19.000       11.000        2.000
  1005:        4.000       22.000       24.000       12.000       13.000
  1010:        8.000        5.000       17.000       18.000       14.000
  1015:       10.000       20.000       19.000       11.000        2.000
  1020:        4.000       22.000       24.000       12.000       13.000
  1025:        8.000        5.000       17.000       18.000       14.000
  1030:       10.000       21.000       22.000       19.000       11.000
  1035:        2.000        4.000       22.000       24.000       12.000
  1040:       13.000        8.000        5.000       17.000        6.000
  1045:       18.000       14.000       10.000       19.000       11.000
  1050:        1.000        1.000        1.000        2.000        4.000
  1055:       22.000       24.000       12.000       13.000        8.000
  1060:        5.000       17.000       18.000       14.000       10.000
  1065:       19.000       11.000        2.000        4.000       22.000
  1070:       24.000       12.000       13.000        8.000        5.000
  1075:       17.000       21.000       22.000       21.000       22.000
  1080:       18.000       21.000       22.000       14.000       10.000
  1085:       19.000       11.000        2.000        4.000       22.000
  1090:       24.000       12.000       13.000        8.000        5.000
  1095:       17.000       18.000       14.000       10.000       19.000
  1100:       11.000        2.000        4.000       22.000       24.000
  1105:       12.000       13.000        8.000        5.000       17.000
  1110:       21.000       22.000       18.000       14.000       10.000
  1115:        6.000        6.000       19.000       11.000        6.000
  1120:        6.000        6.000        1.000        2.000        4.000
  1125:       22.000       24.000       12.000       13.000        8.000
  1130:        5.000       17.000       18.000       14.000       10.000
  1135:       19.000       11.000        6.000        2.000        4.000
  1140:       22.000       24.000       12.000       13.000        8.000
  1145:        5.000       17.000       18.000       14.000       10.000
  1150:       19.000       11.000        1.000        1.000        6.000
  1155:        2.000        4.000       22.000       24.000       12.000
  1160:       13.000        8.000        5.000       17.000       21.000
  1165:       22.000       21.000       22.000       18.000       14.000
  1170:       10.000       19.000       11.000        2.000        4.000
  1175:       22.000       24.000       12.000       13.000        8.000
  1180:        5.000       17.000       21.000       22.000       18.000
  1185:        6.000       14.000       10.000       19.000       11.000
  1190:        6.000        6.000        6.000        6.000        6.000
  1195:        6.000        6.000        6.000        2.000        4.000
  1200:       22.000       24.000       12.000       13.000        8.000
  1205:        5.000       17.000       21.000       22.000       18.000
  1210:       14.000       10.000       21.000       22.000       21.000
  1215:       22.000       21.000       22.000       21.000       22.000
  1220:       19.000       11.000        2.000        4.000       22.000
  1225:       24.000       12.000       13.000        8.000        5.000
  1230:       17.000       18.000       14.000       10.000       21.000
  1235:       22.000       19.000       11.000        2.000        4.000
  1240:       22.000       24.000       12.000       13.000        8.000
  1245:        5.000       17.000       18.000        6.000        6.000
  1250:       14.000       10.000       19.000       11.000        6.000
  1255:        6.000        6.000        6.000        6.000        6.000
  1260:        6.000        6.000        6.000        6.000        6.000
  1265:        6.000        6.000        6.000        6.000        6.000
  1270:        6.000        6.000        6.000        6.000        6.000
  1275:        6.000        6.000        6.000        6.000        6.000
  1280:        6.000        6.000        6.000        6.000        1.000
  1285:        2.000        4.000       22.000       24.000       12.000
  1290:       13.000        8.000        5.000       17.000       21.000
  1295:       22.000       21.000       22.000       18.000       14.000
  1300:       10.000       19.000       11.000        2.000        4.000
  1305:       22.000       24.000       12.000       13.000        8.000
  1310:        5.000       17.000       21.000       22.000       18.000
  1315:       14.000       10.000       21.000       22.000       20.000
  1320:       19.000       11.000        6.000        6.000        6.000
  1325:        1.000        1.000        1.000        1.000        1.000
  1330:        1.000        6.000        6.000        6.000        6.000
  1335:        6.000        2.000        4.000       22.000       24.000
  1340:       12.000       13.000        8.000        5.000       17.000
  1345:       18.000       14.000       10.000       19.000       11.000
  1350:        6.000        6.000        2.000        4.000       22.000
  1355:       24.000       12.000       13.000        8.000        5.000
  1360:       17.000       18.000       14.000       10.000       19.000
  1365:       11.000        2.000        4.000       22.000       24.000
  1370:       12.000       13.000        8.000        5.000       17.000
  1375:       18.000       14.000       10.000       19.000       11.000
  1380:        2.000        4.000       22.000       24.000       12.000
  1385:       13.000        8.000        5.000       17.000       18.000
  1390:       14.000       10.000       21.000       22.000       19.000
  1395:       11.000        2.000        4.000       22.000       24.000
  1400:       12.000       13.000        8.000        5.000       17.000
  1405:       21.000       22.000       18.000       14.000       10.000
  1410:       19.000       11.000        2.000        4.000       22.000
  1415:       24.000       12.000       13.000        8.000        5.000
  1420:       17.000       18.000       14.000       10.000       19.000
  1425:       11.000        2.000        4.000       22.000       24.000
  1430:       12.000       13.000        8.000        5.000       17.000
  1435:       18.000       14.000       10.000       19.000       11.000
  1440:        6.000        6.000        6.000        2.000        4.000
  1445:       22.000       24.000       12.000       13.000        8.000
  1450:        5.000       17.000       18.000       14.000       10.000
  1455:       19.000       11.000        2.000        4.000       22.000
  1460:       24.000       12.000       13.000        8.000        5.000
  1465:       17.000       21.000       22.000       18.000       21.000
  1470:       22.000       14.000       10.000       21.000       22.000
  1475:       19.000       11.000        2.000        4.000       22.000
  1480:       24.000       12.000       13.000        8.000        5.000
  1485:       17.000       18.000       14.000       10.000       19.000
  1490:       11.000        2.000        4.000       22.000       24.000
  1495:       12.000       13.000        8.000        5.000       17.000
  1500:       21.000       22.000       18.000       14.000       10.000
  1505:       19.000       11.000        2.000        4.000       22.000
  1510:       24.000       12.000       13.000        8.000        5.000
  1515:       17.000       18.000       14.000       10.000        6.000
  1520:       19.000       11.000        2.000        4.000       22.000
  1525:       24.000       12.000       13.000        8.000        5.000
  1530:       17.000       18.000       14.000       10.000       19.000
  1535:       11.000        2.000        4.000       22.000       24.000
  1540:       12.000       13.000        8.000        5.000       17.000
  1545:       18.000       14.000       10.000       19.000       11.000
  1550:        6.000        6.000        2.000        4.000       22.000
  1555:       24.000       12.000       13.000        8.000        5.000
  1560:       17.000       18.000       14.000       10.000       19.000
  1565:       11.000        2.000        4.000       22.000       24.000
  1570:       12.000       13.000        8.000        5.000       17.000
  1575:       18.000       14.000       10.000       19.000       11.000
  1580:        2.000        4.000       22.000       24.000       12.000
  1585:       13.000        8.000        5.000       17.000       18.000
  1590:       14.000       10.000       19.000       11.000        2.000
  1595:        4.000       22.000       24.000       12.000       13.000
  1600:        8.000        5.000       17.000       18.000        6.000
  1605:       14.000       10.000        6.000        6.000       19.000
  1610:       11.000        2.000        4.000       22.000       24.000
  1615:       12.000       13.000        8.000        5.000       17.000
  1620:       18.000       14.000       10.000       19.000       11.000
  1625:        1.000        2.000        4.000       22.000       24.000
  1630:       12.000       13.000        8.000        5.000       17.000
  1635:       21.000       22.000       18.000       21.000       22.000
  1640:       14.000       10.000       19.000       11.000        2.000
  1645:        4.000       22.000       24.000       12.000       13.000
  1650:        8.000        5.000       17.000        6.000        6.000
  1655:        6.000       18.000       14.000       10.000        6.000
  1660:       19.000       11.000        6.000        6.000        6.000
  1665:        6.000        2.000        4.000       22.000       24.000
  1670:       12.000       13.000        8.000        5.000       17.000
  1675:       21.000       22.000       18.000       14.000       10.000
  1680:       21.000       22.000       21.000       22.000       19.000
  1685:       11.000        2.000        4.000       22.000       24.000
  1690:       12.000       13.000        8.000        5.000       17.000
  1695:       18.000       14.000       10.000       19.000       11.000
  1700:        2.000        4.000       22.000       24.000       12.000
  1705:       13.000        8.000        5.000       17.000       18.000
  1710:       14.000       10.000       19.000       11.000        2.000
  1715:        4.000       22.000       24.000       12.000       13.000
  1720:        8.000        5.000       17.000       18.000       14.000
  1725:       10.000       19.000       11.000        6.000        6.000
  1730:        6.000        2.000        4.000       22.000       24.000
  1735:       12.000       13.000        8.000        5.000       17.000
  1740:       18.000       21.000       22.000       14.000       10.000
  1745:       19.000       11.000        6.000        1.000        2.000
  1750:        4.000       22.000       24.000       12.000       13.000
  1755:        8.000        5.000       17.000       21.000       22.000
  1760:        6.000       18.000       14.000       10.000       19.000
  1765:       11.000        1.000        1.000        1.000        1.000
  1770:        1.000        2.000        4.000       22.000       24.000
  1775:       12.000       13.000        8.000        5.000       17.000
  1780:        6.000       18.000        6.000       14.000       10.000
  1785:       19.000       11.000        2.000        4.000       22.000
  1790:       24.000       12.000       13.000        8.000        5.000
  1795:       17.000       21.000       22.000       18.000       14.000
  1800:       10.000       19.000       11.000        1.000        1.000
  1805:        1.000        6.000        6.000        6.000        1.000
  1810:        1.000        2.000        4.000       22.000       24.000
  1815:       12.000       13.000        8.000        5.000       17.000
  1820:       18.000       14.000       10.000       19.000       11.000
  1825:        6.000        6.000        6.000        6.000        6.000
  1830:        2.000        4.000       22.000       24.000       12.000
  1835:       13.000        8.000        5.000       17.000       18.000
  1840:       14.000       10.000       19.000       11.000        2.000
  1845:        4.000       22.000       24.000       12.000       13.000
  1850:        8.000        5.000       17.000       21.000       22.000
  1855:       18.000       14.000       10.000        6.000        6.000
  1860:       19.000       11.000        2.000        4.000       22.000
  1865:       24.000       12.000       13.000        8.000        5.000
  1870:       17.000       21.000       22.000       21.000       22.000
  1875:       18.000       21.000       22.000       14.000       10.000
  1880:       21.000       22.000       19.000       11.000        2.000
  1885:        4.000       22.000       24.000       12.000       13.000
  1890:        8.000        5.000       17.000       21.000       22.000
  1895:       18.000       14.000       10.000       19.000       11.000
  1900:        6.000        6.000        6.000        6.000        6.000
  1905:        6.000        6.000        6.000        6.000        1.000
  1910:        1.000        1.000        2.000        4.000       22.000
  1915:       24.000       12.000       13.000        8.000        5.000
  1920:       17.000        6.000       18.000       14.000       10.000
  1925:       19.000       11.000        2.000        4.000       22.000
  1930:       24.000       12.000       13.000        8.000        5.000
  1935:       17.000       18.000       14.000       10.000       20.000
  1940:       19.000       11.000        2.000        4.000       22.000
  1945:       24.000       12.000       13.000        8.000        5.000
  1950:       17.000       18.000       14.000       10.000       21.000
  1955:       22.000       19.000       11.000        2.000        4.000
  1960:       22.000       24.000       12.000       13.000        8.000
  1965:        5.000       17.000       18.000       14.000       10.000
  1970:       19.000       11.000        6.000        6.000        1.000
  1975:        6.000        1.000        1.000        6.000        6.000
  1980:        6.000        6.000        6.000        6.000        2.000
  1985:        4.000       22.000       24.000       12.000       13.000
  1990:        8.000        5.000       17.000       21.000       22.000
  1995:       18.000       14.000       10.000       19.000       11.000
  2000:        6.000        6.000        1.000        2.000        4.000
  2005:       22.000       24.000       12.000       13.000        8.000
  2010:        5.000       17.000        6.000       18.000       14.000
  2015:       10.000       19.000       11.000        6.000        6.000
  2020:        6.000        6.000        6.000        6.000        6.000
  2025:        6.000        6.000        6.000        6.000        6.000
  2030:        6.000        6.000        6.000        6.000        6.000
  2035:        6.000        6.000        6.000        1.000        1.000
  2040:        1.000        6.000        6.000        6.000        6.000
  2045:        6.000        6.000        2.000        4.000       22.000
  2050:       24.000       12.000       13.000        8.000        5.000
  2055:       17.000       21.000       22.000       18.000       14.000
  2060:       10.000       21.000       22.000       19.000       11.000
  2065:        2.000        4.000       22.000       24.000       12.000
  2070:       13.000        8.000        5.000       17.000       18.000
  2075:       14.000       10.000       19.000       11.000        6.000
  2080:        6.000        6.000        6.000        6.000        6.000
  2085:        1.000        1.000        1.000        6.000        6.000
  2090:        6.000        6.000        6.000        2.000        4.000
  2095:       22.000       24.000       12.000       13.000        8.000
  2100:        5.000       17.000       21.000       22.000       18.000
  2105:       14.000       10.000       19.000       11.000        6.000
  2110:        6.000        6.000        6.000        6.000        6.000
  2115:        1.000        6.000        6.000        6.000        6.000
  2120:        1.000        1.000        1.000        1.000        6.000
  2125:        6.000        2.000        4.000       22.000       24.000
  2130:       12.000       13.000        8.000        5.000       17.000
  2135:       21.000       22.000       18.000       14.000       10.000
  2140:       19.000       11.000        2.000        4.000       22.000
  2145:       24.000       12.000       13.000        8.000        5.000
  2150:       17.000       18.000       14.000       10.000       21.000
  2155:       22.000       19.000       11.000        2.000        4.000
  2160:       22.000       24.000       12.000       13.000        8.000
  2165:        5.000       17.000       18.000        6.000       14.000
  2170:       10.000       19.000       11.000        6.000        6.000
  2175:        6.000        1.000        1.000        1.000        6.000
  2180:        6.000        6.000        6.000        6.000        6.000
  2185:        6.000        6.000        6.000        6.000        6.000
  2190:        6.000        6.000        6.000        6.000        6.000
  2195:        2.000        4.000       22.000       24.000       12.000
  2200:       13.000        8.000        5.000       17.000       18.000
  2205:       14.000       10.000       19.000       11.000        6.000
  2210:        6.000        6.000        6.000        6.000        2.000
  2215:        4.000       22.000       24.000       12.000       13.000
  2220:        8.000        5.000       17.000        6.000       18.000
  2225:       14.000       10.000       21.000       22.000       19.000
  2230:       11.000        2.000        4.000       22.000       24.000
  2235:       12.000       13.000        8.000        5.000       17.000
  2240:       18.000       14.000       10.000       19.000       11.000
  2245:        6.000        6.000        6.000        6.000        6.000
  2250:        6.000        6.000        6.000        6.000        1.000
  2255:        1.000        1.000        1.000        1.000        1.000
  2260:        2.000        4.000       22.000       24.000       12.000
  2265:       13.000        8.000        5.000       17.000       18.000
  2270:       14.000       10.000       21.000       22.000       21.000
  2275:       22.000       19.000       11.000        2.000        4.000
  2280:       22.000       24.000       12.000       13.000        8.000
  2285:        5.000       17.000       18.000       14.000       10.000
  2290:       19.000       11.000        1.000        1.000        1.000
  2295:        1.000        6.000        6.000        6.000        6.000
  2300:        6.000        6.000        1.000        2.000        4.000
  2305:       22.000       24.000       12.000       13.000        8.000
  2310:        5.000       17.000       18.000       14.000       10.000
  2315:       21.000       22.000       19.000       11.000        2.000
  2320:        4.000       22.000       24.000       12.000       13.000
  2325:        8.000        5.000       17.000       18.000       21.000
  2330:       22.000       14.000       10.000       19.000       11.000
  2335:        1.000        6.000        6.000        6.000        6.000
  2340:        6.000        6.000        6.000        6.000        6.000
  2345:        6.000        1.000        1.000        1.000        1.000
  2350:        6.000        2.000        4.000       22.000       24.000
  2355:       12.000       13.000        8.000        5.000       17.000
  2360:       18.000       14.000       10.000       21.000       22.000
  2365:       19.000       11.000        2.000        4.000       22.000
  2370:       24.000       12.000       13.000        8.000        5.000
  2375:       17.000       18.000       14.000       10.000       21.000
  2380:       22.000       19.000       11.000        1.000        1.000
  2385:        6.000        6.000        6.000        6.000        1.000
  2390:        1.000        1.000        6.000        6.000        6.000
  2395:        6.000        6.000        6.000        2.000        4.000
  2400:       22.000       24.000       12.000       13.000        8.000
  2405:        5.000       17.000        6.000       18.000       14.000
  2410:       10.000       19.000       11.000        6.000        6.000
  2415:        6.000        6.000        6.000        6.000        2.000
  2420:        4.000       22.000       24.000       12.000       13.000
  2425:        8.000        5.000       17.000       18.000       21.000
  2430:       22.000       14.000       10.000       21.000       22.000
  2435:       19.000       11.000        2.000        4.000       22.000
  2440:       24.000       12.000       13.000        8.000        5.000
  2445:       17.000       21.000       22.000       21.000       22.000
  2450:       21.000       22.000       18.000       14.000       10.000
  2455:       21.000       22.000       19.000       11.000        2.000
  2460:        4.000       22.000       24.000       12.000       13.000
  2465:        8.000        5.000       17.000       18.000       14.000
  2470:       10.000       19.000       11.000        6.000        6.000
  2475:        6.000        1.000        1.000        6.000        6.000
  2480:        6.000        6.000        6.000        6.000        6.000
  2485:        2.000        4.000       22.000       24.000       12.000
  2490:       13.000        8.000        5.000       17.000       18.000
  2495:        6.000       14.000       10.000       19.000       11.000
  2500:        6.000        6.000        6.000        6.000        6.000
  2505:        6.000        6.000        6.000        6.000        6.000
  2510:        6.000        6.000        6.000        6.000        6.000
  2515:        6.000        6.000        6.000        6.000        6.000
  2520:        6.000        1.000        1.000        1.000        2.000
  2525:        4.000       22.000       24.000       12.000       13.000
  2530:        8.000        5.000       17.000       21.000       22.000
  2535:       18.000       14.000       10.000       21.000       22.000
  2540:       19.000       11.000        6.000        6.000        6.000
  2545:        6.000        6.000        6.000        6.000        6.000
  2550:        6.000        6.000        6.000        6.000        6.000
  2555:        6.000        6.000        6.000        6.000        6.000
  2560:        6.000        6.000        6.000        6.000        2.000
  2565:        4.000       22.000       24.000       12.000       13.000
  2570:        8.000        5.000       17.000       21.000       22.000
  2575:       21.000       22.000       18.000       14.000       10.000
  2580:        6.000        6.000        6.000       19.000       11.000
  2585:        6.000        6.000        6.000        6.000        6.000
  2590:        6.000        6.000        1.000        1.000        1.000
  2595:        1.000        6.000        6.000        6.000        6.000
  2600:        1.000        1.000        6.000        6.000        6.000
  2605:        6.000        6.000        6.000        6.000        2.000
  2610:        4.000       22.000       24.000       12.000       13.000
  2615:        8.000        5.000       17.000       18.000       14.000
  2620:       10.000       19.000       11.000        6.000        6.000
  2625:        2.000        4.000       22.000       24.000       12.000
  2630:       13.000        8.000        5.000       17.000       18.000
  2635:       14.000       10.000       21.000       22.000       19.000
  2640:       11.000        6.000        6.000        6.000        6.000
  2645:        6.000        2.000        4.000       22.000       24.000
  2650:       12.000       13.000        8.000        5.000       17.000
  2655:       21.000       22.000       18.000       14.000       10.000
  2660:        6.000        6.000       19.000       11.000        1.000
  2665:        1.000        1.000        1.000        1.000        1.000
  2670:        1.000        6.000        6.000        6.000        6.000
  2675:        6.000        6.000        6.000        6.000        1.000
  2680:        1.000        1.000        1.000        6.000        6.000
  2685:        6.000        6.000        6.000        6.000        6.000
  2690:        6.000        6.000        6.000        6.000        6.000
  2695:        6.000        6.000        2.000        4.000       22.000
  2700:       24.000       12.000       13.000        8.000        5.000
  2705:       17.000       21.000       22.000       21.000       22.000
  2710:       18.000       14.000       10.000       19.000       11.000
  2715:        2.000        4.000       22.000       24.000       12.000
  2720:       13.000        8.000        5.000       17.000       21.000
  2725:       22.000       18.000       14.000       10.000       21.000
  2730:       22.000       19.000       11.000        2.000        4.000
  2735:       22.000       24.000       12.000       13.000        8.000
  2740:        5.000       17.000       21.000       22.000       20.000
  2745:       18.000       14.000       10.000       19.000       11.000
  2750:      100.000
T:
     0:        0.000        0.000        0.000        0.000        7.200
     5:       10.640       10.860       10.890       11.140       12.140
    10:       13.730       14.730       39.070       39.330       48.650
    15:       48.690       61.190       61.190       61.190       61.200
    20:       61.200       61.200       61.200       61.200       61.200
    25:       65.200       66.200       66.200       71.190       71.200
    30:       73.450       73.450       73.450       73.460       73.460
    35:       73.460       73.460       73.460       73.460       75.570
    40:       75.950       77.460       78.460       78.460       81.490
    45:       81.650       83.450       83.460       88.040       88.040
    50:       88.040       88.050       88.050       88.050       88.050
    55:       88.050       88.050       89.560       89.830       90.420
    60:       92.050       92.570       92.570       93.050       93.050
    65:       94.620       94.620       95.520       95.520       95.840
    70:       95.840       96.230       96.230       96.390       96.390
    75:       97.020       97.020       98.040       98.050       98.360
    80:       98.430      106.030      106.030      106.030      106.040
    85:      106.040      106.040      106.040      106.040      106.040
    90:      108.680      110.040      111.040      111.040      116.030
    95:      116.040      154.120      163.490      163.490      163.490
   100:      163.500      163.500      163.500      163.500      163.500
   105:      163.500      163.880      163.880      165.690      165.690
   110:      165.800      165.800      167.310      167.310      167.500
   115:      168.500      168.500      168.990      169.100      173.490
   120:      173.500      182.530      185.950      186.200      192.870
   125:      192.870      192.870      192.880      192.880      192.880
   130:      192.880      192.880      192.880      194.950      196.880
   135:      197.880      197.880      201.350      202.140      202.870
   140:      202.880      213.940      221.660      221.770      222.020
   145:      346.860      353.960      353.960      353.960      353.970
   150:      353.970      353.970      353.970      353.970      353.970
   155:      357.970      358.970      358.970      363.960      363.970
   160:      365.340      365.560      392.000      392.340      393.430
   165:      400.630      401.350      407.150      407.150      407.150
   170:      407.160      407.160      407.160      407.160      407.160
   175:      407.160      409.010      409.300      409.630      410.880
   180:      410.880      411.160      412.160      412.160      417.150
   185:      417.160      425.060      431.920      431.920      431.920
   190:      431.930      431.930      431.930      431.930      431.930
   195:      431.930      434.110      435.570      435.570      435.930
   200:      436.930      436.930      437.160      437.160      439.530
   205:      439.530      440.000      440.000      441.920      441.930
   210:      453.410      453.580      453.610      476.880      516.570
   215:      516.570      516.570      516.580      516.580      516.580
   220:      516.580      516.580      516.580      520.580      521.580
   225:      521.580      526.340      526.340      526.570      526.580
   230:      541.350      550.560      550.820      552.580      552.580
   235:      552.580      552.590      552.590      552.590      552.590
   240:      552.590      552.590      556.590      557.590      557.590
   245:      558.520      562.580      562.590      591.370      591.570
   250:      596.670      600.680      600.680      600.680      600.690
   255:      600.690      600.690      600.690      600.690      600.690
   260:      602.290      602.810      604.690      605.300      605.420
   265:      605.690      605.690      610.680      610.690      629.740
   270:      629.740      629.740      629.750      629.750      629.750
   275:      629.750      629.750      629.750      632.240      632.460
   280:      633.750      634.750      634.750      635.380      635.460
   285:      638.170      638.170      638.510      638.510      638.860
   290:      638.860      639.740      639.750      639.820      639.820
   295:      639.820      639.830      639.830      639.830      639.830
   300:      639.830      639.830      641.600      641.870      643.830
   305:      644.830      644.830      646.870      649.820      649.830
   310:      667.290      686.050      690.370      690.610      692.610
   315:      697.750      698.040      707.810      710.280      711.740
   320:      711.740      711.740      711.750      711.750      711.750
   325:      711.750      711.750      711.750      715.750      716.750
   330:      716.750      721.740      721.750      722.720      722.980
   335:      743.740      743.740      743.740      743.750      743.750
   340:      743.750      743.750      743.750      743.750      745.040
   345:      747.750      748.750      748.750      749.760      751.540
   350:      751.540      753.740      753.750      753.890      753.890
   355:      753.890      753.900      753.900      753.900      753.900
   360:      753.900      753.900      757.190      757.190      757.900
   365:      758.690      758.900      758.900      759.140      760.790
   370:      762.420      763.890      763.900      764.370      764.370
   375:      764.370      764.380      764.380      764.380      764.380
   380:      764.380      764.380      768.380      769.380      769.380
   385:      774.370      774.380      791.820      807.250      814.120
   390:      814.200      819.480      832.180      843.940      843.940
   395:      843.940      843.950      843.950      843.950      843.950
   400:      843.950      843.950      845.420      845.650      847.950
   405:      848.950      848.950      853.270      853.620      853.910
   410:      853.940      853.950      854.120      871.120      871.120
   415:      871.120      871.130      871.130      871.130      871.130
   420:      871.130      871.130      873.810      873.810      874.000
   425:      874.000      875.130      876.130      876.130      876.660
   430:      881.120      881.130     1024.690     1024.830     1027.670
   435:     1027.840     1028.170     1031.630     1031.630     1031.630
   440:     1031.640     1031.640     1031.640     1031.640     1031.640
   445:     1031.640     1035.640     1036.640     1036.640     1040.540
   450:     1041.630     1041.640     1060.070     1060.530     1085.620
   455:     1092.740     1094.710     1094.870     1095.040     1095.260
   460:     1095.930     1096.140     1096.730     1097.510     1101.910
   465:     1102.140     1105.310     1106.310     1110.680     1114.000
   470:     1118.780     1118.780     1118.780     1118.790     1118.790
   475:     1118.790     1118.790     1118.790     1118.790     1120.300
   480:     1120.300     1122.790     1123.650     1123.650     1123.790
   485:     1123.790     1126.070     1126.070     1126.920     1126.920
   490:     1128.220     1128.220     1128.370     1128.370     1128.780
   495:     1128.790     1130.540     1130.540     1130.540     1130.550
   500:     1130.550     1130.550     1130.550     1130.550     1130.550
   505:     1132.260     1133.610     1133.610     1134.550     1135.200
   510:     1135.200     1135.550     1135.550     1136.990     1136.990
   515:     1140.540     1140.550     1147.430     1147.430     1147.430
   520:     1147.440     1147.440     1147.440     1147.440     1147.440
   525:     1147.440     1151.000     1151.000     1151.440     1152.440
   530:     1152.440     1154.490     1154.490     1155.730     1155.730
   535:     1157.430     1157.440     1163.260     1163.580     1171.250
   540:     1189.360     1189.360     1189.360     1189.370     1189.370
   545:     1189.370     1189.370     1189.370     1189.370     1192.700
   550:     1192.920     1193.370     1193.970     1194.370     1194.370
   555:     1198.470     1199.360     1199.370     1205.350     1205.350
   560:     1205.350     1205.360     1205.360     1205.360     1205.360
   565:     1205.360     1205.360     1209.360     1210.360     1210.360
   570:     1215.350     1215.360     1217.240     1217.240     1217.240
   575:     1217.250     1217.250     1217.250     1217.250     1217.250
   580:     1217.250     1217.560     1217.560     1218.700     1218.700
   585:     1221.250     1222.160     1222.160     1222.250     1222.250
   590:     1224.140     1224.140     1227.240     1227.250     1276.260
   595:     1279.010     1280.190     1347.920     1363.460     1363.840
   600:     1366.760     1371.700     1373.590     1379.480     1382.460
   605:     1387.710     1391.550     1393.930     1404.890     1405.100
   610:     1407.820     1407.820     1407.820     1407.830     1407.830
   615:     1407.830     1407.830     1407.830     1407.830     1411.460
   620:     1411.460     1411.830     1412.830     1412.830     1417.820
   625:     1417.830     1419.100     1419.100     1419.100     1419.110
   630:     1419.110     1419.110     1419.110     1419.110     1419.110
   635:     1423.110     1423.110     1423.110     1424.110     1424.110
   640:     1429.100     1429.110     1434.340     1435.630     1441.140
   645:     1465.830     1497.600     1497.750     1513.570     1516.620
   650:     1531.940     1534.330     1540.830     1583.780     1592.820
   655:     1592.820     1592.820     1592.830     1592.830     1592.830
   660:     1592.830     1592.830     1592.830     1594.170     1594.170
   665:     1596.830     1597.830     1597.830     1602.820     1602.830
   670:     1614.940     1615.100     1623.320     1626.560     1627.070
   675:     1634.460     1635.160     1641.640     1641.640     1641.640
   680:     1641.650     1641.650     1641.650     1641.650     1641.650
   685:     1641.650     1643.190     1643.530     1645.650     1645.810
   690:     1646.650     1646.650     1651.640     1651.650     1651.710
   695:     1658.400     1658.400     1658.400     1658.410     1658.410
   700:     1658.410     1658.410     1658.410     1658.410     1659.890
   705:     1659.890     1662.410     1663.410     1663.410     1665.370
   710:     1668.400     1668.410     1675.860     1710.850     1710.850
   715:     1710.850     1710.860     1710.860     1710.860     1710.860
   720:     1710.860     1710.860     1714.860     1715.860     1715.860
   725:     1720.670     1720.850     1720.860     1724.190     1728.050
   730:     1763.530     1763.740     1768.790     1938.590     1938.770
   735:     1940.890     1948.240     1951.350     2033.250     2033.250
   740:     2033.250     2033.260     2033.260     2033.260     2033.260
   745:     2033.260     2033.260     2037.260     2038.260     2038.260
   750:     2038.460     2038.990     2039.090     2043.250     2043.260
   755:     2045.830     2045.830     2045.830     2045.840     2045.840
   760:     2045.840     2045.840     2045.840     2045.840     2046.020
   765:     2046.020     2047.510     2047.510     2049.840     2050.840
   770:     2050.840     2055.830     2055.840     2072.310     2072.310
   775:     2072.310     2072.320     2072.320     2072.320     2072.320
   780:     2072.320     2072.320     2076.320     2077.320     2077.320
   785:     2082.310     2082.320     2085.200     2091.760     2096.620
   790:     2099.090     2117.540     2129.910     2129.910     2129.910
   795:     2129.920     2129.920     2129.920     2129.920     2129.920
   800:     2129.920     2131.220     2131.440     2133.920     2134.500
   805:     2134.500     2134.920     2134.920     2139.910     2139.920
   810:     2140.460     2140.460     2140.460     2140.470     2140.470
   815:     2140.470     2140.470     2140.470     2140.470     2141.820
   820:     2141.820     2144.470     2145.470     2145.470     2145.990
   825:     2147.630     2150.460     2150.470     2158.200     2160.500
   830:     2160.600     2160.850     2202.600     2204.570     2204.570
   835:     2204.570     2204.580     2204.580     2204.580     2204.580
   840:     2204.580     2204.580     2208.580     2209.050     2209.580
   845:     2209.580     2209.860     2214.570     2214.580     2237.050
   850:     2239.080     2239.650     2239.810     2240.040     2246.860
   855:     2248.350     2250.910     2251.470     2254.990     2262.460
   860:     2263.350     2264.370     2264.910     2265.460     2268.630
   865:     2270.380     2271.790     2271.950     2274.750     2274.750
   870:     2274.750     2274.760     2274.760     2274.760     2274.760
   875:     2274.760     2274.760     2276.380     2276.380     2278.760
   880:     2279.760     2279.760     2282.430     2282.430     2284.040
   885:     2284.750     2284.760     2286.970     2286.970     2286.970
   890:     2286.980     2286.980     2286.980     2286.980     2286.980
   895:     2286.980     2290.980     2291.980     2291.980     2296.970
   900:     2296.980     2320.050     2327.030     2373.100     2374.370
   905:     2381.760     2387.170     2401.410     2404.270     2407.420
   910:     2409.590     2484.740     2541.020     2568.370     2634.110
   915:     2634.110     2634.110     2634.120     2634.120     2634.120
   920:     2634.120     2634.120     2634.120     2637.860     2637.860
   925:     2638.120     2639.120     2639.120     2640.970     2640.970
   930:     2643.120     2643.120     2644.110     2644.120     2647.820
   935:     2647.820     2647.820     2647.830     2647.830     2647.830
   940:     2647.830     2647.830     2647.830     2651.210     2651.830
   945:     2652.470     2652.830     2652.830     2657.820     2657.830
   950:     2666.770     2666.770     2666.770     2666.780     2666.780
   955:     2666.780     2666.780     2666.780     2666.780     2669.080
   960:     2669.080     2670.780     2671.780     2671.780     2676.770
   965:     2676.780     2738.360     2740.970     2760.900     2763.830
   970:     2780.700     2790.190     2811.930     2812.060     2813.090
   975:     2813.590     2816.900     2836.130     2847.340     2853.570
   980:     2895.260     3000.950     3005.770     3008.620     3008.620
   985:     3008.620     3008.630     3008.630     3008.630     3008.630
   990:     3008.630     3008.630     3010.390     3010.390     3012.350
   995:     3012.350     3012.630     3013.630     3013.630     3014.050
  1000:     3017.180     3017.180     3018.620     3018.630     3025.240
  1005:     3025.240     3025.240     3025.250     3025.250     3025.250
  1010:     3025.250     3025.250     3025.250     3029.250     3030.250
  1015:     3030.250     3031.920     3035.240     3035.250     3038.430
  1020:     3038.430     3038.430     3038.440     3038.440     3038.440
  1025:     3038.440     3038.440     3038.440     3042.440     3043.440
  1030:     3043.440     3047.490     3047.490     3048.430     3048.440
  1035:     3057.400     3057.400     3057.400     3057.410     3057.410
  1040:     3057.410     3057.410     3057.410     3057.410     3059.290
  1045:     3061.410     3062.410     3062.410     3067.400     3067.410
  1050:     3074.090     3078.090     3085.500     3096.470     3096.470
  1055:     3096.470     3096.480     3096.480     3096.480     3096.480
  1060:     3096.480     3096.480     3100.480     3101.480     3101.480
  1065:     3106.470     3106.480     3109.010     3109.010     3109.010
  1070:     3109.020     3109.020     3109.020     3109.020     3109.020
  1075:     3109.020     3109.920     3109.920     3111.860     3111.860
  1080:     3113.020     3113.860     3113.860     3114.020     3114.020
  1085:     3119.010     3119.020     3120.350     3120.350     3120.350
  1090:     3120.360     3120.360     3120.360     3120.360     3120.360
  1095:     3120.360     3124.360     3125.360     3125.360     3130.350
  1100:     3130.360     3137.780     3137.780     3137.780     3137.790
  1105:     3137.790     3137.790     3137.790     3137.790     3137.790
  1110:     3138.580     3138.580     3141.790     3142.790     3142.790
  1115:     3143.870     3144.050     3147.780     3147.790     3148.560
  1120:     3150.420     3174.890     3190.220     3201.530     3201.530
  1125:     3201.530     3201.540     3201.540     3201.540     3201.540
  1130:     3201.540     3201.540     3205.540     3206.540     3206.540
  1135:     3211.530     3211.540     3213.930     3216.670     3216.670
  1140:     3216.670     3216.680     3216.680     3216.680     3216.680
  1145:     3216.680     3216.680     3220.680     3221.680     3221.680
  1150:     3226.670     3226.680     3244.770     3255.710     3264.130
  1155:     3306.020     3306.020     3306.020     3306.030     3306.030
  1160:     3306.030     3306.030     3306.030     3306.030     3307.600
  1165:     3307.600     3309.630     3309.630     3310.030     3311.030
  1170:     3311.030     3316.020     3316.030     3446.710     3446.710
  1175:     3446.710     3446.720     3446.720     3446.720     3446.720
  1180:     3446.720     3446.720     3446.900     3446.900     3450.720
  1185:     3451.450     3451.720     3451.720     3456.710     3456.720
  1190:     3465.120     3468.160     3468.570     3506.030     3506.140
  1195:     3506.290     3507.760     3525.960     3553.850     3553.850
  1200:     3553.850     3553.860     3553.860     3553.860     3553.860
  1205:     3553.860     3553.860     3556.430     3556.430     3557.860
  1210:     3558.860     3558.860     3559.930     3559.930     3561.800
  1215:     3561.800     3563.040     3563.040     3563.510     3563.510
  1220:     3563.850     3563.860     3584.270     3584.270     3584.270
  1225:     3584.280     3584.280     3584.280     3584.280     3584.280
  1230:     3584.280     3588.280     3589.280     3589.280     3593.570
  1235:     3593.570     3594.270     3594.280     3594.530     3594.530
  1240:     3594.530     3594.540     3594.540     3594.540     3594.540
  1245:     3594.540     3594.540     3598.540     3598.650     3598.980
  1250:     3599.540     3599.540     3604.530     3604.540     3623.140
  1255:     3623.270     3626.580     3630.830     3630.870     3633.190
  1260:     3634.320     3637.290     3637.730     3638.570     3640.410
  1265:     3641.410     3642.610     3645.080     3648.530     3650.990
  1270:     3651.030     3651.410     3651.920     3653.200     3654.820
  1275:     3655.960     3656.540     3657.160     3658.930     3697.430
  1280:     3697.650     3699.390     3701.740     3706.510     3728.890
  1285:     3770.310     3770.310     3770.310     3770.320     3770.320
  1290:     3770.320     3770.320     3770.320     3770.320     3771.580
  1295:     3771.580     3772.100     3772.100     3774.320     3775.320
  1300:     3775.320     3780.310     3780.320     3781.510     3781.510
  1305:     3781.510     3781.520     3781.520     3781.520     3781.520
  1310:     3781.520     3781.520     3784.750     3784.750     3785.520
  1315:     3786.520     3786.520     3786.540     3786.540     3789.760
  1320:     3791.510     3791.520     3803.750     3808.950     3845.640
  1325:     3853.260     3856.040     3857.590     3861.340     3862.720
  1330:     3867.590     3907.440     3913.920     3914.410     3984.340
  1335:     3991.650     4012.890     4012.890     4012.890     4012.900
  1340:     4012.900     4012.900     4012.900     4012.900     4012.900
  1345:     4016.900     4017.900     4017.900     4022.890     4022.900
  1350:     4024.760     4026.870     4033.600     4033.600     4033.600
  1355:     4033.610     4033.610     4033.610     4033.610     4033.610
  1360:     4033.610     4037.610     4038.610     4038.610     4043.600
  1365:     4043.610     4048.310     4048.310     4048.310     4048.320
  1370:     4048.320     4048.320     4048.320     4048.320     4048.320
  1375:     4052.320     4053.320     4053.320     4058.310     4058.320
  1380:     4069.940     4069.940     4069.940     4069.950     4069.950
  1385:     4069.950     4069.950     4069.950     4069.950     4073.950
  1390:     4074.950     4074.950     4076.620     4076.620     4079.940
  1395:     4079.950     4082.620     4082.620     4082.620     4082.630
  1400:     4082.630     4082.630     4082.630     4082.630     4082.630
  1405:     4085.040     4085.040     4086.630     4087.630     4087.630
  1410:     4092.620     4092.630     4104.090     4104.090     4104.090
  1415:     4104.100     4104.100     4104.100     4104.100     4104.100
  1420:     4104.100     4108.100     4109.100     4109.100     4114.090
  1425:     4114.100     4149.360     4149.360     4149.360     4149.370
  1430:     4149.370     4149.370     4149.370     4149.370     4149.370
  1435:     4153.370     4154.370     4154.370     4159.360     4159.370
  1440:     4176.410     4176.710     4176.860     4192.500     4192.500
  1445:     4192.500     4192.510     4192.510     4192.510     4192.510
  1450:     4192.510     4192.510     4196.510     4197.510     4197.510
  1455:     4202.500     4202.510     4227.310     4227.310     4227.310
  1460:     4227.320     4227.320     4227.320     4227.320     4227.320
  1465:     4227.320     4230.010     4230.010     4231.320     4231.760
  1470:     4231.760     4232.320     4232.320     4235.740     4235.740
  1475:     4237.310     4237.320     4245.600     4245.600     4245.600
  1480:     4245.610     4245.610     4245.610     4245.610     4245.610
  1485:     4245.610     4249.610     4250.610     4250.610     4255.600
  1490:     4255.610     4268.680     4268.680     4268.680     4268.690
  1495:     4268.690     4268.690     4268.690     4268.690     4268.690
  1500:     4270.300     4270.300     4272.690     4273.690     4273.690
  1505:     4278.680     4278.690     4290.560     4290.560     4290.560
  1510:     4290.570     4290.570     4290.570     4290.570     4290.570
  1515:     4290.570     4294.570     4295.570     4295.570     4296.940
  1520:     4300.560     4300.570     4312.460     4312.460     4312.460
  1525:     4312.470     4312.470     4312.470     4312.470     4312.470
  1530:     4312.470     4316.470     4317.470     4317.470     4322.460
  1535:     4322.470     4327.150     4327.150     4327.150     4327.160
  1540:     4327.160     4327.160     4327.160     4327.160     4327.160
  1545:     4331.160     4332.160     4332.160     4337.150     4337.160
  1550:     4347.430     4350.610     4417.370     4417.370     4417.370
  1555:     4417.380     4417.380     4417.380     4417.380     4417.380
  1560:     4417.380     4421.380     4422.380     4422.380     4427.370
  1565:     4427.380     4435.030     4435.030     4435.030     4435.040
  1570:     4435.040     4435.040     4435.040     4435.040     4435.040
  1575:     4439.040     4440.040     4440.040     4445.030     4445.040
  1580:     4461.590     4461.590     4461.590     4461.600     4461.600
  1585:     4461.600     4461.600     4461.600     4461.600     4465.600
  1590:     4466.600     4466.600     4471.590     4471.600     4472.430
  1595:     4472.430     4472.430     4472.440     4472.440     4472.440
  1600:     4472.440     4472.440     4472.440     4476.440     4477.000
  1605:     4477.440     4477.440     4481.940     4482.050     4482.430
  1610:     4482.440     4485.950     4485.950     4485.950     4485.960
  1615:     4485.960     4485.960     4485.960     4485.960     4485.960
  1620:     4489.960     4490.960     4490.960     4495.950     4495.960
  1625:     4514.910     4540.890     4540.890     4540.890     4540.900
  1630:     4540.900     4540.900     4540.900     4540.900     4540.900
  1635:     4543.170     4543.170     4544.900     4545.530     4545.530
  1640:     4545.900     4545.900     4550.890     4550.900     4552.980
  1645:     4552.980     4552.980     4552.990     4552.990     4552.990
  1650:     4552.990     4552.990     4552.990     4555.590     4555.740
  1655:     4556.110     4556.990     4557.990     4557.990     4562.650
  1660:     4562.980     4562.990     4606.150     4606.580     4607.870
  1665:     4614.460     4628.160     4628.160     4628.160     4628.170
  1670:     4628.170     4628.170     4628.170     4628.170     4628.170
  1675:     4628.810     4628.810     4632.170     4633.170     4633.170
  1680:     4633.940     4633.940     4636.860     4636.860     4638.160
  1685:     4638.170     4644.380     4644.380     4644.380     4644.390
  1690:     4644.390     4644.390     4644.390     4644.390     4644.390
  1695:     4648.390     4649.390     4649.390     4654.380     4654.390
  1700:     4668.820     4668.820     4668.820     4668.830     4668.830
  1705:     4668.830     4668.830     4668.830     4668.830     4672.830
  1710:     4673.830     4673.830     4678.820     4678.830     4699.310
  1715:     4699.310     4699.310     4699.320     4699.320     4699.320
  1720:     4699.320     4699.320     4699.320     4703.320     4704.320
  1725:     4704.320     4709.310     4709.320     4840.700     4840.930
  1730:     4843.200     4853.080     4853.080     4853.080     4853.090
  1735:     4853.090     4853.090     4853.090     4853.090     4853.090
  1740:     4857.090     4857.190     4857.190     4858.090     4858.090
  1745:     4863.080     4863.090     4869.330     4903.540     4918.570
  1750:     4918.570     4918.570     4918.580     4918.580     4918.580
  1755:     4918.580     4918.580     4918.580     4919.600     4919.600
  1760:     4922.150     4922.580     4923.580     4923.580     4928.570
  1765:     4928.580     4940.890     4942.470     4946.380     4953.000
  1770:     4955.910     4967.670     4967.670     4967.670     4967.680
  1775:     4967.680     4967.680     4967.680     4967.680     4967.680
  1780:     4971.130     4971.680     4972.320     4972.680     4972.680
  1785:     4977.670     4977.680     4979.480     4979.480     4979.480
  1790:     4979.490     4979.490     4979.490     4979.490     4979.490
  1795:     4979.490     4980.420     4980.420     4983.490     4984.490
  1800:     4984.490     4989.480     4989.490     4997.020     5013.520
  1805:     5015.540     5018.090     5021.170     5023.130     5040.970
  1810:     5041.150     5147.690     5147.690     5147.690     5147.700
  1815:     5147.700     5147.700     5147.700     5147.700     5147.700
  1820:     5151.700     5152.700     5152.700     5157.690     5157.700
  1825:     5165.060     5168.340     5170.410     5170.650     5175.400
  1830:     5180.080     5180.080     5180.080     5180.090     5180.090
  1835:     5180.090     5180.090     5180.090     5180.090     5184.090
  1840:     5185.090     5185.090     5190.080     5190.090     5192.840
  1845:     5192.840     5192.840     5192.850     5192.850     5192.850
  1850:     5192.850     5192.850     5192.850     5196.490     5196.490
  1855:     5196.850     5197.850     5197.850     5199.920     5200.240
  1860:     5202.840     5202.850     5204.570     5204.570     5204.570
  1865:     5204.580     5204.580     5204.580     5204.580     5204.580
  1870:     5204.580     5204.940     5204.940     5206.170     5206.170
  1875:     5208.580     5209.510     5209.510     5209.580     5209.580
  1880:     5212.520     5212.520     5214.570     5214.580     5216.920
  1885:     5216.920     5216.920     5216.930     5216.930     5216.930
  1890:     5216.930     5216.930     5216.930     5219.240     5219.240
  1895:     5220.930     5221.930     5221.930     5226.920     5226.930
  1900:     5301.500     5309.040     5593.640     5595.020     5595.050
  1905:     5595.880     5603.540     5607.590     5609.370     5617.760
  1910:     5622.590     5626.880     5647.820     5647.820     5647.820
  1915:     5647.830     5647.830     5647.830     5647.830     5647.830
  1920:     5647.830     5651.080     5651.830     5652.830     5652.830
  1925:     5657.820     5657.830     5658.240     5658.240     5658.240
  1930:     5658.250     5658.250     5658.250     5658.250     5658.250
  1935:     5658.250     5662.250     5663.250     5663.250     5665.940
  1940:     5668.240     5668.250     5673.680     5673.680     5673.680
  1945:     5673.690     5673.690     5673.690     5673.690     5673.690
  1950:     5673.690     5677.690     5678.690     5678.690     5680.440
  1955:     5680.440     5683.680     5683.690     5689.230     5689.230
  1960:     5689.230     5689.240     5689.240     5689.240     5689.240
  1965:     5689.240     5689.240     5693.240     5694.240     5694.240
  1970:     5699.230     5699.240     5700.850     5721.390     5747.850
  1975:     5762.390     5785.120     5794.550     5873.320     5873.840
  1980:     5873.860     5874.580     5875.150     5880.070     6030.580
  1985:     6030.580     6030.580     6030.590     6030.590     6030.590
  1990:     6030.590     6030.590     6030.590     6032.920     6032.920
  1995:     6034.590     6035.590     6035.590     6040.580     6040.590
  2000:     6059.520     6059.680     6068.020     6073.960     6073.960
  2005:     6073.960     6073.970     6073.970     6073.970     6073.970
  2010:     6073.970     6073.970     6076.340     6077.970     6078.970
  2015:     6078.970     6083.960     6083.970     6097.990     6099.360
  2020:     6101.820     6103.150     6103.220     6103.340     6103.870
  2025:     6106.840     6108.580     6108.940     6109.310     6111.270
  2030:     6111.860     6112.270     6115.890     6116.700     6117.270
  2035:     6119.880     6124.630     6127.670     6140.720     6141.190
  2040:     6286.840     6396.750     6405.880     6409.260     6410.350
  2045:     6410.540     6410.810     6415.640     6415.640     6415.640
  2050:     6415.650     6415.650     6415.650     6415.650     6415.650
  2055:     6415.650     6417.130     6417.130     6419.650     6420.650
  2060:     6420.650     6423.680     6423.680     6425.640     6425.650
  2065:     6430.260     6430.260     6430.260     6430.270     6430.270
  2070:     6430.270     6430.270     6430.270     6430.270     6434.270
  2075:     6435.270     6435.270     6440.260     6440.270     6469.170
  2080:     6470.970     6473.530     6475.000     6482.970     6483.100
  2085:     6514.610     6517.160     6522.510     6527.280     6531.290
  2090:     6532.520     6532.870     6535.730     6538.420     6538.420
  2095:     6538.420     6538.430     6538.430     6538.430     6538.430
  2100:     6538.430     6538.430     6541.790     6541.790     6542.430
  2105:     6543.430     6543.430     6548.420     6548.430     6560.610
  2110:     6563.970     6564.960     6565.780     6565.840     6566.360
  2115:     6644.980     6682.260     6685.260     6695.290     6698.300
  2120:     6705.740     6708.550     6713.790     6719.020     6752.530
  2125:     6754.750     6756.590     6756.590     6756.590     6756.600
  2130:     6756.600     6756.600     6756.600     6756.600     6756.600
  2135:     6757.060     6757.060     6760.600     6761.600     6761.600
  2140:     6766.590     6766.600     6766.980     6766.980     6766.980
  2145:     6766.990     6766.990     6766.990     6766.990     6766.990
  2150:     6766.990     6770.990     6771.990     6771.990     6773.930
  2155:     6773.930     6776.980     6776.990     6777.210     6777.210
  2160:     6777.210     6777.220     6777.220     6777.220     6777.220
  2165:     6777.220     6777.220     6781.220     6781.700     6782.220
  2170:     6782.220     6787.210     6787.220     6827.510     6835.890
  2175:     6837.920     6845.610     6848.530     6848.950     6958.660
  2180:     6966.550     6968.960     6971.900     6972.710     6977.080
  2185:     6978.570     6978.970     6983.090     6983.730     7006.800
  2190:     7010.030     7041.750     7044.600     7047.880     7048.560
  2195:     7051.770     7051.770     7051.770     7051.780     7051.780
  2200:     7051.780     7051.780     7051.780     7051.780     7055.780
  2205:     7056.780     7056.780     7061.770     7061.780     7081.760
  2210:     7085.380     7086.520     7089.250     7093.280     7115.550
  2215:     7115.550     7115.550     7115.560     7115.560     7115.560
  2220:     7115.560     7115.560     7115.560     7118.970     7119.560
  2225:     7120.560     7120.560     7123.300     7123.300     7125.550
  2230:     7125.560     7128.280     7128.280     7128.280     7128.290
  2235:     7128.290     7128.290     7128.290     7128.290     7128.290
  2240:     7132.290     7133.290     7133.290     7138.280     7138.290
  2245:     7158.660     7162.040     7162.070     7162.680     7162.990
  2250:     7164.690     7165.800     7190.170     7198.330     7203.900
  2255:     7377.050     7387.940     7394.630     7403.500     7403.800
  2260:     7411.270     7411.270     7411.270     7411.280     7411.280
  2265:     7411.280     7411.280     7411.280     7411.280     7415.280
  2270:     7416.280     7416.280     7417.140     7417.140     7421.100
  2275:     7421.100     7421.270     7421.280     7427.650     7427.650
  2280:     7427.650     7427.660     7427.660     7427.660     7427.660
  2285:     7427.660     7427.660     7431.660     7432.660     7432.660
  2290:     7437.650     7437.660     7439.870     7448.620     7459.340
  2295:     7462.140     7489.750     7495.820     7498.000     7499.640
  2300:     7522.360     7523.400     7568.270     7867.510     7867.510
  2305:     7867.510     7867.520     7867.520     7867.520     7867.520
  2310:     7867.520     7867.520     7871.520     7872.520     7872.520
  2315:     7874.130     7874.130     7877.510     7877.520     7881.080
  2320:     7881.080     7881.080     7881.090     7881.090     7881.090
  2325:     7881.090     7881.090     7881.090     7885.090     7885.270
  2330:     7885.270     7886.090     7886.090     7891.080     7891.090
  2335:     7900.980     7914.370     7918.930     7921.670     7922.750
  2340:     7925.460     7929.930     7932.070     7954.090     8022.580
  2345:     8030.860     8054.150     8055.310     8056.890     8074.690
  2350:     8175.760     8183.530     8183.530     8183.530     8183.540
  2355:     8183.540     8183.540     8183.540     8183.540     8183.540
  2360:     8187.540     8188.540     8188.540     8191.710     8191.710
  2365:     8193.530     8193.540     8193.820     8193.820     8193.820
  2370:     8193.830     8193.830     8193.830     8193.830     8193.830
  2375:     8193.830     8197.830     8198.830     8198.830     8199.750
  2380:     8199.750     8203.820     8203.830     8266.000     8290.580
  2385:     8317.890     8318.480     8325.310     8326.670     8340.930
  2390:     8347.430     8348.400     8564.990     8571.220     8571.480
  2395:     8580.360     8587.050     8592.350     8617.500     8617.500
  2400:     8617.500     8617.510     8617.510     8617.510     8617.510
  2405:     8617.510     8617.510     8621.300     8621.510     8622.510
  2410:     8622.510     8627.500     8627.510     8631.890     8644.090
  2415:     8646.070     8661.170     8663.140     8755.310     8758.660
  2420:     8758.660     8758.660     8758.670     8758.670     8758.670
  2425:     8758.670     8758.670     8758.670     8762.670     8763.020
  2430:     8763.020     8763.670     8763.670     8766.380     8766.380
  2435:     8768.660     8768.670     8771.120     8771.120     8771.120
  2440:     8771.130     8771.130     8771.130     8771.130     8771.130
  2445:     8771.130     8771.860     8771.860     8773.030     8773.030
  2450:     8774.430     8774.430     8775.130     8776.130     8776.130
  2455:     8779.080     8779.080     8781.120     8781.130     8782.000
  2460:     8782.000     8782.000     8782.010     8782.010     8782.010
  2465:     8782.010     8782.010     8782.010     8786.010     8787.010
  2470:     8787.010     8792.000     8792.010     8795.260     8802.730
  2475:     8804.270     8861.350     8864.330     8896.470     8899.050
  2480:     8901.870     8903.590     8903.980     8916.370     8917.000
  2485:     8944.010     8944.010     8944.010     8944.020     8944.020
  2490:     8944.020     8944.020     8944.020     8944.020     8948.020
  2495:     8948.820     8949.020     8949.020     8954.010     8954.020
  2500:     8956.740     8957.940     9026.150     9031.930     9036.930
  2505:     9073.910     9080.040     9080.720     9081.930     9082.330
  2510:     9084.680     9084.810     9088.810     9091.850     9095.850
  2515:     9097.990     9099.070     9103.860     9105.520     9106.250
  2520:     9107.120     9117.040     9123.180     9126.990     9151.870
  2525:     9151.870     9151.870     9151.880     9151.880     9151.880
  2530:     9151.880     9151.880     9151.880     9152.010     9152.010
  2535:     9155.880     9156.880     9156.880     9157.240     9157.240
  2540:     9161.870     9161.880     9162.730     9165.800     9171.670
  2545:     9171.700     9172.580     9173.240     9177.210     9184.450
  2550:     9186.140     9205.370     9210.410     9212.430     9212.540
  2555:     9227.820     9232.380     9240.580     9249.950     9250.200
  2560:     9264.050     9269.930     9318.210     9382.060     9386.910
  2565:     9386.910     9386.910     9386.920     9386.920     9386.920
  2570:     9386.920     9386.920     9386.920     9387.740     9387.740
  2575:     9390.070     9390.070     9390.920     9391.920     9391.920
  2580:     9392.170     9394.170     9395.330     9396.910     9396.920
  2585:     9411.320     9414.520     9415.860     9421.500     9422.540
  2590:     9428.450     9430.690     9439.360     9442.020     9444.700
  2595:     9447.530     9478.520     9484.820     9561.470     9568.780
  2600:     9882.670     9883.820     9903.750     9907.620     9909.360
  2605:     9909.430     9909.620     9910.730     9911.300     9915.580
  2610:     9915.580     9915.580     9915.590     9915.590     9915.590
  2615:     9915.590     9915.590     9915.590     9919.590     9920.590
  2620:     9920.590     9925.580     9925.590     9929.640     9937.430
  2625:     9941.220     9941.220     9941.220     9941.230     9941.230
  2630:     9941.230     9941.230     9941.230     9941.230     9945.230
  2635:     9946.230     9946.230     9946.910     9946.910     9951.220
  2640:     9951.230     9968.740     9971.640     9971.760     9979.000
  2645:     9980.710     9993.250     9993.250     9993.250     9993.260
  2650:     9993.260     9993.260     9993.260     9993.260     9993.260
  2655:     9997.000     9997.000     9997.260     9998.260     9998.260
  2660:     9998.980     9999.170    10003.250    10003.260    10036.040
  2665:    10036.850    10039.290    10042.320    10044.770    10050.860
  2670:    10054.060    10150.130    10155.750    10158.030    10159.600
  2675:    10166.260    10173.010    10176.900    10185.200    10334.620
  2680:    10354.040    10362.290    10369.320    10375.300    10375.430
  2685:    10375.810    10381.600    10386.620    10388.230    10389.040
  2690:    10390.810    10392.930    10399.800    10404.840    10404.900
  2695:    10405.620    10408.230    10410.960    10410.960    10410.960
  2700:    10410.970    10410.970    10410.970    10410.970    10410.970
  2705:    10410.970    10413.830    10413.830    10414.280    10414.280
  2710:    10414.970    10415.970    10415.970    10420.960    10420.970
  2715:    10422.000    10422.000    10422.000    10422.010    10422.010
  2720:    10422.010    10422.010    10422.010    10422.010    10424.300
  2725:    10424.300    10426.010    10427.010    10427.010    10431.970
  2730:    10431.970    10432.000    10432.010    10439.130    10439.130
  2735:    10439.130    10439.140    10439.140    10439.140    10439.140
  2740:    10439.140    10439.140    10439.510    10439.510    10442.870
  2745:    10443.140    10444.140    10444.140    10449.130    10449.140
  2750:    10800.000
