File: C:\MED-PC\Data\2024-11-08_12h37m_Subject 49.txt


Start Date: 11/08/24
End Date: 11/08/24
Subject: 49
Experiment: OralFentSA
Group: One
Box: 5
Start Time: 12:37:27
End Time: 15:37:55
MSN: 20241014Golden_Liq_SelfAdmin
F:       0.000
G:     711.000
H:   10800.000
I:       0.000
J:       0.000
K:       0.000
L:       0.000
M:       0.000
N:       0.000
O:       0.000
P:       0.000
Q:       0.000
R:       0.000
S:       0.000
U:       0.000
V:       0.000
W:       0.000
X:       0.000
Y:       0.000
Z:       0.000
A:
     0:        0.000        0.000      180.000        4.000        0.000
     5:        5.000        0.000        5.000        0.000        0.000
    10:        1.000        0.000       10.000   100000.000       27.000
    15:       15.000      640.000        0.000        0.000        0.000
    20:        0.000
B:
     0:        0.000        0.000        0.000      400.000        0.000
     5:      500.000        0.000      500.000        0.000        0.000
    10:        0.000        0.000     1000.000 10000000.000        0.000
    15:        0.000        0.000        0.000        0.000        0.000
    20:        0.000
C:
     0:       34.000       35.000        6.000       50.000      193.000
     5:    10399.400       11.510       26.000     2841.850      109.302
    10:       50.000        6.000        0.000        0.000        0.000
    15:        0.000        0.000        0.000        0.000        0.000
    20:        0.000
D:
     0:        2.270        1.120       12.910        2.310        1.280
     5:        0.870        3.650       10.220       10.610        6.460
    10:       44.460        6.380       36.640       13.710      422.310
    15:       10.970      317.800      239.730      189.080       34.280
    20:      159.720      182.470       21.070      564.950      535.070
    25:       11.510
E:
     0:       19.000       11.000       26.000       27.000        2.000
     5:        4.000       22.000       24.000       12.000       13.000
    10:        8.000        5.000       17.000        6.000       18.000
    15:       14.000       10.000       21.000       22.000       19.000
    20:       11.000        1.000        1.000        6.000        6.000
    25:        2.000        4.000       22.000       24.000       12.000
    30:       13.000        8.000        5.000       17.000        6.000
    35:       18.000       14.000       10.000       19.000       11.000
    40:        6.000        2.000        4.000       22.000       24.000
    45:       12.000       13.000        8.000        5.000       17.000
    50:       18.000       14.000       10.000       21.000       22.000
    55:       21.000       22.000       21.000       22.000       21.000
    60:       22.000       19.000       11.000        6.000        6.000
    65:        2.000        4.000       22.000       24.000       12.000
    70:       13.000        8.000        5.000       17.000       21.000
    75:       22.000        6.000       18.000        6.000        6.000
    80:       14.000       10.000       19.000       11.000        1.000
    85:        6.000        6.000        2.000        4.000       22.000
    90:       24.000       12.000       13.000        8.000        5.000
    95:       17.000        6.000       18.000       14.000       10.000
   100:       19.000       11.000        6.000        6.000        6.000
   105:        6.000        6.000        6.000        6.000        6.000
   110:        6.000        6.000        1.000        1.000        2.000
   115:        4.000       22.000       24.000       12.000       13.000
   120:        8.000        5.000       17.000        6.000        6.000
   125:       18.000       14.000       10.000        6.000        6.000
   130:       19.000       11.000        2.000        4.000       22.000
   135:       24.000       12.000       13.000        8.000        5.000
   140:       17.000        6.000        6.000       18.000       14.000
   145:       10.000       19.000       11.000        6.000        6.000
   150:        6.000        6.000        6.000        6.000        6.000
   155:        6.000        6.000        6.000        6.000        6.000
   160:        2.000        4.000       22.000       24.000       12.000
   165:       13.000        8.000        5.000       17.000       21.000
   170:       22.000       21.000       22.000       21.000       22.000
   175:       18.000       14.000       10.000       19.000       11.000
   180:        6.000        2.000        4.000       22.000       24.000
   185:       12.000       13.000        8.000        5.000       17.000
   190:       18.000       14.000       10.000       19.000       11.000
   195:        6.000        6.000        6.000        6.000        6.000
   200:        6.000        2.000        4.000       22.000       24.000
   205:       12.000       13.000        8.000        5.000       17.000
   210:       18.000       14.000       10.000        6.000       19.000
   215:       11.000        2.000        4.000       22.000       24.000
   220:       12.000       13.000        8.000        5.000       17.000
   225:       18.000       14.000       10.000       19.000       11.000
   230:        6.000        6.000        6.000        6.000        6.000
   235:        6.000        6.000        2.000        4.000       22.000
   240:       24.000       12.000       13.000        8.000        5.000
   245:       17.000       18.000       14.000       10.000       19.000
   250:       11.000        2.000        4.000       22.000       24.000
   255:       12.000       13.000        8.000        5.000       17.000
   260:       21.000       22.000       18.000       14.000       10.000
   265:       19.000       11.000        2.000        4.000       22.000
   270:       24.000       12.000       13.000        8.000        5.000
   275:       17.000       18.000       14.000       10.000        6.000
   280:       19.000       11.000        2.000        4.000       22.000
   285:       24.000       12.000       13.000        8.000        5.000
   290:       17.000       18.000       14.000       10.000       19.000
   295:       11.000        6.000        6.000        6.000        6.000
   300:        6.000        6.000        6.000        6.000        6.000
   305:        6.000        6.000        6.000        6.000        6.000
   310:        6.000        6.000        6.000        6.000        2.000
   315:        4.000       22.000       24.000       12.000       13.000
   320:        8.000        5.000       17.000       18.000       14.000
   325:       10.000       19.000       11.000        6.000        6.000
   330:        2.000        4.000       22.000       24.000       12.000
   335:       13.000        8.000        5.000       17.000       21.000
   340:       22.000       18.000       14.000       10.000       19.000
   345:       11.000        2.000        4.000       22.000       24.000
   350:       12.000       13.000        8.000        5.000       17.000
   355:       18.000       14.000       10.000       19.000       11.000
   360:        6.000        6.000        6.000        6.000        6.000
   365:        6.000        6.000        2.000        4.000       22.000
   370:       24.000       12.000       13.000        8.000        5.000
   375:       17.000       21.000       22.000       18.000       14.000
   380:       10.000       19.000       11.000        6.000        6.000
   385:        6.000        6.000        2.000        4.000       22.000
   390:       24.000       12.000       13.000        8.000        5.000
   395:       17.000       18.000       14.000       10.000       19.000
   400:       11.000        6.000        6.000        6.000        6.000
   405:        6.000        6.000        6.000        6.000        6.000
   410:        6.000        6.000        6.000        6.000        6.000
   415:        6.000        6.000        6.000        2.000        4.000
   420:       22.000       24.000       12.000       13.000        8.000
   425:        5.000       17.000       18.000       14.000       10.000
   430:       19.000       11.000        6.000        2.000        4.000
   435:       22.000       24.000       12.000       13.000        8.000
   440:        5.000       17.000       21.000       22.000       18.000
   445:       14.000       10.000       19.000       11.000        6.000
   450:        2.000        4.000       22.000       24.000       12.000
   455:       13.000        8.000        5.000       17.000       18.000
   460:       14.000       10.000       19.000       11.000        2.000
   465:        4.000       22.000       24.000       12.000       13.000
   470:        8.000        5.000       17.000       18.000       14.000
   475:       10.000       19.000       11.000        6.000        6.000
   480:        2.000        4.000       22.000       24.000       12.000
   485:       13.000        8.000        5.000       17.000       18.000
   490:       14.000       10.000       19.000       11.000        1.000
   495:        6.000        6.000        6.000        6.000        6.000
   500:        6.000        6.000        6.000        6.000        2.000
   505:        4.000       22.000       24.000       12.000       13.000
   510:        8.000        5.000       17.000       18.000       14.000
   515:       10.000       19.000       11.000        2.000        4.000
   520:       22.000       24.000       12.000       13.000        8.000
   525:        5.000       17.000       18.000       14.000       10.000
   530:       19.000       11.000        2.000        4.000       22.000
   535:       24.000       12.000       13.000        8.000        5.000
   540:       17.000       18.000       14.000       10.000       19.000
   545:       11.000        6.000        6.000        6.000        6.000
   550:        6.000        6.000        2.000        4.000       22.000
   555:       24.000       12.000       13.000        8.000        5.000
   560:       17.000       21.000       22.000       18.000       14.000
   565:       10.000       19.000       11.000        6.000        6.000
   570:        6.000        6.000        2.000        4.000       22.000
   575:       24.000       12.000       13.000        8.000        5.000
   580:       17.000       18.000       14.000       10.000       19.000
   585:       11.000        6.000        6.000        6.000        6.000
   590:        6.000        6.000        6.000        6.000        2.000
   595:        4.000       22.000       24.000       12.000       13.000
   600:        8.000        5.000       17.000       18.000       14.000
   605:       10.000       19.000       11.000        2.000        4.000
   610:       22.000       24.000       12.000       13.000        8.000
   615:        5.000       17.000       21.000       22.000       21.000
   620:       22.000       18.000       14.000       10.000       19.000
   625:       11.000        2.000        4.000       22.000       24.000
   630:       12.000       13.000        8.000        5.000       17.000
   635:       18.000       14.000       10.000       19.000       11.000
   640:        6.000        6.000        6.000        6.000        6.000
   645:        6.000        6.000        6.000        6.000        6.000
   650:        6.000        6.000        6.000        6.000        6.000
   655:        6.000        6.000        6.000        6.000        6.000
   660:        6.000        6.000        6.000        6.000        6.000
   665:        6.000        6.000        6.000        6.000        2.000
   670:        4.000       22.000       24.000       12.000       13.000
   675:        8.000        5.000       17.000       18.000       14.000
   680:       10.000       19.000       11.000        6.000        6.000
   685:        6.000        6.000        6.000        6.000        6.000
   690:        6.000        6.000        6.000        6.000        6.000
   695:        6.000        6.000        6.000        6.000        6.000
   700:        6.000        6.000        6.000        6.000        6.000
   705:        6.000        6.000        6.000        6.000        6.000
   710:        6.000      100.000
T:
     0:        0.000        0.000        0.000        0.000       37.330
     5:       37.330       37.330       37.340       37.340       37.340
    10:       37.340       37.340       37.340       39.610       41.340
    15:       42.340       42.340       44.240       44.240       47.330
    20:       47.340       68.800       71.730       76.130       76.280
    25:       85.550       85.550       85.550       85.560       85.560
    30:       85.560       85.560       85.560       85.560       86.680
    35:       89.560       90.560       90.560       95.550       95.560
    40:       99.130      106.330      106.330      106.330      106.340
    45:      106.340      106.340      106.340      106.340      106.340
    50:      110.340      111.340      111.340      112.790      112.790
    55:      113.430      113.430      114.070      114.070      114.970
    60:      114.970      116.330      116.340      119.250      119.400
    65:      136.210      136.210      136.210      136.220      136.220
    70:      136.220      136.220      136.220      136.220      136.860
    75:      136.860      138.530      140.220      140.790      141.170
    80:      141.220      141.220      146.210      146.220      155.220
    85:      157.890      157.920      163.830      163.830      163.830
    90:      163.840      163.840      163.840      163.840      163.840
    95:      163.840      165.120      167.840      168.840      168.840
   100:      173.830      173.840      176.090      176.130      176.200
   105:      177.410      177.900      185.560      252.650      255.060
   110:      281.230      281.280      322.750      323.930      328.350
   115:      328.350      328.350      328.360      328.360      328.360
   120:      328.360      328.360      328.360      329.230      330.270
   125:      332.360      333.360      333.360      334.760      335.740
   130:      338.350      338.360      340.660      340.660      340.660
   135:      340.670      340.670      340.670      340.670      340.670
   140:      340.670      344.320      344.460      344.670      345.670
   145:      345.670      350.660      350.670      374.890      375.000
   150:      376.350      383.100      453.380      457.980      458.850
   155:      478.450      493.670      494.550      494.750      509.080
   160:      521.370      521.370      521.370      521.380      521.380
   165:      521.380      521.380      521.380      521.380      523.450
   170:      523.450      523.710      523.710      524.950      524.950
   175:      525.380      526.380      526.380      531.370      531.380
   180:      531.600      532.820      532.820      532.820      532.830
   185:      532.830      532.830      532.830      532.830      532.830
   190:      536.830      537.830      537.830      542.820      542.830
   195:      543.440      543.580      543.720      564.910      575.440
   200:      584.540      586.080      586.080      586.080      586.090
   205:      586.090      586.090      586.090      586.090      586.090
   210:      590.090      591.090      591.090      592.550      596.080
   215:      596.090      613.520      613.520      613.520      613.530
   220:      613.530      613.530      613.530      613.530      613.530
   225:      617.530      618.530      618.530      623.520      623.530
   230:      657.990      665.020      670.220      670.330      675.000
   235:      679.630      684.570      697.090      697.090      697.090
   240:      697.100      697.100      697.100      697.100      697.100
   245:      697.100      701.100      702.100      702.100      707.090
   250:      707.100      714.850      714.850      714.850      714.860
   255:      714.860      714.860      714.860      714.860      714.860
   260:      715.420      715.420      718.860      719.860      719.860
   265:      724.850      724.860      725.740      725.740      725.740
   270:      725.750      725.750      725.750      725.750      725.750
   275:      725.750      729.750      730.750      730.750      732.130
   280:      735.740      735.750      747.370      747.370      747.370
   285:      747.380      747.380      747.380      747.380      747.380
   290:      747.380      751.380      752.380      752.380      757.370
   295:      757.380      784.020      847.700      848.550      848.870
   300:      853.920      870.090      870.740      875.060      877.710
   305:      898.110      917.910      917.990      925.390      944.720
   310:      962.340      964.800      967.330      970.130     1022.520
   315:     1022.520     1022.520     1022.530     1022.530     1022.530
   320:     1022.530     1022.530     1022.530     1026.530     1027.530
   325:     1027.530     1032.520     1032.530     1036.240     1215.090
   330:     1355.180     1355.180     1355.180     1355.190     1355.190
   335:     1355.190     1355.190     1355.190     1355.190     1356.620
   340:     1356.620     1359.190     1360.190     1360.190     1365.180
   345:     1365.190     1408.530     1408.530     1408.530     1408.540
   350:     1408.540     1408.540     1408.540     1408.540     1408.540
   355:     1412.540     1413.540     1413.540     1418.530     1418.540
   360:     1830.850     1843.240     1856.030     1856.600     1856.760
   365:     1994.510     1994.910     2081.930     2081.930     2081.930
   370:     2081.940     2081.940     2081.940     2081.940     2081.940
   375:     2081.940     2082.030     2082.030     2085.940     2086.940
   380:     2086.940     2091.930     2091.940     2092.910     2095.830
   385:     2098.480     2104.140     2191.820     2191.820     2191.820
   390:     2191.830     2191.830     2191.830     2191.830     2191.830
   395:     2191.830     2195.830     2196.830     2196.830     2201.820
   400:     2201.830     2509.630     2619.990     2711.380     2843.180
   405:     2843.610     2858.070     2870.710     2885.770     2951.120
   410:     2952.070     3139.390     3399.670     3461.490     3493.520
   415:     3542.630     3589.700     3924.700     4134.240     4134.240
   420:     4134.240     4134.250     4134.250     4134.250     4134.250
   425:     4134.250     4134.250     4138.250     4139.250     4139.250
   430:     4144.240     4144.250     4373.980     4460.670     4460.670
   435:     4460.670     4460.680     4460.680     4460.680     4460.680
   440:     4460.680     4460.680     4461.000     4461.000     4464.680
   445:     4465.680     4465.680     4470.670     4470.680     4649.760
   450:     4830.340     4830.340     4830.340     4830.350     4830.350
   455:     4830.350     4830.350     4830.350     4830.350     4834.350
   460:     4835.350     4835.350     4840.340     4840.350     4989.960
   465:     4989.960     4989.960     4989.970     4989.970     4989.970
   470:     4989.970     4989.970     4989.970     4993.970     4994.970
   475:     4994.970     4999.960     4999.970     5024.250     5024.930
   480:     5115.050     5115.050     5115.050     5115.060     5115.060
   485:     5115.060     5115.060     5115.060     5115.060     5119.060
   490:     5120.060     5120.060     5125.050     5125.060     5160.160
   495:     5274.780     5329.370     5332.010     5335.090     5337.780
   500:     5354.650     5362.080     5364.460     5367.890     5462.330
   505:     5462.330     5462.330     5462.340     5462.340     5462.340
   510:     5462.340     5462.340     5462.340     5466.340     5467.340
   515:     5467.340     5472.330     5472.340     5499.850     5499.850
   520:     5499.850     5499.860     5499.860     5499.860     5499.860
   525:     5499.860     5499.860     5503.860     5504.860     5504.860
   530:     5509.850     5509.860     5583.540     5583.540     5583.540
   535:     5583.550     5583.550     5583.550     5583.550     5583.550
   540:     5583.550     5587.550     5588.550     5588.550     5593.540
   545:     5593.550     5766.020     5807.720     5826.790     5874.370
   550:     5877.110     5880.000     5939.510     5939.510     5939.510
   555:     5939.520     5939.520     5939.520     5939.520     5939.520
   560:     5939.520     5940.620     5940.620     5943.520     5944.520
   565:     5944.520     5949.510     5949.520     5960.590     5966.270
   570:     6068.170     6112.960     6147.030     6147.030     6147.030
   575:     6147.040     6147.040     6147.040     6147.040     6147.040
   580:     6147.040     6151.040     6152.040     6152.040     6157.030
   585:     6157.040     6711.990     6815.670     6874.460     6909.140
   590:     6930.510     6931.610     6963.600     6995.860     7005.540
   595:     7005.540     7005.540     7005.550     7005.550     7005.550
   600:     7005.550     7005.550     7005.550     7009.550     7010.550
   605:     7010.550     7015.540     7015.550     7040.880     7040.880
   610:     7040.880     7040.890     7040.890     7040.890     7040.890
   615:     7040.890     7040.890     7041.030     7041.030     7041.740
   620:     7041.740     7044.890     7045.890     7045.890     7050.880
   625:     7050.890     7107.060     7107.060     7107.060     7107.070
   630:     7107.070     7107.070     7107.070     7107.070     7107.070
   635:     7111.070     7112.070     7112.070     7117.060     7117.070
   640:     7642.140     7676.380     7966.030     8436.540     8442.050
   645:     8445.340     8823.630     8893.690     8903.860     8904.260
   650:     9015.330     9015.470     9047.680     9079.280     9115.200
   655:     9152.140     9290.260     9445.400     9530.910     9556.080
   660:     9939.690     9940.400     9958.460     9976.150     9976.780
   665:    10012.340    10044.820    10048.310    10394.500    10399.390
   670:    10399.390    10399.390    10399.400    10399.400    10399.400
   675:    10399.400    10399.400    10399.400    10403.400    10404.400
   680:    10404.400    10409.390    10409.400    10410.910    10412.460
   685:    10412.830    10413.120    10414.120    10419.710    10421.230
   690:    10431.730    10439.710    10443.100    10495.230    10498.940
   695:    10527.310    10527.390    10527.480    10528.010    10533.620
   700:    10548.150    10556.290    10602.120    10737.760    10742.670
   705:    10750.950    10753.500    10782.310    10785.190    10787.730
   710:    10787.980    10800.000
