File: C:\MED-PC\Data\2024-10-23_13h12m_Subject 50.txt


Start Date: 10/23/24
End Date: 10/23/24
Subject: 50
Experiment: OralFentSA
Group: One
Box: 6
Start Time: 13:12:02
End Time: 16:12:17
MSN: 20241014_Golden_Liq_SelfAdmin
F:       0.000
G:     685.000
H:   10800.000
I:       0.000
J:       0.000
K:       0.000
L:       0.000
M:       0.000
N:       0.000
O:       0.000
P:       0.000
Q:       0.000
R:       0.000
S:       0.000
U:       0.000
V:       0.000
W:       0.000
X:       0.000
Y:       0.000
Z:       0.000
A:
     0:        0.000        0.000      180.000        4.000        0.000
     5:        5.000        0.000        5.000        0.000        0.000
    10:        1.000        0.000       10.000     1800.000       23.000
    15:        3.000      640.000        0.000        0.000        0.000
    20:        0.000
B:
     0:        0.000        0.000        0.000      400.000        0.000
     5:      500.000        0.000      500.000        0.000        0.000
    10:        0.000        0.000     1000.000   180000.000        0.000
    15:        0.000        0.000        0.000        0.000        0.000
    20:        0.000
C:
     0:       24.000       25.000        1.000        5.000      380.000
     5:     9271.880      295.550       17.000      551.060       32.415
    10:        5.000        1.000       21.000        0.000        0.000
    15:        0.000        0.000        0.000        0.000        0.000
    20:        0.000
D:
     0:       18.690        9.960       11.440       22.460        9.170
     5:       17.760       15.390       18.540       22.220        7.460
    10:       12.640        5.990        5.950        8.930       12.960
    15:       55.950      295.550
E:
     0:       19.000       11.000       26.000       27.000        6.000
     5:        6.000        6.000        6.000        6.000        6.000
    10:        6.000        6.000        6.000        6.000        6.000
    15:        6.000        6.000        6.000        6.000        6.000
    20:        6.000        6.000        6.000        6.000        6.000
    25:        6.000        6.000        6.000        6.000        6.000
    30:        6.000        6.000        6.000        6.000        6.000
    35:        6.000        6.000        6.000        6.000        6.000
    40:        6.000        6.000        6.000        6.000        6.000
    45:        6.000        6.000        6.000        6.000        6.000
    50:        6.000        6.000        6.000        6.000        6.000
    55:        6.000        6.000        6.000        6.000        6.000
    60:        6.000        6.000        6.000        6.000        6.000
    65:        6.000        6.000        6.000        6.000        6.000
    70:        6.000        6.000        6.000        6.000        6.000
    75:        6.000        6.000        6.000        6.000        6.000
    80:        6.000        6.000        6.000        6.000        6.000
    85:        6.000        6.000        6.000        6.000        6.000
    90:        6.000        6.000        1.000        6.000        6.000
    95:        6.000        6.000        6.000        6.000        6.000
   100:        6.000        6.000        6.000        6.000        6.000
   105:        6.000        6.000        6.000        6.000        6.000
   110:        6.000        6.000        6.000        6.000        6.000
   115:        6.000        6.000        6.000       25.000       24.000
   120:       12.000       13.000        8.000        5.000       17.000
   125:       18.000       14.000       10.000       19.000       11.000
   130:        6.000        6.000        6.000        6.000        6.000
   135:        6.000        6.000        6.000        6.000        6.000
   140:        6.000        6.000        6.000        6.000        6.000
   145:        6.000        6.000        6.000        6.000        6.000
   150:        6.000        6.000        6.000        6.000        6.000
   155:        6.000        6.000        6.000        6.000        6.000
   160:        6.000        6.000        6.000        6.000        6.000
   165:        6.000        6.000        6.000        6.000        6.000
   170:        6.000        6.000        6.000        6.000        6.000
   175:        6.000        6.000        6.000        6.000        6.000
   180:        6.000        6.000        6.000        6.000        6.000
   185:        6.000        6.000        6.000        6.000        6.000
   190:        6.000        6.000        6.000        6.000        6.000
   195:        6.000        6.000        6.000        6.000        6.000
   200:        6.000        6.000        6.000        6.000        6.000
   205:        6.000        2.000        4.000       22.000       24.000
   210:       12.000       13.000        8.000        5.000       17.000
   215:       18.000       14.000       10.000       21.000       22.000
   220:       19.000       11.000        2.000        4.000       22.000
   225:       24.000       12.000       13.000        8.000        5.000
   230:       17.000       18.000       14.000       10.000        6.000
   235:       19.000       11.000        6.000        6.000        6.000
   240:        6.000       30.000       24.000       12.000       13.000
   245:        8.000        5.000       17.000       18.000       14.000
   250:       10.000       19.000       11.000        6.000        6.000
   255:        6.000        6.000        6.000        6.000       30.000
   260:       24.000       12.000       13.000        8.000        5.000
   265:       17.000       18.000       14.000       10.000       19.000
   270:       11.000        6.000        6.000        6.000        6.000
   275:        6.000        6.000        6.000        6.000        6.000
   280:        6.000        6.000        6.000        6.000        6.000
   285:        6.000        6.000        6.000        6.000        6.000
   290:        6.000        6.000        6.000        6.000        6.000
   295:        6.000        6.000        6.000        6.000        6.000
   300:        6.000        6.000        6.000        6.000        6.000
   305:        6.000        6.000        6.000        6.000        6.000
   310:        6.000        6.000        6.000        6.000        6.000
   315:        6.000        6.000        6.000        6.000       30.000
   320:       24.000       12.000       13.000        8.000        5.000
   325:       17.000       18.000       14.000       10.000        6.000
   330:        6.000       19.000       11.000        6.000        6.000
   335:        6.000        6.000        6.000        6.000        6.000
   340:        6.000        6.000        6.000        6.000        6.000
   345:        6.000        6.000       30.000       24.000       12.000
   350:       13.000        8.000        5.000       17.000       18.000
   355:       14.000       10.000       19.000       11.000        6.000
   360:       30.000       24.000       12.000       13.000        8.000
   365:        5.000       17.000       18.000       14.000       10.000
   370:       19.000       11.000       30.000       24.000       12.000
   375:       13.000        8.000        5.000       17.000       18.000
   380:       14.000       10.000       19.000       11.000        2.000
   385:        4.000       22.000       24.000       12.000       13.000
   390:        8.000        5.000       17.000       30.000       12.000
   395:       18.000       14.000       10.000       19.000       11.000
   400:        6.000        6.000        6.000        6.000       30.000
   405:       24.000       12.000       13.000        8.000        5.000
   410:       17.000       18.000       14.000       10.000       19.000
   415:       11.000        6.000       30.000       24.000       12.000
   420:       13.000        8.000        5.000       17.000       18.000
   425:       14.000       10.000       19.000       11.000        6.000
   430:        6.000       30.000       24.000       12.000       13.000
   435:        8.000        5.000       17.000       18.000       14.000
   440:       10.000        6.000        6.000       19.000       11.000
   445:       30.000       24.000       12.000       13.000        8.000
   450:        5.000       17.000       18.000       14.000       10.000
   455:       19.000       11.000       30.000       24.000       12.000
   460:       13.000        8.000        5.000       17.000       18.000
   465:       14.000       10.000       19.000       11.000        6.000
   470:       30.000       24.000       12.000       13.000        8.000
   475:        5.000       17.000       18.000       14.000       10.000
   480:        6.000       19.000       11.000        6.000        6.000
   485:        6.000        6.000        6.000        6.000       30.000
   490:       24.000       12.000       13.000        8.000        5.000
   495:       17.000       18.000       14.000       10.000       19.000
   500:       11.000       30.000       24.000       12.000       13.000
   505:        8.000        5.000       17.000       18.000       14.000
   510:       10.000       19.000       11.000       30.000       24.000
   515:       12.000       13.000        8.000        5.000       17.000
   520:       18.000       14.000       10.000       19.000       11.000
   525:       30.000       24.000       12.000       13.000        8.000
   530:        5.000       17.000       18.000       14.000       10.000
   535:        6.000       19.000       11.000        6.000        6.000
   540:        6.000        6.000        6.000        6.000        6.000
   545:        6.000        6.000       30.000       24.000       12.000
   550:       13.000        8.000        5.000       17.000       18.000
   555:       14.000       10.000        6.000        6.000       19.000
   560:       11.000        6.000        6.000        6.000        6.000
   565:        6.000        6.000        6.000        6.000        6.000
   570:        6.000        6.000        6.000        6.000        6.000
   575:        6.000        6.000        6.000        6.000        6.000
   580:        6.000        6.000        2.000        4.000       22.000
   585:       24.000       12.000       13.000        8.000        5.000
   590:       17.000       18.000       14.000       10.000       19.000
   595:       11.000        6.000        6.000        6.000        6.000
   600:        6.000        6.000        6.000        6.000        6.000
   605:        6.000        6.000        6.000        6.000        6.000
   610:        6.000        6.000        6.000        6.000        6.000
   615:        6.000        6.000        6.000        6.000        6.000
   620:        6.000        6.000        6.000        6.000        6.000
   625:        6.000        6.000       25.000       24.000       12.000
   630:       13.000        8.000        5.000       17.000       18.000
   635:       14.000       10.000       19.000       11.000        6.000
   640:        6.000        6.000        6.000        6.000        6.000
   645:        6.000        6.000        6.000        6.000        6.000
   650:        6.000        6.000        6.000        6.000       25.000
   655:       24.000       12.000       13.000        8.000        5.000
   660:       17.000       18.000       14.000       10.000       19.000
   665:       11.000        6.000        6.000        6.000        6.000
   670:        6.000        6.000        6.000        6.000        6.000
   675:        6.000        6.000        6.000        6.000        6.000
   680:        6.000        6.000        6.000        6.000        6.000
   685:      100.000
T:
     0:        0.000        0.000        0.000        0.000       11.460
     5:       11.620       15.250       15.940       15.970       45.410
    10:       45.500       83.610       94.450      121.250      121.520
    15:      133.950      136.180      137.300      158.030      158.600
    20:      176.170      190.040      241.780      256.850      266.620
    25:      280.630      280.830      305.150      306.840      314.420
    30:      379.480      390.310      391.370      395.040      396.180
    35:      396.490      397.360      397.940      429.000      429.110
    40:      447.770      448.770      452.250      453.380      453.560
    45:      456.880      490.010      496.520      581.930      582.050
    50:      582.640      582.720      582.830      589.280      590.300
    55:      614.920      615.550      631.250      631.510      632.480
    60:      679.920      694.370      695.120      702.610      753.270
    65:      753.610      753.830      763.170      766.270      786.550
    70:      813.170      820.510      821.200      821.500      821.560
    75:      822.020      822.670      826.350      834.840      923.910
    80:      934.630     1084.200     1084.320     1084.410     1091.430
    85:     1092.970     1099.070     1100.910     1101.390     1118.150
    90:     1123.340     1128.760     1175.470     1190.570     1207.320
    95:     1282.580     1285.290     1286.830     1287.750     1287.940
   100:     1288.760     1288.990     1289.390     1290.780     1301.010
   105:     1301.610     1502.260     1502.400     1502.560     1503.060
   110:     1530.310     1578.200     1579.270     1579.630     1661.660
   115:     1674.450     1677.620     1682.530     1799.990     1800.000
   120:     1800.000     1800.000     1800.000     1800.000     1800.000
   125:     1804.000     1805.000     1805.000     1809.990     1810.000
   130:     1818.690     1823.530     1824.120     1825.590     1826.360
   135:     1832.160     1833.150     1834.380     1850.520     1850.610
   140:     1851.820     1878.890     1934.400     2249.190     2301.740
   145:     2301.820     2327.350     2334.850     2336.710     2339.350
   150:     2359.090     2366.660     2407.250     2407.570     2407.700
   155:     2491.700     2499.240     2499.660     2500.400     2502.620
   160:     2517.520     2571.070     2776.430     2797.800     2801.250
   165:     2817.250     2818.580     2828.200     2864.050     2868.460
   170:     2899.650     2902.040     2933.950     2962.990     2967.610
   175:     2998.230     2998.320     2998.570     3001.880     3013.210
   180:     3014.950     3040.190     3040.600     3040.870     3040.980
   185:     3073.160     3076.590     3102.470     3156.580     3157.690
   190:     3245.170     3245.260     3247.110     3247.390     3247.730
   195:     3248.060     3249.430     3249.510     3253.720     3254.300
   200:     3321.460     3333.390     3334.590     3337.100     3351.530
   205:     3356.100     3554.240     3554.240     3554.240     3554.250
   210:     3554.250     3554.250     3554.250     3554.250     3554.250
   215:     3558.250     3559.250     3559.250     3562.480     3562.480
   220:     3564.240     3564.250     3564.360     3564.360     3564.360
   225:     3564.370     3564.370     3564.370     3564.370     3564.370
   230:     3564.370     3568.370     3569.370     3569.370     3574.330
   235:     3574.360     3574.370     3606.450     3619.540     3636.850
   240:     3637.580     3639.940     3639.940     3639.940     3639.940
   245:     3639.940     3639.940     3639.940     3643.940     3644.940
   250:     3644.940     3649.930     3649.940     3651.380     3655.150
   255:     3655.590     3664.250     3677.090     3692.460     3715.920
   260:     3715.920     3715.920     3715.920     3715.920     3715.920
   265:     3715.920     3719.920     3720.920     3720.920     3725.910
   270:     3725.920     3738.380     3746.780     3748.300     3748.420
   275:     3748.720     3755.280     3757.930     3757.960     3758.300
   280:     3758.490     3777.890     3779.610     3781.890     3782.200
   285:     3806.990     3848.360     3848.410     3849.020     3849.560
   290:     3850.250     3850.690     3850.710     3854.210     3854.660
   295:     3856.960     3857.510     3858.520     3858.800     3858.880
   300:     3859.940     3863.360     3863.930     3864.380     3864.500
   305:     3868.220     3873.180     3873.700     3873.840     3873.900
   310:     3874.120     3874.180     3874.260     3881.100     3890.230
   315:     3891.360     3891.600     3891.730     3891.790     3901.260
   320:     3901.260     3901.260     3901.260     3901.260     3901.260
   325:     3901.260     3905.260     3906.260     3906.260     3910.430
   330:     3910.560     3911.250     3911.260     3914.850     3916.160
   335:     3916.550     3918.960     3919.710     3929.510     3931.090
   340:     3934.230     3935.600     3935.690     3939.090     3951.920
   345:     3952.770     3955.160     3965.120     3965.120     3965.120
   350:     3965.120     3965.120     3965.120     3965.120     3969.120
   355:     3970.120     3970.120     3975.110     3975.120     3982.880
   360:     4012.980     4012.980     4012.980     4012.980     4012.980
   365:     4012.980     4012.980     4016.980     4017.980     4017.980
   370:     4022.970     4022.980     4043.810     4043.810     4043.810
   375:     4043.810     4043.810     4043.810     4043.810     4047.810
   380:     4048.810     4048.810     4053.800     4053.810     4061.610
   385:     4061.610     4061.610     4061.620     4061.620     4061.620
   390:     4061.620     4061.620     4061.620     4062.750     4062.750
   395:     4065.620     4066.620     4066.620     4071.610     4071.620
   400:     4078.140     4086.360     4086.400     4101.750     4148.480
   405:     4148.480     4148.480     4148.480     4148.480     4148.480
   410:     4148.480     4152.480     4153.480     4153.480     4158.470
   415:     4158.480     4167.020     4300.690     4300.690     4300.690
   420:     4300.690     4300.690     4300.690     4300.690     4304.690
   425:     4305.690     4305.690     4310.680     4310.690     4322.910
   430:     4329.490     4341.040     4341.040     4341.040     4341.040
   435:     4341.040     4341.040     4341.040     4345.040     4346.040
   440:     4346.040     4348.500     4348.530     4351.030     4351.040
   445:     4354.360     4354.360     4354.360     4354.360     4354.360
   450:     4354.360     4354.360     4358.360     4359.360     4359.360
   455:     4364.350     4364.360     4395.230     4395.230     4395.230
   460:     4395.230     4395.230     4395.230     4395.230     4399.230
   465:     4400.230     4400.230     4405.220     4405.230     4407.870
   470:     4411.350     4411.350     4411.350     4411.350     4411.350
   475:     4411.350     4411.350     4415.350     4416.350     4416.350
   480:     4417.340     4421.340     4421.350     4429.880     4446.310
   485:     4451.850     4466.010     4469.900     4489.700     4509.190
   490:     4509.190     4509.190     4509.190     4509.190     4509.190
   495:     4509.190     4513.190     4514.190     4514.190     4519.180
   500:     4519.190     4599.370     4599.370     4599.370     4599.370
   505:     4599.370     4599.370     4599.370     4603.370     4604.370
   510:     4604.370     4609.360     4609.370     4723.990     4723.990
   515:     4723.990     4723.990     4723.990     4723.990     4723.990
   520:     4727.990     4728.990     4728.990     4733.980     4733.990
   525:     4838.940     4838.940     4838.940     4838.940     4838.940
   530:     4838.940     4838.940     4842.940     4843.940     4843.940
   535:     4844.890     4848.930     4848.940     4868.690     4876.200
   540:     4889.060     4909.980     4914.130     4967.900     4969.030
   545:     4974.320     4983.440     5003.660     5003.660     5003.660
   550:     5003.660     5003.660     5003.660     5003.660     5007.660
   555:     5008.660     5008.660     5012.590     5012.830     5013.650
   560:     5013.660     5019.290     5024.050     5030.080     5043.860
   565:     5059.850     5080.950     5081.060     5084.550     5143.180
   570:     5152.990     5202.170     5427.280     5427.360     5438.120
   575:     5467.180     5552.260     5614.490     5618.710     5626.470
   580:     5642.680     5651.400     5651.870     5651.870     5651.870
   585:     5651.880     5651.880     5651.880     5651.880     5651.880
   590:     5651.880     5655.880     5656.880     5656.880     5661.870
   595:     5661.880     5664.840     5668.770     5680.030     5685.350
   600:     5688.220     5714.790     5718.120     5720.650     6027.600
   605:     6046.180     6066.220     6080.350     6124.390     6142.180
   610:     6173.280     6210.240     6215.040     6400.210     6420.880
   615:     6513.590     6513.860     6607.400     6611.350     6665.000
   620:     6684.620     6815.370     6974.610     6975.120     7062.730
   625:     7256.060     7276.780     7461.870     7461.880     7461.880
   630:     7461.880     7461.880     7461.880     7461.880     7465.880
   635:     7466.880     7466.880     7471.870     7471.880     7517.830
   640:     7796.190     7822.310     8079.990     8120.540     8194.150
   645:     8258.600     8322.660     8337.190     8431.750     8484.870
   650:     8485.420     8711.950     8875.860     8883.840     9271.870
   655:     9271.880     9271.880     9271.880     9271.880     9271.880
   660:     9271.880     9275.880     9276.880     9276.880     9281.870
   665:     9281.880     9567.430     9576.940     9756.580     9758.110
   670:     9772.630     9778.450     9799.190     9805.200     9857.620
   675:    10149.780    10184.070    10224.400    10289.180    10328.630
   680:    10510.160    10525.700    10592.790    10737.310    10762.260
   685:    10800.000
