File: C:\MED-PC\Data\2024-11-12_09h11m_Subject 39.txt


Start Date: 11/12/24
End Date: 11/12/24
Subject: 39
Experiment: OralFentSA
Group: One
Box: 7
Start Time: 09:11:43
End Time: 12:11:58
MSN: Golden_Liq_SelfAdmin_EXT
F:       0.000
G:     162.000
H:   10800.000
I:       0.000
J:       0.000
K:       0.000
L:       0.000
M:       0.000
N:       0.000
O:       0.000
P:       0.000
Q:       0.000
R:       0.000
S:       0.000
U:       0.000
V:       0.000
W:       0.000
X:       0.000
Y:       0.000
Z:       0.000
A:
     0:        0.000        0.000      180.000        4.000        0.000
     5:        5.000        0.000        5.000        0.000        0.000
    10:        1.000        0.000       10.000   100000.000       21.000
    15:       17.000      600.000        0.000        0.000        0.000
    20:        0.000
B:
     0:        0.000        0.000        0.000        0.000        0.000
     5:        0.000        0.000        0.000        0.000        0.000
    10:        0.000        0.000     1000.000 10000000.000        0.000
    15:        0.000        0.000        0.000        0.000        0.000
    20:        0.000
C:
     0:        0.000        5.000        0.000        4.000      130.000
     5:     8290.420     2154.680        4.000     7711.370     1927.843
    10:        4.000        0.000        0.000        0.000        0.000
    15:        0.000        0.000        0.000        0.000        0.000
    20:        0.000
D:
     0:       38.580      280.530     5237.580     2154.680
E:
     0:       19.000       11.000       26.000       27.000        6.000
     5:        6.000        6.000        6.000        2.000        4.000
    10:       22.000       24.000       12.000       19.000       11.000
    15:        6.000        6.000        6.000        6.000        6.000
    20:        6.000        6.000        6.000        6.000        6.000
    25:        6.000        6.000        6.000        6.000        6.000
    30:        6.000        6.000        6.000        6.000        6.000
    35:        6.000        6.000        6.000        6.000        6.000
    40:        6.000        6.000        6.000        6.000        6.000
    45:        6.000        6.000        6.000        2.000        4.000
    50:       22.000       24.000       12.000       19.000       11.000
    55:        6.000        6.000        6.000        6.000        6.000
    60:        6.000        6.000        6.000        6.000        6.000
    65:        6.000        6.000        6.000        6.000        6.000
    70:        6.000        6.000        6.000        6.000        6.000
    75:        6.000        6.000        6.000        6.000        6.000
    80:        6.000        6.000        6.000        6.000        6.000
    85:        6.000        6.000        2.000        4.000       22.000
    90:       24.000       12.000       19.000       11.000        6.000
    95:        6.000        6.000        6.000        6.000        6.000
   100:        6.000        6.000        6.000        6.000        6.000
   105:        6.000        6.000        6.000        6.000        6.000
   110:        6.000        6.000        6.000        6.000        6.000
   115:        6.000        6.000        6.000        6.000        6.000
   120:        6.000        6.000        6.000        6.000        6.000
   125:        6.000        6.000        6.000        6.000        6.000
   130:        6.000        6.000        6.000        6.000        6.000
   135:        6.000        6.000        6.000        6.000        6.000
   140:        6.000        6.000        6.000        6.000        2.000
   145:        4.000       22.000       24.000       12.000       19.000
   150:       11.000        6.000        6.000        6.000        6.000
   155:        6.000        6.000        6.000        6.000        6.000
   160:        6.000        6.000      100.000
T:
     0:        0.000        0.000        0.000        0.000        0.130
     5:        0.210        2.090       45.880       55.870       55.870
    10:       55.870       55.880       55.880       65.870       65.880
    15:       94.460       99.100      101.210      105.160      105.190
    20:      106.690      112.290      116.640      116.720      116.750
    25:      117.350      118.390      119.810      120.890      121.050
    30:      266.290      267.210      267.500      288.270      379.920
    35:      379.940      392.940      393.260      396.840      399.080
    40:      400.020      400.050      400.210      400.370      400.520
    45:      401.610      401.890      401.930      419.740      419.740
    50:      419.740      419.750      419.750      429.740      429.750
    55:      700.280      937.270      937.530      938.430      939.400
    60:      939.450      939.670      939.870      945.690      945.840
    65:      946.220      946.290      948.590      949.130      949.930
    70:      951.850      953.550      953.710      953.810      954.750
    75:      958.000      959.930      960.800      960.850      961.060
    80:      961.090      961.130      992.870      993.320     1083.710
    85:     1085.330     1085.800     2491.780     2491.780     2491.780
    90:     2491.790     2491.790     2501.780     2501.790     7729.370
    95:     7731.870     7732.600     7732.990     7733.070     7733.810
   100:     7733.850     7733.900     7734.040     7734.390     7734.500
   105:     7735.350     7737.380     7737.480     7737.550     7737.590
   110:     7737.710     7737.820     7738.360     7738.480     7738.600
   115:     7738.730     7738.860     7738.980     7739.110     7739.240
   120:     8153.860     8154.520     8154.600     8154.900     8154.960
   125:     8155.140     8155.250     8155.380     8155.520     8159.520
   130:     8159.620     8159.910     8160.150     8160.260     8160.890
   135:     8160.970     8161.230     8161.900     8162.020     8162.060
   140:     8163.360     8165.170     8165.740     8262.410     8290.410
   145:     8290.410     8290.410     8290.420     8290.420     8300.410
   150:     8300.420    10445.100    10446.120    10446.640    10446.810
   155:    10447.110    10447.150    10447.270    10447.390    10447.480
   160:    10447.640    10447.950    10800.000
