File: C:\MED-PC\Data\2024-10-30_08h56m_Subject 41.txt


Start Date: 10/30/24
End Date: 10/30/24
Subject: 41
Experiment: OralFentSA
Group: One
Box: 9
Start Time: 08:56:18
End Time: 11:57:00
MSN: 20241014_Golden_Liq_SelfAdmin
F:       0.000
G:    1101.000
H:   10800.000
I:       0.000
J:       0.000
K:       0.000
L:       0.000
M:       0.000
N:       0.000
O:       0.000
P:       0.000
Q:       0.000
R:       0.000
S:       0.000
U:       0.000
V:       0.000
W:       0.000
X:       0.000
Y:       0.000
Z:       0.000
A:
     0:        0.000        0.000      180.000        4.000        0.000
     5:        5.000        0.000        5.000        0.000        0.000
    10:        1.000        0.000       10.000   100000.000       19.200
    15:        8.000      640.000        0.000        0.000        0.000
    20:        0.000
B:
     0:        0.000        0.000        0.000      400.000        0.000
     5:      500.000        0.000      500.000        0.000        0.000
    10:        0.000        0.000     1000.000 10000000.000        0.000
    15:        0.000        0.000        0.000        0.000        0.000
    20:        0.000
C:
     0:       13.000       14.000        7.000       13.000      908.000
     5:    10302.250        9.050       12.000      195.890       16.324
    10:       13.000        7.000        0.000        0.000        0.000
    15:        0.000        0.000        0.000        0.000        0.000
    20:        0.000
D:
     0:        3.700        2.820       12.340       12.940        4.400
     5:       66.990        4.540       16.340        1.410        8.730
    10:       52.630        9.050
E:
     0:       19.000       11.000       26.000       27.000        6.000
     5:        6.000        6.000        6.000        6.000        6.000
    10:        6.000        6.000        6.000        6.000        6.000
    15:        6.000        6.000        6.000        6.000        6.000
    20:        6.000        6.000        6.000        6.000        6.000
    25:        6.000        6.000        6.000        6.000        6.000
    30:        6.000        6.000        6.000        6.000        6.000
    35:        6.000        6.000        6.000        6.000        6.000
    40:        6.000        6.000        6.000        6.000        6.000
    45:        6.000        6.000        6.000        6.000        2.000
    50:        4.000       22.000       24.000       12.000       13.000
    55:        8.000        5.000       17.000        6.000       18.000
    60:       14.000       10.000        6.000       19.000       11.000
    65:        6.000        6.000        6.000        6.000        6.000
    70:        6.000        6.000        6.000        6.000        6.000
    75:        6.000        6.000        6.000        6.000        6.000
    80:        6.000        6.000        6.000        6.000        6.000
    85:        6.000        6.000        6.000        6.000        6.000
    90:        6.000        6.000        6.000        6.000        6.000
    95:        6.000        6.000        6.000        6.000        6.000
   100:        6.000        6.000        6.000        6.000        6.000
   105:        6.000        6.000        6.000        6.000        6.000
   110:        6.000        6.000        6.000        6.000        6.000
   115:        6.000        6.000        6.000        6.000        6.000
   120:        6.000        6.000        6.000        6.000        6.000
   125:        6.000        6.000        6.000        6.000        6.000
   130:        6.000        6.000        6.000        6.000        6.000
   135:        6.000        6.000        6.000        6.000        6.000
   140:        6.000        6.000        6.000        6.000        6.000
   145:        6.000        6.000        6.000        6.000        6.000
   150:        6.000        6.000        6.000        6.000        6.000
   155:        6.000        6.000        6.000        6.000        6.000
   160:        6.000        6.000        6.000        6.000        6.000
   165:        6.000        6.000        6.000        6.000        6.000
   170:        6.000        6.000        6.000        6.000        6.000
   175:        6.000        6.000        6.000        6.000        6.000
   180:        6.000        6.000        6.000        6.000        6.000
   185:        6.000        6.000        6.000        6.000        6.000
   190:        6.000        6.000        6.000        6.000        6.000
   195:        6.000        6.000        6.000        6.000        6.000
   200:        6.000        6.000        2.000        4.000       22.000
   205:       24.000       12.000       13.000        8.000        5.000
   210:       17.000        6.000       18.000       14.000       10.000
   215:       19.000       11.000        6.000        6.000        6.000
   220:        6.000        6.000        6.000        6.000        6.000
   225:        6.000        6.000        6.000        6.000        6.000
   230:        6.000        6.000        6.000        6.000        6.000
   235:        6.000        6.000        6.000        6.000        6.000
   240:        6.000        6.000        6.000        6.000        6.000
   245:        6.000        6.000        6.000        6.000        6.000
   250:        6.000        6.000        6.000        6.000        6.000
   255:        6.000        6.000        6.000        6.000        6.000
   260:        6.000        6.000        6.000        6.000        6.000
   265:        6.000        6.000        6.000        6.000        6.000
   270:        6.000        6.000        6.000        6.000        6.000
   275:        6.000        6.000        6.000        6.000        6.000
   280:        6.000        6.000        6.000        6.000        6.000
   285:        6.000        6.000        6.000        6.000        6.000
   290:        6.000        6.000        6.000        6.000        6.000
   295:        6.000        6.000        6.000        6.000        6.000
   300:        1.000        6.000        6.000        6.000        6.000
   305:        6.000        6.000        6.000        6.000        6.000
   310:        6.000        6.000        6.000        6.000        6.000
   315:        6.000        6.000        6.000        6.000        6.000
   320:        6.000        6.000        6.000        6.000        6.000
   325:        6.000        6.000        6.000        6.000        2.000
   330:        4.000       22.000       24.000       12.000       13.000
   335:        8.000        5.000       17.000       18.000       14.000
   340:       10.000       19.000       11.000        6.000        6.000
   345:        6.000        6.000        6.000        6.000        2.000
   350:        4.000       22.000       24.000       12.000       13.000
   355:        8.000        5.000       17.000       18.000       14.000
   360:       10.000       19.000       11.000        6.000        6.000
   365:        6.000        6.000        6.000        6.000        6.000
   370:        6.000        6.000        6.000        6.000        6.000
   375:        6.000        6.000        6.000        6.000        6.000
   380:        6.000        6.000        6.000        6.000        6.000
   385:        6.000        6.000        6.000        6.000        6.000
   390:        6.000        6.000        6.000        6.000        6.000
   395:        6.000        6.000        6.000        6.000        6.000
   400:        6.000        6.000        6.000        6.000        6.000
   405:        6.000        6.000        6.000        6.000        6.000
   410:        6.000        6.000        6.000        6.000        6.000
   415:        6.000        6.000        6.000        6.000        6.000
   420:        6.000        6.000        6.000        6.000        6.000
   425:        6.000        6.000        6.000        6.000        6.000
   430:        6.000        6.000        6.000        6.000        6.000
   435:        6.000        6.000        6.000        6.000        6.000
   440:        2.000        4.000       22.000       24.000       12.000
   445:       13.000        8.000        5.000       17.000       18.000
   450:        6.000       14.000       10.000       19.000       11.000
   455:        6.000        6.000        1.000        2.000        4.000
   460:       22.000       24.000       12.000       13.000        8.000
   465:        5.000       17.000       18.000       14.000       10.000
   470:       19.000       11.000        6.000        6.000        6.000
   475:        6.000        6.000        6.000        6.000        6.000
   480:        6.000        6.000        6.000        6.000        6.000
   485:        6.000        6.000        6.000        6.000        6.000
   490:        6.000        6.000        6.000        6.000        6.000
   495:        6.000        6.000        6.000        6.000        2.000
   500:        4.000       22.000       24.000       12.000       13.000
   505:        8.000        5.000       17.000       18.000       14.000
   510:       10.000       19.000       11.000        2.000        4.000
   515:       22.000       24.000       12.000       13.000        8.000
   520:        5.000       17.000       18.000        6.000       14.000
   525:       10.000        6.000        6.000       19.000       11.000
   530:        2.000        4.000       22.000       24.000       12.000
   535:       13.000        8.000        5.000       17.000       18.000
   540:       14.000       10.000       19.000       11.000        6.000
   545:        6.000        6.000        6.000        6.000        6.000
   550:        6.000        6.000        6.000        6.000        6.000
   555:        6.000        6.000        6.000        6.000        6.000
   560:        6.000        6.000        6.000        6.000        6.000
   565:        6.000        6.000        6.000        6.000        6.000
   570:        6.000        6.000        6.000        6.000        6.000
   575:        6.000        6.000        6.000        6.000        6.000
   580:        6.000        6.000        6.000        6.000        6.000
   585:        6.000        6.000        6.000        6.000        6.000
   590:        6.000        1.000        6.000        6.000        6.000
   595:        6.000        6.000        6.000        6.000        6.000
   600:        6.000        6.000        6.000        6.000        6.000
   605:        6.000        6.000        6.000        6.000        6.000
   610:        6.000        6.000        6.000        6.000        6.000
   615:        6.000        6.000        6.000        6.000        6.000
   620:        6.000        6.000        6.000        6.000        6.000
   625:        6.000        6.000        6.000        6.000        6.000
   630:        6.000        6.000        6.000        6.000        6.000
   635:        6.000        6.000        6.000        6.000        6.000
   640:        6.000        6.000        6.000        6.000        6.000
   645:        6.000        6.000        6.000        6.000        6.000
   650:        6.000        6.000        6.000        6.000        6.000
   655:        6.000        6.000        6.000        6.000        6.000
   660:        6.000        6.000        6.000        6.000        6.000
   665:        6.000        6.000        6.000        6.000        6.000
   670:        6.000        6.000        6.000        6.000        6.000
   675:        6.000        6.000        6.000        6.000        6.000
   680:        6.000        6.000        6.000        6.000        6.000
   685:        6.000        6.000        1.000        6.000        6.000
   690:        6.000        6.000        6.000        6.000        6.000
   695:        6.000        6.000        6.000        6.000        6.000
   700:        6.000        1.000        1.000        2.000        4.000
   705:       22.000       24.000       12.000       13.000        8.000
   710:        5.000       17.000        6.000       18.000       14.000
   715:       10.000       19.000       11.000        2.000        4.000
   720:       22.000       24.000       12.000       13.000        8.000
   725:        5.000       17.000       18.000       14.000       10.000
   730:        6.000       19.000       11.000        6.000        6.000
   735:        6.000        6.000        6.000        2.000        4.000
   740:       22.000       24.000       12.000       13.000        8.000
   745:        5.000       17.000       18.000       14.000       10.000
   750:       19.000       11.000        6.000        6.000        6.000
   755:        6.000        6.000        6.000        6.000        6.000
   760:        6.000        6.000        6.000        6.000        6.000
   765:        6.000        6.000        6.000        6.000        6.000
   770:        6.000        6.000        6.000        6.000        6.000
   775:        6.000        6.000        6.000        6.000        6.000
   780:        6.000        6.000        6.000        6.000        6.000
   785:        6.000        6.000        6.000        6.000        6.000
   790:        6.000        6.000        6.000        6.000        6.000
   795:        6.000        6.000        6.000        6.000        6.000
   800:        6.000        6.000        6.000        6.000        6.000
   805:        6.000        6.000        6.000        6.000        6.000
   810:        6.000        6.000        6.000        6.000        6.000
   815:        6.000        6.000        6.000        6.000        6.000
   820:        6.000        6.000        6.000        6.000        6.000
   825:        6.000        6.000        6.000        6.000        6.000
   830:        6.000        6.000        6.000        6.000        6.000
   835:        6.000        6.000        6.000        6.000        6.000
   840:        6.000        6.000        6.000        6.000        6.000
   845:        6.000        6.000        6.000        6.000        6.000
   850:        6.000        6.000        6.000        6.000        6.000
   855:        6.000        6.000        6.000        6.000        6.000
   860:        6.000        6.000        6.000        6.000        6.000
   865:        6.000        6.000        6.000        6.000        6.000
   870:        6.000        6.000        6.000        6.000        6.000
   875:        6.000        6.000        6.000        6.000        6.000
   880:        6.000        6.000        6.000        6.000        6.000
   885:        6.000        6.000        6.000        6.000        6.000
   890:        6.000        6.000        6.000        6.000        6.000
   895:        6.000        6.000        6.000        6.000        6.000
   900:        6.000        6.000        6.000        6.000        6.000
   905:        6.000        6.000        6.000        6.000        6.000
   910:        6.000        6.000        6.000        6.000        6.000
   915:        6.000        6.000        6.000        6.000        6.000
   920:        6.000        6.000        6.000        6.000        6.000
   925:        6.000        6.000        6.000        6.000        6.000
   930:        6.000        6.000        6.000        6.000        6.000
   935:        6.000        6.000        6.000        6.000        6.000
   940:        6.000        6.000        6.000        6.000        6.000
   945:        6.000        6.000        6.000        6.000        6.000
   950:        6.000        6.000        6.000        6.000        6.000
   955:        6.000        6.000        6.000        6.000        6.000
   960:        6.000        6.000        6.000        6.000        6.000
   965:        6.000        6.000        6.000        6.000        6.000
   970:        6.000        6.000        6.000        6.000        6.000
   975:        6.000        6.000        6.000        6.000        6.000
   980:        6.000        6.000        6.000        6.000        6.000
   985:        6.000        6.000        6.000        6.000        6.000
   990:        6.000        6.000        6.000        6.000        6.000
   995:        6.000        6.000        6.000        6.000        6.000
  1000:        6.000        6.000        6.000        6.000        6.000
  1005:        6.000        6.000        6.000        6.000        6.000
  1010:        6.000        6.000        6.000        6.000        6.000
  1015:        6.000        6.000        6.000        6.000        6.000
  1020:        6.000        6.000        6.000        6.000        6.000
  1025:        6.000        6.000        6.000        6.000        6.000
  1030:        6.000        6.000        6.000        6.000        6.000
  1035:        6.000        6.000        6.000        6.000        6.000
  1040:        6.000        6.000        6.000        6.000        6.000
  1045:        6.000        6.000        6.000        6.000        6.000
  1050:        6.000        6.000        6.000        6.000        6.000
  1055:        6.000        6.000        1.000        6.000        6.000
  1060:        6.000        6.000        6.000        6.000        6.000
  1065:        6.000        6.000        2.000        4.000       22.000
  1070:       24.000       12.000       13.000        8.000        5.000
  1075:       17.000       18.000       14.000       10.000        6.000
  1080:        6.000       19.000       11.000        6.000        6.000
  1085:        6.000        6.000        6.000        6.000        6.000
  1090:        6.000        6.000        6.000        6.000        6.000
  1095:        6.000        6.000        6.000        6.000        6.000
  1100:        6.000      100.000
T:
     0:        0.000        0.000        0.000        0.000        5.060
     5:       18.220       45.700      124.140      173.710      186.340
    10:      186.590      194.640      317.170      322.940      339.000
    15:      346.940      358.630      358.730      358.810      359.310
    20:      359.450      502.560      677.470      679.830      680.890
    25:      681.490      711.310      788.970      881.420      883.200
    30:      884.120      884.320      884.500      884.550      884.680
    35:      899.290      899.560      901.180      901.540      903.420
    40:      903.480      904.030      919.290      925.010      925.800
    45:      929.730      938.740      978.730     1030.740     1064.410
    50:     1064.410     1064.410     1064.420     1064.420     1064.420
    55:     1064.420     1064.420     1064.420     1068.120     1068.420
    60:     1069.420     1069.420     1071.350     1074.410     1074.420
    65:     1100.620     1106.710     1117.990     1120.840     1121.300
    70:     1127.740     1133.480     1134.490     1137.140     1173.280
    75:     1176.480     1221.450     1241.290     1241.500     1242.060
    80:     1242.470     1242.580     1242.790     1242.890     1243.300
    85:     1244.650     1244.830     1245.720     1245.870     1250.360
    90:     1251.070     1251.480     1251.550     1251.730     1252.870
    95:     1321.180     1321.840     1325.040     1326.430     1326.500
   100:     1326.690     1326.750     1326.840     1327.080     1327.290
   105:     1327.380     1327.490     1327.620     1327.710     1327.780
   110:     1327.860     1327.950     1328.060     1328.180     1328.300
   115:     1328.410     1328.510     1328.780     1328.880     1328.950
   120:     1329.440     1329.670     1329.830     1367.380     1367.540
   125:     1368.950     1369.190     1447.320     1476.010     1540.400
   130:     1592.670     1597.400     1597.530     1597.830     1598.030
   135:     1598.210     1598.340     1598.430     1598.970     1599.430
   140:     1599.570     1599.880     1602.260     1602.760     1603.440
   145:     1676.480     1677.300     1678.090     1678.200     1678.380
   150:     1678.610     1678.710     1681.030     1681.140     1681.290
   155:     1684.090     1695.300     1695.390     1715.700     1746.100
   160:     1747.730     1748.750     1749.830     1749.930     1750.090
   165:     1750.300     1750.480     1750.580     1750.840     1750.920
   170:     1750.990     1751.270     1751.360     1751.430     1751.730
   175:     1756.860     1757.040     1757.240     1757.310     1757.410
   180:     1757.650     1757.990     1758.060     1758.160     1760.330
   185:     1760.490     1760.750     1761.880     1836.760     1973.820
   190:     1975.560     1975.610     1975.750     1976.320     1976.610
   195:     2026.030     2026.340     2082.210     2082.550     2083.810
   200:     2159.760     2184.240     2219.000     2219.000     2219.000
   205:     2219.010     2219.010     2219.010     2219.010     2219.010
   210:     2219.010     2221.830     2223.010     2224.010     2224.010
   215:     2229.000     2229.010     2237.460     2239.050     2250.660
   220:     2279.200     2309.860     2365.610     2400.530     2447.990
   225:     2448.150     2499.610     2499.870     2501.670     2701.080
   230:     2703.530     2853.620     2893.870     2894.590     2919.070
   235:     2932.100     2953.040     2953.510     2957.290     2957.440
   240:     2959.910     2976.950     2977.170     2977.380     2977.540
   245:     2978.280     3001.090     3001.160     3001.380     3003.030
   250:     3008.080     3011.180     3011.500     3027.800     3029.770
   255:     3042.980     3049.490     3049.560     3051.930     3052.110
   260:     3052.200     3052.700     3053.020     3053.290     3060.480
   265:     3060.980     3063.720     3064.580     3068.470     3069.460
   270:     3070.280     3070.730     3072.900     3075.850     3079.310
   275:     3079.420     3080.980     3081.090     3081.210     3081.340
   280:     3082.700     3083.160     3083.210     3083.270     3084.210
   285:     3088.470     3088.620     3088.850     3089.110     3089.450
   290:     3089.780     3089.960     3090.000     3090.140     3090.330
   295:     3091.530     3100.260     3102.230     3103.280     3103.800
   300:     3123.630     3135.230     3161.220     3162.130     3163.220
   305:     3198.720     3203.940     3204.880     3204.990     3207.940
   310:     3207.990     3213.300     3235.870     3236.330     3236.380
   315:     3236.440     3238.500     3239.370     3279.750     3285.250
   320:     3298.860     3300.080     3300.740     3304.570     3320.080
   325:     3320.170     3326.820     3327.700     3330.480     3339.210
   330:     3339.210     3339.210     3339.220     3339.220     3339.220
   335:     3339.220     3339.220     3339.220     3343.220     3344.220
   340:     3344.220     3349.210     3349.220     3351.560     3369.180
   345:     3369.600     3370.610     3371.150     3394.520     3405.170
   350:     3405.170     3405.170     3405.180     3405.180     3405.180
   355:     3405.180     3405.180     3405.180     3409.180     3410.180
   360:     3410.180     3415.170     3415.180     3418.120     3418.180
   365:     3418.330     3424.020     3424.230     3426.480     3437.820
   370:     3438.040     4192.280     4204.880     4205.480     4207.980
   375:     4208.840     4209.010     4209.350     4209.790     4210.310
   380:     4210.560     4210.640     4210.760     4245.840     4377.380
   385:     4439.640     4459.040     4581.410     4581.460     4588.810
   390:     4589.720     4590.130     4590.270     4590.630     4644.750
   395:     4646.630     4649.840     4659.170     4659.320     4662.710
   400:     4664.230     4664.350     4664.610     4664.700     4665.240
   405:     4667.030     4678.310     4678.330     4693.640     4694.940
   410:     4695.700     4696.270     4697.080     4697.120     4697.190
   415:     4697.340     4697.540     4697.680     4698.940     4698.970
   420:     4699.000     4699.550     4700.380     4701.000     4701.730
   425:     4702.330     4702.980     4703.590     4729.980     4748.820
   430:     4754.650     4755.410     5073.370     5110.810     5166.030
   435:     5166.200     5174.710     5174.960     5175.330     5176.280
   440:     5232.320     5232.320     5232.320     5232.330     5232.330
   445:     5232.330     5232.330     5232.330     5232.330     5236.330
   450:     5236.730     5237.330     5237.330     5242.320     5242.330
   455:     5377.110     5380.010     5450.920     5468.560     5468.560
   460:     5468.560     5468.570     5468.570     5468.570     5468.570
   465:     5468.570     5468.570     5472.570     5473.570     5473.570
   470:     5478.560     5478.570     5535.560     5538.870     5538.990
   475:     5539.360     5591.450     5631.760     6040.520     6041.570
   480:     6041.660     6041.780     6041.920     6074.300     6074.660
   485:     6114.780     6115.040     6153.040     6182.660     6183.230
   490:     6186.090     6186.380     6187.400     6188.590     6238.380
   495:     6238.930     6247.720     6319.700     6322.220     6332.390
   500:     6332.390     6332.390     6332.400     6332.400     6332.400
   505:     6332.400     6332.400     6332.400     6336.400     6337.400
   510:     6337.400     6342.390     6342.400     6344.310     6344.310
   515:     6344.310     6344.320     6344.320     6344.320     6344.320
   520:     6344.320     6344.320     6348.320     6348.860     6349.320
   525:     6349.320     6352.930     6353.460     6354.310     6354.320
   530:     6365.690     6365.690     6365.690     6365.700     6365.700
   535:     6365.700     6365.700     6365.700     6365.700     6369.700
   540:     6370.700     6370.700     6375.690     6375.700     6382.040
   545:     6643.780     6741.480     6741.700     6741.770     6742.440
   550:     6742.630     6769.040     6784.320     6790.480     6790.750
   555:     6793.660     6909.430     7042.910     7056.630     7064.130
   560:     7073.290     7137.630     7159.110     7159.310     7197.430
   565:     7197.640     7215.060     7218.460     7227.610     7227.990
   570:     7300.750     7301.010     7400.300     7402.210     7444.640
   575:     7528.320     7535.870     7726.910     7727.180     7734.740
   580:     7734.960     7736.290     7736.430     7736.530     7736.730
   585:     7785.730     7818.480     7818.510     7823.020     7836.380
   590:     7849.280     7918.820     7944.970     7961.810     7963.240
   595:     7963.420     7963.680     7963.830     7980.050     7980.100
   600:     7980.160     7992.880     7995.000     7995.460     7995.590
   605:     7996.050     8003.210     8003.400     8003.490     8007.220
   610:     8007.240     8007.330     8010.100     8021.120     8021.770
   615:     8022.970     8023.180     8023.260     8033.040     8045.250
   620:     8048.980     8049.240     8049.590     8049.620     8058.270
   625:     8066.990     8070.630     8071.770     8072.220     8073.720
   630:     8073.760     8073.820     8073.920     8074.160     8074.670
   635:     8075.170     8076.060     8076.260     8076.510     8076.730
   640:     8077.780     8078.140     8078.390     8079.480     8080.010
   645:     8080.240     8080.310     8080.640     8080.830     8081.450
   650:     8099.120     8099.150     8101.840     8101.960     8104.150
   655:     8104.870     8105.250     8137.870     8141.320     8141.590
   660:     8142.220     8142.390     8142.630     8142.790     8142.930
   665:     8144.610     8147.890     8148.590     8148.690     8148.750
   670:     8149.410     8149.580     8149.700     8149.880     8152.250
   675:     8190.210     8190.580     8190.860     8190.910     8215.620
   680:     8229.750     8229.970     8230.800     8234.750     8236.610
   685:     8236.820     8236.940     8254.210     8276.330     8277.620
   690:     8279.880     8296.170     8296.220     8296.280     8296.460
   695:     8296.580     8300.180     8314.040     8314.090     8322.450
   700:     8361.530     8407.650     8418.710     8435.970     8435.970
   705:     8435.970     8435.980     8435.980     8435.980     8435.980
   710:     8435.980     8435.980     8437.390     8439.980     8440.980
   715:     8440.980     8445.970     8445.980     8452.100     8452.100
   720:     8452.100     8452.110     8452.110     8452.110     8452.110
   725:     8452.110     8452.110     8456.110     8457.110     8457.110
   730:     8460.840     8462.100     8462.110     8465.030     8465.440
   735:     8519.740     8530.970     8531.060     8544.470     8544.470
   740:     8544.470     8544.480     8544.480     8544.480     8544.480
   745:     8544.480     8544.480     8548.480     8549.480     8549.480
   750:     8554.470     8554.480     8597.110     8599.350     8599.530
   755:     8599.710     8599.800     8653.910     8661.600     8662.290
   760:     8662.340     8662.520     8662.630     8730.790     8731.050
   765:     8759.600     8772.410     8773.460     8773.670     8773.830
   770:     8773.980     8774.140     8777.540     8801.560     8801.590
   775:     8802.200     8802.340     8802.820     8838.970     8839.070
   780:     8839.100     8839.600     8841.140     8841.250     8841.350
   785:     8846.960     8849.390     8850.340     8850.610     8861.590
   790:     8861.730     8862.260     8862.450     8862.600     8862.800
   795:     8863.050     8863.410     8863.580     8870.570     8870.740
   800:     8870.940     8871.050     8871.100     8871.190     8871.510
   805:     8872.400     8872.490     8872.660     8873.080     8873.290
   810:     8875.600     8875.650     8926.450     8926.790     8926.820
   815:     8926.990     8927.190     8930.090     8930.450     8932.250
   820:     8932.340     8936.550     8981.900     8982.000     8982.940
   825:     8983.100     8983.220     8983.320     8983.390     8983.620
   830:     8983.880     8984.230     8984.570     8984.780     8985.180
   835:     8985.540     8986.650     8986.720     9010.930     9011.410
   840:     9043.310     9043.450     9055.360     9055.500     9056.210
   845:     9057.030     9062.500     9062.730     9063.330     9063.810
   850:     9065.850     9069.490     9080.280     9081.980     9084.490
   855:     9084.670     9086.210     9087.350     9087.440     9096.600
   860:     9104.240     9106.170     9106.270     9112.410     9112.630
   865:     9112.780     9113.080     9113.180     9113.480     9113.570
   870:     9113.670     9113.760     9117.660     9162.700     9174.060
   875:     9175.260     9175.390     9176.230     9176.340     9176.500
   880:     9177.180     9177.280     9177.740     9177.840     9177.940
   885:     9177.970     9206.260     9206.510     9207.450     9207.490
   890:     9207.660     9207.960     9211.010     9211.630     9212.530
   895:     9218.750     9218.880     9296.150     9296.480     9301.940
   900:     9303.780     9303.830     9311.510     9311.730     9312.050
   905:     9313.530     9340.610     9351.290     9353.440     9384.300
   910:     9385.780     9385.970     9387.100     9387.320     9390.090
   915:     9390.280     9391.900     9396.030     9402.150     9406.980
   920:     9407.170     9408.260     9409.000     9409.060     9410.520
   925:     9411.490     9411.920     9412.620     9412.690     9413.520
   930:     9413.680     9413.810     9419.940     9428.790     9442.850
   935:     9444.340     9446.710     9447.090     9447.680     9451.800
   940:     9454.420     9455.270     9461.150     9461.260     9461.490
   945:     9462.220     9465.270     9465.310     9465.360     9468.050
   950:     9503.370     9512.690     9517.580     9518.880     9519.110
   955:     9519.290     9519.570     9521.060     9522.440     9522.570
   960:     9522.750     9522.840     9522.880     9523.020     9523.190
   965:     9523.420     9529.100     9534.410     9534.910     9535.160
   970:     9543.870     9544.250     9551.880     9555.640     9564.340
   975:     9565.520     9566.940     9567.020     9567.190     9569.010
   980:     9579.820     9581.090     9581.580     9582.060     9583.480
   985:     9584.720     9585.350     9587.670     9589.740     9592.130
   990:     9595.100     9596.470     9601.840     9603.020     9605.110
   995:     9605.280     9605.400     9609.030     9612.440     9613.100
  1000:     9696.130     9696.610     9731.120     9903.780     9947.820
  1005:     9948.030     9962.190     9988.770     9989.000     9990.980
  1010:     9991.150     9991.460     9995.860     9996.810    10010.860
  1015:    10016.550    10016.630    10016.730    10047.160    10061.420
  1020:    10064.910    10065.170    10067.070    10067.670    10067.980
  1025:    10068.250    10068.310    10068.350    10068.650    10068.690
  1030:    10068.720    10068.780    10069.910    10069.950    10070.030
  1035:    10070.350    10070.920    10071.610    10071.750    10071.830
  1040:    10071.880    10072.130    10072.320    10073.750    10073.840
  1045:    10074.110    10074.280    10074.490    10074.780    10128.120
  1050:    10133.200    10134.280    10144.610    10163.370    10166.500
  1055:    10167.740    10169.370    10210.870    10261.490    10262.260
  1060:    10263.670    10264.340    10264.490    10276.450    10283.630
  1065:    10286.720    10287.090    10302.240    10302.240    10302.240
  1070:    10302.250    10302.250    10302.250    10302.250    10302.250
  1075:    10302.250    10306.250    10307.250    10307.250    10311.300
  1080:    10311.370    10312.240    10312.250    10324.110    10324.180
  1085:    10324.360    10332.700    10340.620    10341.110    10353.360
  1090:    10369.230    10371.050    10540.100    10548.690    10572.360
  1095:    10657.160    10696.700    10696.980    10702.510    10702.720
  1100:    10703.370    10800.000
