File: C:\MED-PC\Data\2024-11-07_15h44m_Subject 54.txt


Start Date: 11/07/24
End Date: 11/07/24
Subject: 54
Experiment: OralFentSA
Group: One
Box: 10
Start Time: 15:44:53
End Time: 18:43:45
MSN: 20241014Golden_Liq_SelfAdmin
F:       0.000
G:     696.000
H:   10724.610
I:       0.000
J:       0.000
K:       0.000
L:       0.000
M:       0.000
N:       0.000
O:       0.000
P:       0.000
Q:       0.000
R:       0.000
S:       0.000
U:       0.000
V:       0.000
W:       0.000
X:       0.000
Y:       0.000
Z:       0.000
A:
     0:        0.000        0.000      180.000        4.000        0.000
     5:        5.000        0.000        5.000        0.000        0.000
    10:        1.000        0.000       10.000   100000.000       36.000
    15:       14.000      640.000        0.000        0.000        0.000
    20:        0.000
B:
     0:        0.000        0.000        0.000      400.000        0.000
     5:      500.000        0.000      500.000        0.000        0.000
    10:        0.000        0.000     1000.000 10000000.000        0.000
    15:        0.000        0.000        0.000        0.000        0.000
    20:        0.000
C:
     0:       39.000       40.000       13.000       46.000      119.000
     5:    10114.200      137.500       20.000     3261.170      163.059
    10:       46.000       13.000        0.000        0.000        0.000
    15:        0.000        0.000        0.000        0.000        0.000
    20:        0.000
D:
     0:       18.010      128.270       54.570       41.990       31.220
     5:      489.310        7.430       18.900        1.140      198.540
    10:       36.310      241.420       62.010        2.100       91.190
    15:       16.110        7.440        5.620     1672.090      137.500
E:
     0:       19.000       11.000       26.000       27.000        2.000
     5:        4.000       22.000       24.000       12.000       13.000
    10:        8.000        5.000       17.000       18.000       20.000
    15:       14.000       10.000       20.000       19.000       11.000
    20:        2.000        4.000       22.000       24.000       12.000
    25:       13.000        8.000        5.000       17.000       18.000
    30:       14.000       10.000       19.000       11.000        6.000
    35:        6.000        2.000        4.000       22.000       24.000
    40:       12.000       13.000        8.000        5.000       17.000
    45:       18.000       14.000       10.000       19.000       11.000
    50:        1.000        6.000        1.000        6.000        2.000
    55:        4.000       22.000       24.000       12.000       13.000
    60:        8.000        5.000       17.000       18.000       14.000
    65:       10.000       19.000       11.000        2.000        4.000
    70:       22.000       24.000       12.000       13.000        8.000
    75:        5.000       17.000       18.000       14.000       10.000
    80:       19.000       11.000        1.000        2.000        4.000
    85:       22.000       24.000       12.000       13.000        8.000
    90:        5.000       17.000       18.000       14.000       10.000
    95:       19.000       11.000        2.000        4.000       22.000
   100:       24.000       12.000       13.000        8.000        5.000
   105:       17.000       18.000       14.000       10.000       19.000
   110:       11.000        1.000        6.000        2.000        4.000
   115:       22.000       24.000       12.000       13.000        8.000
   120:        5.000       17.000       18.000       21.000       22.000
   125:       14.000       10.000       19.000       11.000        1.000
   130:        2.000        4.000       22.000       24.000       12.000
   135:       13.000        8.000        5.000       17.000       18.000
   140:       14.000       10.000       19.000       11.000        6.000
   145:        2.000        4.000       22.000       24.000       12.000
   150:       13.000        8.000        5.000       17.000       18.000
   155:       14.000       10.000       19.000       11.000        6.000
   160:        1.000        1.000        6.000        2.000        4.000
   165:       22.000       24.000       12.000       13.000        8.000
   170:        5.000       17.000       21.000       22.000       18.000
   175:       14.000       10.000       19.000       11.000        2.000
   180:        4.000       22.000       24.000       12.000       13.000
   185:        8.000        5.000       17.000       18.000       14.000
   190:       10.000       19.000       11.000        2.000        4.000
   195:       22.000       24.000       12.000       13.000        8.000
   200:        5.000       17.000       18.000       14.000       10.000
   205:       19.000       11.000        6.000        2.000        4.000
   210:       22.000       24.000       12.000       13.000        8.000
   215:        5.000       17.000       18.000       14.000       10.000
   220:       19.000       11.000        2.000        4.000       22.000
   225:       24.000       12.000       13.000        8.000        5.000
   230:       17.000       18.000       14.000       10.000       19.000
   235:       11.000        2.000        4.000       22.000       24.000
   240:       12.000       13.000        8.000        5.000       17.000
   245:       18.000       14.000       10.000       19.000       11.000
   250:        2.000        4.000       22.000       24.000       12.000
   255:       13.000        8.000        5.000       17.000       18.000
   260:       14.000       10.000        6.000       19.000       11.000
   265:        6.000        2.000        4.000       22.000       24.000
   270:       12.000       13.000        8.000        5.000       17.000
   275:       21.000       22.000       18.000       14.000       10.000
   280:       19.000       11.000        6.000        6.000        6.000
   285:        6.000        6.000        6.000        6.000        6.000
   290:        6.000        6.000        6.000        6.000        6.000
   295:        6.000        6.000        6.000        6.000        6.000
   300:        6.000        6.000        6.000        6.000        6.000
   305:        6.000        6.000        6.000        6.000        6.000
   310:        6.000        6.000        6.000        6.000        6.000
   315:        2.000        4.000       22.000       24.000       12.000
   320:       13.000        8.000        5.000       17.000       18.000
   325:       14.000       10.000       19.000       11.000        1.000
   330:        2.000        4.000       22.000       24.000       12.000
   335:       13.000        8.000        5.000       17.000       18.000
   340:       14.000       10.000       19.000       11.000        2.000
   345:        4.000       22.000       24.000       12.000       13.000
   350:        8.000        5.000       17.000        6.000       18.000
   355:       14.000       10.000       19.000       11.000        2.000
   360:        4.000       22.000       24.000       12.000       13.000
   365:        8.000        5.000       17.000       18.000       14.000
   370:       10.000       19.000       11.000        6.000        2.000
   375:        4.000       22.000       24.000       12.000       13.000
   380:        8.000        5.000       17.000       18.000       14.000
   385:       10.000       19.000       11.000        2.000        4.000
   390:       22.000       24.000       12.000       13.000        8.000
   395:        5.000       17.000       18.000       14.000       10.000
   400:       19.000       11.000        6.000        2.000        4.000
   405:       22.000       24.000       12.000       13.000        8.000
   410:        5.000       17.000       18.000       14.000       10.000
   415:       19.000       11.000        1.000        2.000        4.000
   420:       22.000       24.000       12.000       13.000        8.000
   425:        5.000       17.000       18.000       14.000       10.000
   430:       21.000       22.000       19.000       11.000        2.000
   435:        4.000       22.000       24.000       12.000       13.000
   440:        8.000        5.000       17.000       18.000       14.000
   445:       10.000       19.000       11.000        1.000        6.000
   450:        6.000        6.000        6.000        6.000        2.000
   455:        4.000       22.000       24.000       12.000       13.000
   460:        8.000        5.000       17.000       18.000       14.000
   465:       10.000       19.000       11.000        6.000        1.000
   470:        6.000        2.000        4.000       22.000       24.000
   475:       12.000       13.000        8.000        5.000       17.000
   480:       18.000       14.000       10.000       21.000       22.000
   485:       19.000       11.000        2.000        4.000       22.000
   490:       24.000       12.000       13.000        8.000        5.000
   495:       17.000       18.000       14.000       10.000       19.000
   500:       11.000        2.000        4.000       22.000       24.000
   505:       12.000       13.000        8.000        5.000       17.000
   510:       18.000       14.000       10.000       19.000       11.000
   515:        2.000        4.000       22.000       24.000       12.000
   520:       13.000        8.000        5.000       17.000        6.000
   525:       18.000       14.000       10.000       19.000       11.000
   530:        2.000        4.000       22.000       24.000       12.000
   535:       13.000        8.000        5.000       17.000       18.000
   540:       14.000       10.000       19.000       11.000        6.000
   545:        6.000        6.000        2.000        4.000       22.000
   550:       24.000       12.000       13.000        8.000        5.000
   555:       17.000       18.000       14.000       10.000       19.000
   560:       11.000        6.000        6.000        6.000        6.000
   565:        6.000        6.000        6.000        6.000        6.000
   570:        6.000        6.000        6.000        6.000        6.000
   575:        2.000        4.000       22.000       24.000       12.000
   580:       13.000        8.000        5.000       17.000       18.000
   585:       14.000       10.000        6.000        6.000        6.000
   590:        6.000        6.000       19.000       11.000        6.000
   595:        6.000        6.000        6.000        6.000        6.000
   600:        6.000        6.000        6.000        6.000        6.000
   605:        6.000        6.000        6.000        6.000        6.000
   610:        6.000        6.000        6.000        6.000        6.000
   615:        6.000        6.000        6.000        6.000        6.000
   620:        6.000        6.000        2.000        4.000       22.000
   625:       24.000       12.000       13.000        8.000        5.000
   630:       17.000       18.000       14.000       10.000        6.000
   635:       19.000       11.000        6.000        6.000        6.000
   640:        2.000        4.000       22.000       24.000       12.000
   645:       13.000        8.000        5.000       17.000       18.000
   650:       21.000       22.000       14.000       10.000       19.000
   655:       11.000        6.000        6.000        6.000        6.000
   660:        6.000        6.000        6.000        2.000        4.000
   665:       22.000       24.000       12.000       13.000        8.000
   670:        5.000       17.000       18.000       14.000       10.000
   675:       21.000       22.000       19.000       11.000        2.000
   680:        4.000       22.000       24.000       12.000       13.000
   685:        8.000        5.000       17.000       18.000       14.000
   690:       10.000       19.000       11.000        6.000        6.000
   695:        6.000
T:
     0:        0.000        0.000        0.000        0.000      202.490
     5:      202.490      202.490      202.500      202.500      202.500
    10:      202.500      202.500      202.500      206.500      206.720
    15:      207.500      207.500      208.380      212.490      212.500
    20:      514.730      514.730      514.730      514.740      514.740
    25:      514.740      514.740      514.740      514.740      518.740
    30:      519.740      519.740      524.730      524.740      532.750
    35:      609.860      712.910      712.910      712.910      712.920
    40:      712.920      712.920      712.920      712.920      712.920
    45:      716.920      717.920      717.920      722.910      722.920
    50:      814.800      841.190     1059.170     1226.380     1247.190
    55:     1247.190     1247.190     1247.200     1247.200     1247.200
    60:     1247.200     1247.200     1247.200     1251.200     1252.200
    65:     1252.200     1257.190     1257.200     1358.320     1358.320
    70:     1358.320     1358.330     1358.330     1358.330     1358.330
    75:     1358.330     1358.330     1362.330     1363.330     1363.330
    80:     1368.320     1368.330     1431.510     1436.410     1436.410
    85:     1436.410     1436.420     1436.420     1436.420     1436.420
    90:     1436.420     1436.420     1440.420     1441.420     1441.420
    95:     1446.410     1446.420     1597.580     1597.580     1597.580
   100:     1597.590     1597.590     1597.590     1597.590     1597.590
   105:     1597.590     1601.590     1602.590     1602.590     1607.580
   110:     1607.590     1638.010     1652.160     1657.730     1657.730
   115:     1657.730     1657.740     1657.740     1657.740     1657.740
   120:     1657.740     1657.740     1661.740     1661.820     1661.820
   125:     1662.740     1662.740     1667.730     1667.740     2037.080
   130:     2375.270     2375.270     2375.270     2375.280     2375.280
   135:     2375.280     2375.280     2375.280     2375.280     2379.280
   140:     2380.280     2380.280     2385.270     2385.280     2417.270
   145:     2424.460     2424.460     2424.460     2424.470     2424.470
   150:     2424.470     2424.470     2424.470     2424.470     2428.470
   155:     2429.470     2429.470     2434.460     2434.470     2455.690
   160:     2539.350     2585.600     2644.650     2663.820     2663.820
   165:     2663.820     2663.830     2663.830     2663.830     2663.830
   170:     2663.830     2663.830     2666.850     2666.850     2667.830
   175:     2668.830     2668.830     2673.820     2673.830     2697.620
   180:     2697.620     2697.620     2697.630     2697.630     2697.630
   185:     2697.630     2697.630     2697.630     2701.630     2702.630
   190:     2702.630     2707.620     2707.630     3406.080     3406.080
   195:     3406.080     3406.090     3406.090     3406.090     3406.090
   200:     3406.090     3406.090     3410.090     3411.090     3411.090
   205:     3416.080     3416.090     3895.400     3921.220     3921.220
   210:     3921.220     3921.230     3921.230     3921.230     3921.230
   215:     3921.230     3921.230     3925.230     3926.230     3926.230
   220:     3931.220     3931.230     3938.050     3938.050     3938.050
   225:     3938.060     3938.060     3938.060     3938.060     3938.060
   230:     3938.060     3942.060     3943.060     3943.060     3948.050
   235:     3948.060     4010.760     4010.760     4010.760     4010.770
   240:     4010.770     4010.770     4010.770     4010.770     4010.770
   245:     4014.770     4015.770     4015.770     4020.760     4020.770
   250:     4220.290     4220.290     4220.290     4220.300     4220.300
   255:     4220.300     4220.300     4220.300     4220.300     4224.300
   260:     4225.300     4225.300     4227.730     4230.290     4230.300
   265:     4365.540     4368.500     4368.500     4368.500     4368.510
   270:     4368.510     4368.510     4368.510     4368.510     4368.510
   275:     4368.880     4368.880     4372.510     4373.510     4373.510
   280:     4378.500     4378.510     4387.410     4389.000     4397.560
   285:     4398.140     4399.340     4400.180     4403.030     4404.250
   290:     4405.620     4407.450     4418.670     4419.200     4419.540
   295:     4419.600     4420.530     4420.680     4422.160     4422.250
   300:     4422.730     4423.570     4424.030     4424.360     4428.700
   305:     4429.920     4430.550     4431.260     4433.060     4434.430
   310:     4438.190     4439.300     4440.160     4444.920     4456.040
   315:     5398.570     5398.570     5398.570     5398.580     5398.580
   320:     5398.580     5398.580     5398.580     5398.580     5402.580
   325:     5403.580     5403.580     5408.570     5408.580     5412.250
   330:     5752.850     5752.850     5752.850     5752.860     5752.860
   335:     5752.860     5752.860     5752.860     5752.860     5756.860
   340:     5757.860     5757.860     5762.850     5762.860     5766.520
   345:     5766.520     5766.520     5766.530     5766.530     5766.530
   350:     5766.530     5766.530     5766.530     5767.670     5770.530
   355:     5771.530     5771.530     5776.520     5776.530     5988.660
   360:     5988.660     5988.660     5988.670     5988.670     5988.670
   365:     5988.670     5988.670     5988.670     5992.670     5993.670
   370:     5993.670     5998.660     5998.670     6187.210     6477.490
   375:     6477.490     6477.490     6477.500     6477.500     6477.500
   380:     6477.500     6477.500     6477.500     6481.500     6482.500
   385:     6482.500     6487.490     6487.500     6618.950     6618.950
   390:     6618.950     6618.960     6618.960     6618.960     6618.960
   395:     6618.960     6618.960     6622.960     6623.960     6623.960
   400:     6628.950     6628.960     6655.270     6682.810     6682.810
   405:     6682.810     6682.820     6682.820     6682.820     6682.820
   410:     6682.820     6682.820     6686.820     6687.820     6687.820
   415:     6692.810     6692.820     6789.120     6915.150     6915.150
   420:     6915.150     6915.160     6915.160     6915.160     6915.160
   425:     6915.160     6915.160     6919.160     6920.160     6920.160
   430:     6924.450     6924.450     6925.150     6925.160     7421.140
   435:     7421.140     7421.140     7421.150     7421.150     7421.150
   440:     7421.150     7421.150     7421.150     7425.150     7426.150
   445:     7426.150     7431.140     7431.150     7556.300     7662.570
   450:     7671.020     7671.600     7672.950     7674.150     7737.930
   455:     7737.930     7737.930     7737.940     7737.940     7737.940
   460:     7737.940     7737.940     7737.940     7741.940     7742.940
   465:     7742.940     7747.930     7747.940     7799.950     7860.210
   470:     7887.640     7893.210     7893.210     7893.210     7893.220
   475:     7893.220     7893.220     7893.220     7893.220     7893.220
   480:     7897.220     7898.220     7898.220     7899.150     7899.150
   485:     7903.210     7903.220     7914.690     7914.690     7914.690
   490:     7914.700     7914.700     7914.700     7914.700     7914.700
   495:     7914.700     7918.700     7919.700     7919.700     7924.690
   500:     7924.700     7980.490     7980.490     7980.490     7980.500
   505:     7980.500     7980.500     7980.500     7980.500     7980.500
   510:     7984.500     7985.500     7985.500     7990.490     7990.500
   515:     8025.420     8025.420     8025.420     8025.430     8025.430
   520:     8025.430     8025.430     8025.430     8025.430     8027.530
   525:     8029.430     8030.430     8030.430     8035.420     8035.430
   530:     8046.420     8046.420     8046.420     8046.430     8046.430
   535:     8046.430     8046.430     8046.430     8046.430     8050.430
   540:     8051.430     8051.430     8056.420     8056.430     8137.620
   545:     8138.600     8139.760     8206.320     8206.320     8206.320
   550:     8206.330     8206.330     8206.330     8206.330     8206.330
   555:     8206.330     8210.330     8211.330     8211.330     8216.320
   560:     8216.330     8222.440     8222.780     8224.330     8225.870
   565:     8226.870     8227.200     8227.780     8228.150     8231.900
   570:     8232.440     8232.940     8234.390     8236.020     8236.680
   575:     8245.510     8245.510     8245.510     8245.520     8245.520
   580:     8245.520     8245.520     8245.520     8245.520     8249.520
   585:     8250.520     8250.520     8252.960     8253.170     8253.880
   590:     8254.300     8254.940     8255.510     8255.520     8255.660
   595:     8256.760     8257.610     8257.930     8258.880     8260.070
   600:     8260.530     8261.690     8262.410     8263.220     8265.020
   605:     8265.710     8266.010     8267.380     8267.770     8269.050
   610:     8270.590     8272.190     8272.400     8273.190     8274.890
   615:     8277.410     8277.520     8281.150     8281.980     8282.000
   620:     8282.180     8282.240     8287.430     8287.430     8287.430
   625:     8287.440     8287.440     8287.440     8287.440     8287.440
   630:     8287.440     8291.440     8292.440     8292.440     8293.060
   635:     8297.430     8297.440     8318.710     8334.910     8336.460
   640:     8341.790     8341.790     8341.790     8341.800     8341.800
   645:     8341.800     8341.800     8341.800     8341.800     8345.800
   650:     8346.720     8346.720     8346.800     8346.800     8351.790
   655:     8351.800    10013.890    10016.080    10016.220    10018.840
   660:    10019.040    10019.170    10019.720    10077.540    10077.540
   665:    10077.540    10077.550    10077.550    10077.550    10077.550
   670:    10077.550    10077.550    10081.550    10082.550    10082.550
   675:    10086.660    10086.660    10087.540    10087.550    10114.190
   680:    10114.190    10114.190    10114.200    10114.200    10114.200
   685:    10114.200    10114.200    10114.200    10118.200    10119.200
   690:    10119.200    10124.190    10124.200    10251.700    10258.760
   695:    10259.100
