File: C:\MED-PC\Data\2024-11-01_12h27m_Subject 54.txt


Start Date: 11/01/24
End Date: 11/01/24
Subject: 54
Experiment: OralFentSA
Group: One
Box: 10
Start Time: 12:27:01
End Time: 15:27:16
MSN: 20241014_Golden_Liq_SelfAdmin
F:       0.000
G:     874.000
H:   10800.000
I:       0.000
J:       0.000
K:       0.000
L:       0.000
M:       0.000
N:       0.000
O:       0.000
P:       0.000
Q:       0.000
R:       0.000
S:       0.000
U:       0.000
V:       0.000
W:       0.000
X:       0.000
Y:       0.000
Z:       0.000
A:
     0:        0.000        0.000      180.000        4.000        0.000
     5:        5.000        0.000        5.000        0.000        0.000
    10:        1.000        0.000       10.000   100000.000       31.700
    15:       10.000      640.000        0.000        0.000        0.000
    20:        0.000
B:
     0:        0.000        0.000        0.000      400.000        0.000
     5:      500.000        0.000      500.000        0.000        0.000
    10:        0.000        0.000     1000.000 10000000.000        0.000
    15:        0.000        0.000        0.000        0.000        0.000
    20:        0.000
C:
     0:       50.000       51.000       33.000       93.000       51.000
     5:     9849.000       29.460       20.000     1924.860       96.243
    10:       93.000       33.000        0.000        0.000        0.000
    15:        0.000        0.000        0.000        0.000        0.000
    20:        0.000
D:
     0:        5.030        1.520       16.950        3.660      128.810
     5:       14.560        7.880       32.370        2.790       17.050
    10:       77.140       18.440       12.450        5.050     1132.440
    15:       14.710      378.410       17.580        8.560       29.460
E:
     0:       19.000       11.000       26.000       27.000        2.000
     5:        4.000       22.000       24.000       12.000       13.000
    10:        8.000        5.000       17.000       18.000       14.000
    15:       10.000        6.000        6.000        6.000       19.000
    20:       11.000        1.000        2.000        4.000       22.000
    25:       24.000       12.000       13.000        8.000        5.000
    30:       17.000        6.000        6.000       18.000       14.000
    35:       10.000       21.000       22.000        6.000        6.000
    40:       19.000       11.000        2.000        4.000       22.000
    45:       24.000       12.000       13.000        8.000        5.000
    50:       17.000       18.000       14.000       10.000       20.000
    55:       19.000       11.000        2.000        4.000       22.000
    60:       24.000       12.000       13.000        8.000        5.000
    65:       17.000       18.000       14.000       10.000       19.000
    70:       11.000        2.000        4.000       22.000       24.000
    75:       12.000       13.000        8.000        5.000       17.000
    80:       21.000       22.000       21.000       22.000       21.000
    85:       22.000       18.000       21.000       22.000       14.000
    90:       10.000       19.000       11.000        6.000        6.000
    95:        6.000        6.000        6.000        6.000        2.000
   100:        4.000       22.000       24.000       12.000       13.000
   105:        8.000        5.000       17.000       21.000       22.000
   110:       18.000       14.000       10.000       19.000       11.000
   115:        2.000        4.000       22.000       24.000       12.000
   120:       13.000        8.000        5.000       17.000       21.000
   125:       22.000       21.000       22.000        6.000       18.000
   130:       14.000       10.000        6.000        6.000       19.000
   135:       11.000        6.000        6.000        6.000        6.000
   140:        6.000        6.000        1.000        1.000        1.000
   145:        2.000        4.000       22.000       24.000       12.000
   150:       13.000        8.000        5.000       17.000       18.000
   155:       14.000       10.000       19.000       11.000        6.000
   160:        1.000        1.000        2.000        4.000       22.000
   165:       24.000       12.000       13.000        8.000        5.000
   170:       17.000       18.000       14.000       10.000       19.000
   175:       11.000        2.000        4.000       22.000       24.000
   180:       12.000       13.000        8.000        5.000       17.000
   185:       18.000       14.000       10.000       19.000       11.000
   190:        6.000        2.000        4.000       22.000       24.000
   195:       12.000       13.000        8.000        5.000       17.000
   200:       18.000       14.000       10.000       19.000       11.000
   205:        2.000        4.000       22.000       24.000       12.000
   210:       13.000        8.000        5.000       17.000       18.000
   215:       14.000       10.000       19.000       11.000        2.000
   220:        4.000       22.000       24.000       12.000       13.000
   225:        8.000        5.000       17.000       21.000       22.000
   230:       21.000       22.000       18.000       14.000       10.000
   235:       21.000       22.000       21.000       22.000       19.000
   240:       11.000        2.000        4.000       22.000       24.000
   245:       12.000       13.000        8.000        5.000       17.000
   250:       21.000       22.000       21.000       22.000       21.000
   255:       22.000       21.000       22.000       21.000       22.000
   260:       18.000       21.000       22.000       14.000       10.000
   265:       21.000       22.000       21.000       22.000       21.000
   270:       22.000       21.000       22.000       19.000       11.000
   275:        2.000        4.000       22.000       24.000       12.000
   280:       13.000        8.000        5.000       17.000       21.000
   285:       22.000       18.000       14.000       10.000       21.000
   290:       22.000       19.000       11.000        2.000        4.000
   295:       22.000       24.000       12.000       13.000        8.000
   300:        5.000       17.000       18.000       14.000       10.000
   305:       19.000       11.000        1.000        2.000        4.000
   310:       22.000       24.000       12.000       13.000        8.000
   315:        5.000       17.000       18.000       14.000       10.000
   320:        6.000       19.000       11.000        1.000        6.000
   325:        2.000        4.000       22.000       24.000       12.000
   330:       13.000        8.000        5.000       17.000       20.000
   335:       18.000       14.000       10.000       19.000       11.000
   340:        6.000        6.000        6.000        6.000        6.000
   345:        6.000        2.000        4.000       22.000       24.000
   350:       12.000       13.000        8.000        5.000       17.000
   355:       21.000       22.000       18.000       14.000       10.000
   360:       19.000       11.000        2.000        4.000       22.000
   365:       24.000       12.000       13.000        8.000        5.000
   370:       17.000       18.000       14.000       10.000       19.000
   375:       11.000        2.000        4.000       22.000       24.000
   380:       12.000       13.000        8.000        5.000       17.000
   385:       21.000       22.000       18.000       14.000       10.000
   390:       19.000       11.000        2.000        4.000       22.000
   395:       24.000       12.000       13.000        8.000        5.000
   400:       17.000        6.000       18.000       14.000       10.000
   405:       21.000       22.000       19.000       11.000        2.000
   410:        4.000       22.000       24.000       12.000       13.000
   415:        8.000        5.000       17.000       21.000       22.000
   420:       18.000       14.000       10.000       21.000       22.000
   425:       19.000       11.000        6.000        2.000        4.000
   430:       22.000       24.000       12.000       13.000        8.000
   435:        5.000       17.000       18.000       14.000       10.000
   440:       19.000       11.000        2.000        4.000       22.000
   445:       24.000       12.000       13.000        8.000        5.000
   450:       17.000       18.000       14.000       10.000       21.000
   455:       22.000       21.000       22.000       21.000       22.000
   460:       19.000       11.000        2.000        4.000       22.000
   465:       24.000       12.000       13.000        8.000        5.000
   470:       17.000       18.000       14.000       10.000       19.000
   475:       11.000        1.000        1.000        1.000        1.000
   480:        1.000        1.000        1.000        1.000        1.000
   485:        1.000        2.000        4.000       22.000       24.000
   490:       12.000       13.000        8.000        5.000       17.000
   495:       21.000       22.000       21.000       22.000       18.000
   500:       14.000       10.000       21.000       22.000       21.000
   505:       22.000       19.000       11.000        1.000        1.000
   510:        1.000        1.000        1.000        1.000        1.000
   515:        6.000        1.000        6.000        1.000        1.000
   520:        2.000        4.000       22.000       24.000       12.000
   525:       13.000        8.000        5.000       17.000       18.000
   530:       14.000       10.000       19.000       11.000        2.000
   535:        4.000       22.000       24.000       12.000       13.000
   540:        8.000        5.000       17.000       21.000       22.000
   545:       18.000       14.000       10.000       19.000       11.000
   550:        2.000        4.000       22.000       24.000       12.000
   555:       13.000        8.000        5.000       17.000       18.000
   560:       14.000       10.000       19.000       11.000        6.000
   565:        6.000        2.000        4.000       22.000       24.000
   570:       12.000       13.000        8.000        5.000       17.000
   575:       18.000       14.000       10.000       19.000       11.000
   580:        2.000        4.000       22.000       24.000       12.000
   585:       13.000        8.000        5.000       17.000       21.000
   590:       22.000       18.000       14.000       10.000       21.000
   595:       22.000       19.000       11.000        2.000        4.000
   600:       22.000       24.000       12.000       13.000        8.000
   605:        5.000       17.000       18.000       14.000       10.000
   610:       19.000       11.000        6.000        2.000        4.000
   615:       22.000       24.000       12.000       13.000        8.000
   620:        5.000       17.000       18.000       14.000       10.000
   625:        6.000       19.000       11.000        2.000        4.000
   630:       22.000       24.000       12.000       13.000        8.000
   635:        5.000       17.000       18.000       14.000       10.000
   640:       21.000       22.000       19.000       11.000        2.000
   645:        4.000       22.000       24.000       12.000       13.000
   650:        8.000        5.000       17.000       18.000       14.000
   655:       10.000       19.000       11.000        6.000        6.000
   660:        6.000        2.000        4.000       22.000       24.000
   665:       12.000       13.000        8.000        5.000       17.000
   670:       18.000       14.000       10.000       19.000       11.000
   675:        2.000        4.000       22.000       24.000       12.000
   680:       13.000        8.000        5.000       17.000       18.000
   685:       14.000       10.000       19.000       11.000        2.000
   690:        4.000       22.000       24.000       12.000       13.000
   695:        8.000        5.000       17.000       18.000       14.000
   700:       10.000       19.000       11.000        2.000        4.000
   705:       22.000       24.000       12.000       13.000        8.000
   710:        5.000       17.000       18.000       14.000       10.000
   715:       19.000       11.000        6.000        2.000        4.000
   720:       22.000       24.000       12.000       13.000        8.000
   725:        5.000       17.000       18.000       14.000       10.000
   730:       19.000       11.000        2.000        4.000       22.000
   735:       24.000       12.000       13.000        8.000        5.000
   740:       17.000       18.000       14.000       10.000       19.000
   745:       11.000        6.000        2.000        4.000       22.000
   750:       24.000       12.000       13.000        8.000        5.000
   755:       17.000       21.000       22.000       18.000       14.000
   760:       10.000       19.000       11.000        2.000        4.000
   765:       22.000       24.000       12.000       13.000        8.000
   770:        5.000       17.000       21.000       22.000       18.000
   775:       14.000       10.000       21.000       22.000       19.000
   780:       11.000        2.000        4.000       22.000       24.000
   785:       12.000       13.000        8.000        5.000       17.000
   790:       18.000       14.000       10.000       19.000       11.000
   795:        6.000        6.000        2.000        4.000       22.000
   800:       24.000       12.000       13.000        8.000        5.000
   805:       17.000       18.000       14.000       10.000       19.000
   810:       11.000        2.000        4.000       22.000       24.000
   815:       12.000       13.000        8.000        5.000       17.000
   820:       18.000       14.000       10.000        6.000       19.000
   825:       11.000        1.000        1.000        2.000        4.000
   830:       22.000       24.000       12.000       13.000        8.000
   835:        5.000       17.000       18.000       14.000       10.000
   840:       19.000       11.000        2.000        4.000       22.000
   845:       24.000       12.000       13.000        8.000        5.000
   850:       17.000       18.000       14.000       10.000       19.000
   855:       11.000        2.000        4.000       22.000       24.000
   860:       12.000       13.000        8.000        5.000       17.000
   865:       18.000       14.000       10.000       19.000       11.000
   870:        6.000        1.000        6.000        6.000      100.000
T:
     0:        0.000        0.000        0.000        0.000       21.500
     5:       21.500       21.500       21.510       21.510       21.510
    10:       21.510       21.510       21.510       25.510       26.510
    15:       26.510       26.540       27.520       30.550       31.500
    20:       31.510       53.640       57.130       57.130       57.130
    25:       57.140       57.140       57.140       57.140       57.140
    30:       57.140       58.660       58.960       61.140       62.140
    35:       62.140       62.560       62.560       65.550       65.650
    40:       67.130       67.140      145.420      145.420      145.420
    45:      145.430      145.430      145.430      145.430      145.430
    50:      145.430      149.430      150.430      150.430      150.470
    55:      155.420      155.430      164.310      164.310      164.310
    60:      164.320      164.320      164.320      164.320      164.320
    65:      164.320      168.320      169.320      169.320      174.310
    70:      174.320      265.620      265.620      265.620      265.630
    75:      265.630      265.630      265.630      265.630      265.630
    80:      267.050      267.050      268.940      268.940      269.270
    85:      269.270      269.630      269.690      269.690      270.630
    90:      270.630      275.620      275.630      282.580      290.000
    95:      291.000      291.690      297.640      298.910      388.940
   100:      388.940      388.940      388.950      388.950      388.950
   105:      388.950      388.950      388.950      392.180      392.180
   110:      392.950      393.950      393.950      398.940      398.950
   115:      423.940      423.940      423.940      423.950      423.950
   120:      423.950      423.950      423.950      423.950      424.080
   125:      424.080      424.830      424.830      427.610      427.950
   130:      428.950      428.950      433.690      433.920      433.940
   135:      433.950      437.080      442.810      945.490      946.530
   140:      946.680      946.970      995.400      996.360     1542.730
   145:     1606.040     1606.040     1606.040     1606.050     1606.050
   150:     1606.050     1606.050     1606.050     1606.050     1610.050
   155:     1611.050     1611.050     1616.040     1616.050     1734.860
   160:     1768.490     1771.810     1788.430     1788.430     1788.430
   165:     1788.440     1788.440     1788.440     1788.440     1788.440
   170:     1788.440     1792.440     1793.440     1793.440     1798.430
   175:     1798.440     1867.240     1867.240     1867.240     1867.250
   180:     1867.250     1867.250     1867.250     1867.250     1867.250
   185:     1871.250     1872.250     1872.250     1877.240     1877.250
   190:     1881.810     1885.810     1885.810     1885.810     1885.820
   195:     1885.820     1885.820     1885.820     1885.820     1885.820
   200:     1889.820     1890.820     1890.820     1895.810     1895.820
   205:     1980.210     1980.210     1980.210     1980.220     1980.220
   210:     1980.220     1980.220     1980.220     1980.220     1984.220
   215:     1985.220     1985.220     1990.210     1990.220     2050.390
   220:     2050.390     2050.390     2050.400     2050.400     2050.400
   225:     2050.400     2050.400     2050.400     2051.540     2051.540
   230:     2054.090     2054.090     2054.400     2055.400     2055.400
   235:     2055.890     2055.890     2055.980     2055.980     2060.390
   240:     2060.400     2060.910     2060.910     2060.910     2060.920
   245:     2060.920     2060.920     2060.920     2060.920     2060.920
   250:     2062.230     2062.230     2062.400     2062.400     2062.900
   255:     2062.900     2063.090     2063.090     2063.990     2063.990
   260:     2064.920     2065.180     2065.180     2065.920     2065.920
   265:     2065.980     2065.980     2066.680     2066.680     2069.150
   270:     2069.150     2070.670     2070.670     2070.910     2070.920
   275:     2073.550     2073.550     2073.550     2073.560     2073.560
   280:     2073.560     2073.560     2073.560     2073.560     2074.200
   285:     2074.200     2077.560     2078.560     2078.560     2083.400
   290:     2083.400     2083.550     2083.560     2086.020     2086.020
   295:     2086.020     2086.030     2086.030     2086.030     2086.030
   300:     2086.030     2086.030     2090.030     2091.030     2091.030
   305:     2096.020     2096.030     2465.200     2500.260     2500.260
   310:     2500.260     2500.270     2500.270     2500.270     2500.270
   315:     2500.270     2500.270     2504.270     2505.270     2505.270
   320:     2508.150     2510.260     2510.270     2521.550     2560.450
   325:     2564.240     2564.240     2564.240     2564.250     2564.250
   330:     2564.250     2564.250     2564.250     2564.250     2567.980
   335:     2568.250     2569.250     2569.250     2574.240     2574.250
   340:     2596.620     2600.150     2600.830     2610.090     2650.020
   345:     2781.520     2795.790     2795.790     2795.790     2795.800
   350:     2795.800     2795.800     2795.800     2795.800     2795.800
   355:     2799.270     2799.270     2799.800     2800.800     2800.800
   360:     2805.790     2805.800     3475.330     3475.330     3475.330
   365:     3475.340     3475.340     3475.340     3475.340     3475.340
   370:     3475.340     3479.340     3480.340     3480.340     3485.330
   375:     3485.340     3882.350     3882.350     3882.350     3882.360
   380:     3882.360     3882.360     3882.360     3882.360     3882.360
   385:     3884.640     3884.640     3886.360     3887.360     3887.360
   390:     3892.350     3892.360     3920.120     3920.120     3920.120
   395:     3920.130     3920.130     3920.130     3920.130     3920.130
   400:     3920.130     3922.920     3924.130     3925.130     3925.130
   405:     3926.330     3926.330     3930.120     3930.130     3932.040
   410:     3932.040     3932.040     3932.050     3932.050     3932.050
   415:     3932.050     3932.050     3932.050     3933.470     3933.470
   420:     3936.050     3937.050     3937.050     3939.960     3939.960
   425:     3942.040     3942.050     3949.100     3974.870     3974.870
   430:     3974.870     3974.880     3974.880     3974.880     3974.880
   435:     3974.880     3974.880     3978.880     3979.880     3979.880
   440:     3984.870     3984.880     3992.970     3992.970     3992.970
   445:     3992.980     3992.980     3992.980     3992.980     3992.980
   450:     3992.980     3996.980     3997.980     3997.980     3998.780
   455:     3998.780     4000.020     4000.020     4001.220     4001.220
   460:     4002.970     4002.980     4003.630     4003.630     4003.630
   465:     4003.640     4003.640     4003.640     4003.640     4003.640
   470:     4003.640     4007.640     4008.640     4008.640     4013.630
   475:     4013.640     4018.970     4019.050     4019.320     4019.480
   480:     4021.810     4023.900     4024.390     4024.510     4026.000
   485:     4027.400     4035.070     4035.070     4035.070     4035.080
   490:     4035.080     4035.080     4035.080     4035.080     4035.080
   495:     4036.000     4036.000     4038.220     4038.220     4039.080
   500:     4040.080     4040.080     4043.150     4043.150     4043.870
   505:     4043.870     4045.070     4045.080     4056.990     4058.550
   510:     4059.470     4060.200     4062.470     4063.970     4069.780
   515:     4112.220     4146.600     4266.900     4313.510     4357.250
   520:     4396.270     4396.270     4396.270     4396.280     4396.280
   525:     4396.280     4396.280     4396.280     4396.280     4400.280
   530:     4401.280     4401.280     4406.270     4406.280     4794.360
   535:     4794.360     4794.360     4794.370     4794.370     4794.370
   540:     4794.370     4794.370     4794.370     4796.090     4796.090
   545:     4798.370     4799.370     4799.370     4804.360     4804.370
   550:     4959.030     4959.030     4959.030     4959.040     4959.040
   555:     4959.040     4959.040     4959.040     4959.040     4963.040
   560:     4964.040     4964.040     4969.030     4969.040     4977.480
   565:     4980.470     4999.550     4999.550     4999.550     4999.560
   570:     4999.560     4999.560     4999.560     4999.560     4999.560
   575:     5003.560     5004.560     5004.560     5009.550     5009.560
   580:     5040.810     5040.810     5040.810     5040.820     5040.820
   585:     5040.820     5040.820     5040.820     5040.820     5044.510
   590:     5044.510     5044.820     5045.820     5045.820     5048.330
   595:     5048.330     5050.810     5050.820     5084.340     5084.340
   600:     5084.340     5084.350     5084.350     5084.350     5084.350
   605:     5084.350     5084.350     5088.350     5089.350     5089.350
   610:     5094.340     5094.350     5096.800     5114.830     5114.830
   615:     5114.830     5114.840     5114.840     5114.840     5114.840
   620:     5114.840     5114.840     5118.840     5119.840     5119.840
   625:     5119.890     5124.830     5124.840     5185.940     5185.940
   630:     5185.940     5185.950     5185.950     5185.950     5185.950
   635:     5185.950     5185.950     5189.950     5190.950     5190.950
   640:     5193.470     5193.470     5195.940     5195.950     5574.750
   645:     5574.750     5574.750     5574.760     5574.760     5574.760
   650:     5574.760     5574.760     5574.760     5578.760     5579.760
   655:     5579.760     5584.750     5584.760     6707.200     6733.550
   660:     6773.710     7659.110     7659.110     7659.110     7659.120
   665:     7659.120     7659.120     7659.120     7659.120     7659.120
   670:     7663.120     7664.120     7664.120     7669.110     7669.120
   675:     7713.660     7713.660     7713.660     7713.670     7713.670
   680:     7713.670     7713.670     7713.670     7713.670     7717.670
   685:     7718.670     7718.670     7723.660     7723.670     7753.610
   690:     7753.610     7753.610     7753.620     7753.620     7753.620
   695:     7753.620     7753.620     7753.620     7757.620     7758.620
   700:     7758.620     7763.610     7763.620     7943.650     7943.650
   705:     7943.650     7943.660     7943.660     7943.660     7943.660
   710:     7943.660     7943.660     7947.660     7948.660     7948.660
   715:     7953.650     7953.660     7958.370     7990.240     7990.240
   720:     7990.240     7990.250     7990.250     7990.250     7990.250
   725:     7990.250     7990.250     7994.250     7995.250     7995.250
   730:     8000.240     8000.250     9175.580     9175.580     9175.580
   735:     9175.590     9175.590     9175.590     9175.590     9175.590
   740:     9175.590     9179.590     9180.590     9180.590     9185.580
   745:     9185.590     9554.000     9568.430     9568.430     9568.430
   750:     9568.440     9568.440     9568.440     9568.440     9568.440
   755:     9568.440     9572.110     9572.110     9572.440     9573.440
   760:     9573.440     9578.430     9578.440     9642.720     9642.720
   765:     9642.720     9642.730     9642.730     9642.730     9642.730
   770:     9642.730     9642.730     9642.890     9642.890     9646.730
   775:     9647.730     9647.730     9647.960     9647.960     9652.720
   780:     9652.730     9660.570     9660.570     9660.570     9660.580
   785:     9660.580     9660.580     9660.580     9660.580     9660.580
   790:     9664.580     9665.580     9665.580     9670.570     9670.580
   795:     9678.160     9680.840     9687.880     9687.880     9687.880
   800:     9687.890     9687.890     9687.890     9687.890     9687.890
   805:     9687.890     9691.890     9692.890     9692.890     9697.880
   810:     9697.890     9720.200     9720.200     9720.200     9720.210
   815:     9720.210     9720.210     9720.210     9720.210     9720.210
   820:     9724.210     9725.210     9725.210     9728.770     9730.200
   825:     9730.210     9755.930     9757.680     9789.060     9789.060
   830:     9789.060     9789.070     9789.070     9789.070     9789.070
   835:     9789.070     9789.070     9793.070     9794.070     9794.070
   840:     9799.060     9799.070     9811.760     9811.760     9811.760
   845:     9811.770     9811.770     9811.770     9811.770     9811.770
   850:     9811.770     9815.770     9816.770     9816.770     9821.760
   855:     9821.770     9848.990     9848.990     9848.990     9849.000
   860:     9849.000     9849.000     9849.000     9849.000     9849.000
   865:     9853.000     9854.000     9854.000     9858.990     9859.000
   870:     9878.460     9893.240     9949.050     9950.160    10800.000
