File: C:\MED-PC\Data\2024-11-11_09h46m_Subject 44.txt


Start Date: 11/11/24
End Date: 11/11/24
Subject: 44
Experiment: OralFentSA
Group: One
Box: 12
Start Time: 09:46:33
End Time: 12:51:32
MSN: Golden_Liq_SelfAdmin_EXT
F:       0.000
G:     560.000
H:   10800.000
I:       0.000
J:       0.000
K:       0.000
L:       0.000
M:       0.000
N:       0.000
O:       0.000
P:       0.000
Q:       0.000
R:       0.000
S:       0.000
U:       0.000
V:       0.000
W:       0.000
X:       0.000
Y:       0.000
Z:       0.000
A:
     0:        0.000        0.000      180.000        4.000        0.000
     5:        5.000        0.000        5.000        0.000        0.000
    10:        1.000        0.000       10.000   100000.000       21.000
    15:       16.000      600.000        0.000        0.000        0.000
    20:        0.000
B:
     0:        0.000        0.000        0.000        0.000        0.000
     5:        0.000        0.000        0.000        0.000        0.000
    10:        0.000        0.000     1000.000 10000000.000        0.000
    15:        0.000        0.000        0.000        0.000        0.000
    20:        0.000
C:
     0:        0.000       36.000       76.000       76.000      188.000
     5:     8319.250      680.930       21.000     1355.520       64.549
    10:       76.000       76.000        0.000        0.000        0.000
    15:        0.000        0.000        0.000        0.000        0.000
    20:        0.000
D:
     0:       99.030        4.710       51.870      155.140        9.620
     5:       11.860        7.650       64.520       87.010       47.640
    10:        1.580       44.880        8.390        5.410        5.020
    15:       26.460       35.610        1.850        5.080        1.260
    20:      680.930
E:
     0:       19.000       11.000       26.000       27.000        2.000
     5:        4.000       22.000       24.000       19.000       11.000
    10:        1.000        1.000        1.000        1.000        1.000
    15:        1.000        2.000        4.000       22.000       24.000
    20:       19.000       11.000        2.000        4.000       22.000
    25:       24.000       21.000       22.000       19.000       11.000
    30:        2.000        4.000       22.000       24.000       19.000
    35:       11.000        6.000        2.000        4.000       22.000
    40:       24.000       21.000       22.000       19.000       11.000
    45:        1.000        2.000        4.000       22.000       24.000
    50:       21.000       22.000       21.000       22.000       21.000
    55:       22.000       21.000       22.000       19.000       11.000
    60:        2.000        4.000       22.000       24.000       21.000
    65:       22.000       21.000       22.000       21.000       22.000
    70:       21.000       22.000        6.000       21.000       22.000
    75:       19.000       11.000        2.000        4.000       22.000
    80:       24.000       21.000       22.000       19.000       11.000
    85:        2.000        4.000       22.000       24.000       19.000
    90:       11.000        6.000        6.000        6.000        6.000
    95:        6.000        6.000        6.000        6.000        6.000
   100:        6.000        6.000        6.000        6.000        6.000
   105:        6.000        6.000        6.000        6.000        6.000
   110:        1.000        1.000        1.000        1.000        1.000
   115:        1.000        6.000        6.000        6.000        6.000
   120:        2.000        4.000       22.000       24.000       19.000
   125:       11.000        2.000        4.000       22.000       24.000
   130:       19.000       11.000        6.000        6.000        2.000
   135:        4.000       22.000       24.000       19.000       11.000
   140:        1.000        1.000        1.000        1.000        1.000
   145:        1.000        1.000        2.000        4.000       22.000
   150:       24.000       21.000       22.000       19.000       11.000
   155:        2.000        4.000       22.000       24.000       21.000
   160:       22.000        6.000       19.000       11.000        6.000
   165:        6.000        6.000        6.000        6.000        6.000
   170:        6.000        1.000        2.000        4.000       22.000
   175:       24.000       19.000       11.000        6.000        2.000
   180:        4.000       22.000       24.000       21.000       22.000
   185:       21.000       22.000        6.000        6.000       19.000
   190:       11.000        2.000        4.000       22.000       24.000
   195:       19.000       11.000        6.000        6.000        6.000
   200:        6.000        6.000        1.000        2.000        4.000
   205:       22.000       24.000       19.000       11.000        1.000
   210:        1.000        2.000        4.000       22.000       24.000
   215:       21.000       22.000       21.000       22.000       19.000
   220:       11.000        2.000        4.000       22.000       24.000
   225:       19.000       11.000        6.000        6.000        6.000
   230:        6.000        6.000        6.000        6.000        6.000
   235:        6.000        6.000        2.000        4.000       22.000
   240:       24.000       19.000       11.000        6.000        1.000
   245:        1.000        1.000        2.000        4.000       22.000
   250:       24.000        6.000        6.000        6.000        6.000
   255:        6.000       19.000       11.000        2.000        4.000
   260:       22.000       24.000       19.000       11.000        6.000
   265:        2.000        4.000       22.000       24.000        6.000
   270:        6.000       19.000       11.000        6.000        6.000
   275:        6.000        1.000        1.000        1.000        2.000
   280:        4.000       22.000       24.000       21.000       22.000
   285:       21.000       22.000       21.000       22.000        6.000
   290:       21.000       22.000       19.000       11.000        2.000
   295:        4.000       22.000       24.000       21.000       22.000
   300:       21.000       22.000       21.000       22.000       21.000
   305:       22.000        6.000        6.000       19.000       11.000
   310:        2.000        4.000       22.000       24.000       19.000
   315:       11.000        2.000        4.000       22.000       24.000
   320:       19.000       11.000        6.000        6.000        6.000
   325:        6.000        6.000        6.000        6.000        6.000
   330:        6.000        6.000        6.000        6.000        6.000
   335:        6.000        6.000        6.000        6.000        6.000
   340:        6.000        6.000        6.000        6.000        6.000
   345:        6.000        6.000        6.000        6.000        6.000
   350:        6.000        6.000        6.000        6.000        6.000
   355:        6.000        6.000        6.000        6.000        6.000
   360:        6.000        6.000        6.000        6.000        6.000
   365:        6.000        6.000        6.000        6.000        6.000
   370:        6.000        2.000        4.000       22.000       24.000
   375:       19.000       11.000        6.000        6.000        1.000
   380:        1.000        1.000        1.000        6.000        6.000
   385:        6.000        6.000        2.000        4.000       22.000
   390:       24.000       21.000       22.000        6.000       19.000
   395:       11.000        1.000        1.000        6.000        2.000
   400:        4.000       22.000       24.000       21.000       22.000
   405:       21.000       22.000       21.000       22.000       21.000
   410:       22.000       19.000       11.000        2.000        4.000
   415:       22.000       24.000       21.000       22.000       21.000
   420:       22.000       21.000       22.000        6.000       21.000
   425:       22.000       21.000       22.000       19.000       11.000
   430:        6.000        6.000        1.000        1.000        1.000
   435:        1.000        1.000        1.000        1.000        1.000
   440:        1.000        6.000        6.000        6.000        6.000
   445:        6.000        6.000        6.000        6.000        6.000
   450:        6.000        6.000        6.000        6.000        6.000
   455:        1.000        1.000        1.000        1.000        1.000
   460:        1.000        1.000        1.000        1.000        1.000
   465:        1.000        1.000        1.000        1.000        1.000
   470:        1.000        1.000        1.000        1.000        1.000
   475:        6.000        6.000        6.000        6.000        6.000
   480:        6.000        6.000        6.000        6.000        6.000
   485:        6.000        2.000        4.000       22.000       24.000
   490:       21.000       22.000        6.000        6.000       19.000
   495:       11.000        1.000        1.000        1.000        1.000
   500:        1.000        1.000        1.000        1.000        1.000
   505:        1.000        1.000        2.000        4.000       22.000
   510:       24.000       19.000       11.000        2.000        4.000
   515:       22.000       24.000       21.000       22.000       21.000
   520:       22.000       21.000       22.000       21.000       22.000
   525:       19.000       11.000        6.000        6.000        6.000
   530:        6.000        6.000        6.000        6.000        6.000
   535:        6.000        6.000        6.000        6.000        6.000
   540:        6.000        6.000        6.000        6.000        6.000
   545:        6.000        6.000        6.000        6.000        6.000
   550:        6.000        6.000        6.000        6.000        6.000
   555:        6.000        6.000        6.000        6.000        6.000
   560:      100.000
T:
     0:        0.000        0.000        0.000        0.000        3.050
     5:        3.050        3.050        3.060       13.050       13.060
    10:       35.750       36.450       66.400       66.890       67.140
    15:       67.950       70.430       70.430       70.430       70.440
    20:       80.430       80.440       95.280       95.280       95.280
    25:       95.290      101.390      101.390      105.280      105.290
    30:      185.830      185.830      185.830      185.840      195.830
    35:      195.840      284.870      287.560      287.560      287.560
    40:      287.570      293.940      293.940      297.560      297.570
    45:      326.350      333.260      333.260      333.260      333.270
    50:      340.650      340.650      340.780      340.780      342.340
    55:      342.340      342.980      342.980      343.260      343.270
    60:      343.280      343.280      343.280      343.290      343.810
    65:      343.810      344.680      344.680      345.080      345.080
    70:      346.580      346.580      348.000      350.530      350.530
    75:      353.280      353.290      458.750      458.750      458.750
    80:      458.760      465.980      465.980      468.750      468.760
    85:      471.440      471.440      471.440      471.450      481.440
    90:      481.450      523.320      527.930      533.620      533.930
    95:      534.370      534.760      536.370      537.530      540.860
   100:      541.060      541.340      541.480      544.980      682.660
   105:      683.310      684.450      693.000      694.610      695.280
   110:      753.190      753.350      754.520      755.500      756.940
   115:      757.720      781.000      781.070      787.110      793.660
   120:      805.540      805.540      805.540      805.550      815.540
   125:      815.550      816.340      816.340      816.340      816.350
   130:      826.340      826.350      971.490      975.490      998.720
   135:      998.720      998.720      998.730     1008.720     1008.730
   140:     1179.460     1180.540     1181.880     1186.940     1188.760
   145:     1189.060     1189.730     1203.140     1203.140     1203.140
   150:     1203.150     1203.200     1203.200     1213.140     1213.150
   155:     1214.860     1214.860     1214.860     1214.870     1215.980
   160:     1215.980     1224.490     1224.860     1224.870     1225.300
   165:     1249.090     1250.150     1251.270     1254.750     1263.300
   170:     1266.310     1286.500     1344.370     1344.370     1344.370
   175:     1344.380     1354.370     1354.380     1356.240     1623.240
   180:     1623.240     1623.240     1623.250     1623.560     1623.560
   185:     1624.250     1624.250     1630.900     1632.140     1633.240
   190:     1633.250     1798.110     1798.110     1798.110     1798.120
   195:     1808.110     1808.120     1862.640     1862.970     1869.610
   200:     1870.820     1871.010     1907.840     2137.690     2137.690
   205:     2137.690     2137.700     2147.690     2147.700     2164.840
   210:     2165.320     2189.900     2189.900     2189.900     2189.910
   215:     2190.000     2190.000     2191.120     2191.120     2199.900
   220:     2199.910     2202.530     2202.530     2202.530     2202.540
   225:     2212.530     2212.540     2289.550     2290.980     2291.390
   230:     2296.480     2297.010     2299.280     2306.490     2307.560
   235:     2308.310     2309.430     2562.200     2562.200     2562.200
   240:     2562.210     2572.200     2572.210     2609.850     2823.660
   245:     2823.950     2825.760     2872.150     2872.150     2872.150
   250:     2872.160     2873.740     2874.380     2879.730     2879.930
   255:     2880.080     2882.150     2882.160     2986.020     2986.020
   260:     2986.020     2986.030     2996.020     2996.030     3030.910
   265:     3191.950     3191.950     3191.950     3191.960     3200.350
   270:     3200.820     3201.950     3201.960     3213.730     3217.960
   275:     3218.590     3257.890     3258.800     3261.290     3288.480
   280:     3288.480     3288.480     3288.490     3289.580     3289.580
   285:     3291.310     3291.310     3291.800     3291.800     3293.900
   290:     3298.430     3298.430     3298.480     3298.490     3299.230
   295:     3299.230     3299.230     3299.240     3299.960     3299.960
   300:     3300.110     3300.110     3301.390     3301.390     3301.910
   305:     3301.910     3304.260     3304.450     3309.230     3309.240
   310:     3318.790     3318.790     3318.790     3318.800     3328.790
   315:     3328.800     3329.140     3329.140     3329.140     3329.150
   320:     3339.140     3339.150     3355.610     3355.970     3356.220
   325:     3358.190     3358.800     3360.490     3361.310     3362.840
   330:     3364.050     3365.100     3366.120     3370.370     3371.450
   335:     3372.190     3375.360     3381.310     3381.490     3382.300
   340:     3386.140     3387.000     3387.780     3388.150     3388.670
   345:     3388.970     3389.740     3392.980     3393.250     3393.690
   350:     3394.820     3398.220     3399.070     3399.410     3412.470
   355:     3412.890     3413.290     3823.540     3835.460     3900.930
   360:     3905.990     3906.550     4144.410     4150.790     4156.880
   365:     4157.010     4162.050     4377.650     4377.940     4418.080
   370:     4418.830     4438.400     4438.400     4438.400     4438.410
   375:     4448.400     4448.410     4474.020     4475.500     4623.970
   380:     4625.130     4628.730     4640.030     4785.340     4785.770
   385:     4799.030     4799.060     4811.800     4811.800     4811.800
   390:     4811.810     4812.420     4812.420     4813.660     4821.800
   395:     4821.810     5369.100     5372.020     5876.060     5977.190
   400:     5977.190     5977.190     5977.200     5977.810     5977.810
   405:     5979.140     5979.140     5980.070     5980.070     5984.820
   410:     5984.820     5987.190     5987.200     5987.730     5987.730
   415:     5987.730     5987.740     5988.650     5988.650     5990.470
   420:     5990.470     5990.670     5990.670     5992.820     5995.150
   425:     5995.150     5996.240     5996.240     5997.730     5997.740
   430:     6003.400     6003.490     6489.460     6489.900     6491.830
   435:     6492.680     6494.060     6494.590     6495.670     6497.670
   440:     6498.670     6755.880     6756.350     6781.500     6782.970
   445:     6783.910     6785.060     6789.120     6790.210     6792.210
   450:     7225.280     7226.200     7226.430     7227.800     7229.650
   455:     7307.900     7309.100     7310.390     7316.330     7317.230
   460:     7317.510     7318.690     7320.170     7321.030     7322.060
   465:     7323.920     7326.170     7336.290     7336.950     7337.540
   470:     7339.670     7340.040     7340.190     7343.820     7347.720
   475:     7607.860     7608.080     7615.270     7615.500     7616.290
   480:     7616.800     7617.340     7618.430     7618.690     7620.120
   485:     7620.840     7625.980     7625.980     7625.980     7625.990
   490:     7626.070     7626.070     7627.250     7629.190     7635.980
   495:     7635.990     8236.580     8237.230     8238.240     8239.240
   500:     8239.990     8240.320     8244.120     8244.410     8251.010
   505:     8252.720     8264.180     8290.500     8290.500     8290.500
   510:     8290.510     8300.500     8300.510     8319.240     8319.240
   515:     8319.240     8319.250     8319.610     8319.610     8319.730
   520:     8319.730     8319.840     8319.840     8320.400     8320.400
   525:     8329.240     8329.250     9000.180     9022.470     9025.520
   530:     9040.600     9041.670     9041.960     9042.070     9043.960
   535:     9046.810     9046.940     9047.130     9047.420     9051.200
   540:     9052.020     9052.550     9052.970     9053.050     9053.590
   545:     9053.750     9054.330     9055.640     9055.790     9055.950
   550:     9061.240     9064.360     9067.540     9130.100     9136.060
   555:     9136.260     9136.340     9138.290     9139.030     9615.680
   560:    10800.000
