File: C:\MED-PC\Data\2024-11-22_09h13m_Subject 40.txt


Start Date: 11/22/24
End Date: 11/22/24
Subject: 40
Experiment: OralFentSA
Group: One
Box: 8
Start Time: 09:13:17
End Time: 12:13:59
MSN: Golden_Liq_SelfAdmin_EXT
F:       0.000
G:     894.000
H:   10800.000
I:       0.000
J:       0.000
K:       0.000
L:       0.000
M:       0.000
N:       0.000
O:       0.000
P:       0.000
Q:       0.000
R:       0.000
S:       0.000
U:       0.000
V:       0.000
W:       0.000
X:       0.000
Y:       0.000
Z:       0.000
A:
     0:        0.000        0.000      180.000        4.000        0.000
     5:        5.000        0.000        5.000        0.000        0.000
    10:        1.000        0.000       10.000   100000.000       21.000
    15:       25.000      600.000        0.000        0.000        0.000
    20:        0.000
B:
     0:        0.000        0.000        0.000        0.000        0.000
     5:        0.000        0.000        0.000        0.000        0.000
    10:        0.000        0.000     1000.000 10000000.000        0.000
    15:        0.000        0.000        0.000        0.000        0.000
    20:        0.000
C:
     0:        0.000       31.000       17.000       40.000      643.000
     5:    10725.840        8.820       12.000      606.000       50.500
    10:       40.000       17.000        0.000        0.000        0.000
    15:        0.000        0.000        0.000        0.000        0.000
    20:        0.000
D:
     0:       15.080      176.430       11.230       51.260       57.090
     5:      110.880        3.390       27.310        2.910       54.370
    10:       87.230        8.820
E:
     0:       19.000       11.000       26.000       27.000        2.000
     5:        4.000       22.000       24.000       12.000       21.000
    10:       22.000       19.000       11.000        2.000        4.000
    15:       22.000       24.000       12.000       19.000       11.000
    20:        2.000        4.000       22.000       24.000       12.000
    25:       21.000       22.000       21.000       22.000       21.000
    30:       22.000       21.000       22.000       21.000       22.000
    35:       19.000       11.000        2.000        4.000       22.000
    40:       24.000       12.000       21.000       22.000       19.000
    45:       11.000        6.000        6.000        6.000        6.000
    50:        6.000        6.000        6.000        6.000        6.000
    55:        6.000        6.000        6.000        6.000        6.000
    60:        6.000        6.000        6.000        6.000        6.000
    65:        6.000        6.000        6.000        6.000        6.000
    70:        6.000        6.000        6.000        6.000        6.000
    75:        6.000        6.000        6.000        6.000        6.000
    80:        6.000        6.000        6.000        2.000        4.000
    85:       22.000       24.000       12.000       19.000       11.000
    90:        2.000        4.000       22.000       24.000       12.000
    95:       19.000       11.000        2.000        4.000       22.000
   100:       24.000       12.000       19.000       11.000        2.000
   105:        4.000       22.000       24.000       12.000       19.000
   110:       11.000        1.000        2.000        4.000       22.000
   115:       24.000       12.000       19.000       11.000        2.000
   120:        4.000       22.000       24.000       12.000       21.000
   125:       22.000       19.000       11.000        2.000        4.000
   130:       22.000       24.000       12.000       19.000       11.000
   135:        2.000        4.000       22.000       24.000       12.000
   140:       19.000       11.000        2.000        4.000       22.000
   145:       24.000       12.000       19.000       11.000        2.000
   150:        4.000       22.000       24.000       12.000       19.000
   155:       11.000        6.000        6.000        6.000        6.000
   160:        6.000        6.000        6.000        6.000        6.000
   165:        6.000        6.000        6.000        6.000        6.000
   170:        6.000        6.000        6.000        6.000        6.000
   175:        6.000        6.000        6.000        6.000        6.000
   180:        6.000        6.000        6.000        6.000        6.000
   185:        6.000        6.000        6.000        6.000        6.000
   190:        6.000        1.000        1.000        2.000        4.000
   195:       22.000       24.000       12.000       19.000       11.000
   200:        2.000        4.000       22.000       24.000       12.000
   205:       19.000       11.000        2.000        4.000       22.000
   210:       24.000       12.000       19.000       11.000        6.000
   215:        6.000        6.000        6.000        6.000        6.000
   220:        6.000        6.000        6.000        6.000        2.000
   225:        4.000       22.000       24.000       12.000       19.000
   230:       11.000        2.000        4.000       22.000       24.000
   235:       12.000       20.000       19.000       11.000        6.000
   240:        6.000        6.000        6.000        6.000        6.000
   245:        6.000        6.000        6.000        6.000        2.000
   250:        4.000       22.000       24.000       12.000       19.000
   255:       11.000        6.000        6.000        6.000        6.000
   260:        6.000        6.000        6.000        6.000        6.000
   265:        6.000        6.000        6.000        6.000        6.000
   270:        6.000        6.000        6.000        6.000        6.000
   275:        6.000        6.000        6.000        6.000        6.000
   280:        6.000        6.000        6.000        6.000        6.000
   285:        6.000        6.000        6.000        6.000        2.000
   290:        4.000       22.000       24.000       12.000       21.000
   295:       22.000       19.000       11.000        6.000        6.000
   300:        6.000        6.000        6.000        6.000        6.000
   305:        6.000        6.000        6.000        6.000        6.000
   310:        6.000        6.000        6.000        6.000        6.000
   315:        6.000        6.000        6.000        6.000        6.000
   320:        6.000        6.000        6.000        6.000        6.000
   325:        6.000        6.000        6.000        6.000        6.000
   330:        6.000        6.000        2.000        4.000       22.000
   335:       24.000       12.000        6.000        6.000        6.000
   340:        6.000        6.000        6.000        6.000        6.000
   345:       19.000       11.000        6.000        6.000        6.000
   350:        6.000        6.000        6.000        6.000        6.000
   355:        6.000        6.000        6.000        6.000        6.000
   360:        6.000        6.000        6.000        6.000        6.000
   365:        6.000        6.000        6.000        6.000        6.000
   370:        6.000        6.000        6.000        6.000        6.000
   375:        6.000        6.000        6.000        6.000        1.000
   380:        1.000        2.000        4.000       22.000       24.000
   385:       12.000       19.000       11.000        6.000        6.000
   390:        6.000        6.000        6.000        6.000        6.000
   395:        6.000        6.000        6.000        6.000        6.000
   400:        6.000        6.000        6.000        6.000        6.000
   405:        6.000        6.000        6.000        6.000        6.000
   410:        6.000        6.000        6.000        6.000        6.000
   415:        6.000        6.000        6.000        6.000        6.000
   420:        6.000        6.000        6.000        6.000        6.000
   425:        6.000        6.000        6.000        6.000        6.000
   430:        6.000        6.000        6.000        6.000        6.000
   435:        6.000        6.000        6.000        6.000        6.000
   440:        6.000        6.000        6.000        6.000        6.000
   445:        6.000        6.000        6.000        6.000        6.000
   450:        6.000        6.000        6.000        6.000        6.000
   455:        6.000        6.000        6.000        6.000        6.000
   460:        6.000        6.000        6.000        6.000        2.000
   465:        4.000       22.000       24.000       12.000       19.000
   470:       11.000        2.000        4.000       22.000       24.000
   475:       12.000        6.000        6.000        6.000        6.000
   480:       19.000       11.000        6.000        6.000        6.000
   485:        6.000        6.000        6.000        6.000        6.000
   490:        6.000        6.000        6.000        6.000        6.000
   495:        6.000        6.000        6.000        6.000        6.000
   500:        6.000        6.000        6.000        6.000        6.000
   505:        6.000        6.000        6.000        6.000        6.000
   510:        6.000        6.000        6.000        6.000        6.000
   515:        6.000        6.000        6.000        6.000        6.000
   520:        6.000        6.000        6.000        6.000        6.000
   525:        6.000        6.000        6.000        6.000        6.000
   530:        6.000        6.000        6.000        6.000        6.000
   535:        6.000        6.000        6.000        6.000        6.000
   540:        6.000        6.000        6.000        6.000        6.000
   545:        6.000        6.000        6.000        6.000        6.000
   550:        6.000        6.000        6.000        6.000        6.000
   555:        6.000        6.000        6.000        6.000        6.000
   560:        6.000        6.000        6.000        6.000        6.000
   565:        6.000        6.000        6.000        6.000        6.000
   570:        6.000        6.000        6.000        6.000        6.000
   575:        6.000        6.000        6.000        6.000        6.000
   580:        6.000        6.000        6.000        6.000        6.000
   585:        6.000        6.000        6.000        6.000        6.000
   590:        6.000        6.000        6.000        6.000        6.000
   595:        6.000        6.000        6.000        6.000        6.000
   600:        6.000        6.000        6.000        6.000        6.000
   605:        6.000        6.000        6.000        6.000        6.000
   610:        6.000        6.000        6.000        6.000        6.000
   615:        6.000        6.000        6.000        6.000        6.000
   620:        6.000        6.000        6.000        6.000        6.000
   625:        6.000        6.000        6.000        6.000        6.000
   630:        6.000        6.000        6.000        6.000        6.000
   635:        6.000        6.000        6.000        6.000        6.000
   640:        6.000        6.000        6.000        6.000        6.000
   645:        6.000        6.000        6.000        6.000        6.000
   650:        6.000        6.000        1.000        1.000        1.000
   655:        6.000        6.000        6.000        6.000        6.000
   660:        6.000        6.000        6.000        6.000        6.000
   665:        6.000        6.000        6.000        6.000        6.000
   670:        6.000        6.000        6.000        6.000        6.000
   675:        6.000        6.000        6.000        6.000        6.000
   680:        6.000        6.000        6.000        6.000        6.000
   685:        6.000        6.000        6.000        6.000        1.000
   690:        6.000        6.000        6.000        6.000        6.000
   695:        6.000        1.000        6.000        6.000        6.000
   700:        6.000        6.000        6.000        6.000        6.000
   705:        6.000        6.000        6.000        6.000        6.000
   710:        6.000        6.000        6.000        6.000        6.000
   715:        6.000        6.000        6.000        6.000        6.000
   720:        6.000        6.000        6.000        6.000        6.000
   725:        2.000        4.000       22.000       24.000       12.000
   730:       19.000       11.000        6.000        6.000        6.000
   735:        6.000        6.000        6.000        6.000        6.000
   740:        6.000        6.000        6.000        6.000        6.000
   745:        6.000        6.000        6.000        6.000        6.000
   750:        6.000        2.000        4.000       22.000       24.000
   755:       12.000       19.000       11.000        2.000        4.000
   760:       22.000       24.000       12.000       21.000       22.000
   765:       19.000       11.000        6.000        6.000        6.000
   770:        6.000        6.000        6.000        6.000        6.000
   775:        6.000        6.000        6.000        6.000        6.000
   780:        6.000        6.000        6.000        6.000        6.000
   785:        6.000        6.000        6.000        6.000        6.000
   790:        6.000        6.000        6.000        6.000        1.000
   795:        1.000        6.000        6.000        6.000        6.000
   800:        6.000        6.000        6.000        6.000        6.000
   805:        6.000        6.000        6.000        6.000        6.000
   810:        1.000        2.000        4.000       22.000       24.000
   815:       12.000        6.000        6.000       19.000       11.000
   820:        6.000        6.000        6.000        6.000        6.000
   825:        6.000        6.000        6.000        6.000        6.000
   830:        6.000        6.000        6.000        6.000        6.000
   835:        6.000        6.000        6.000        6.000        6.000
   840:        6.000        6.000        6.000        6.000        6.000
   845:        6.000        6.000        6.000        6.000        6.000
   850:        6.000        6.000        6.000        6.000        6.000
   855:        6.000        6.000        6.000        6.000        6.000
   860:        6.000        6.000        6.000        6.000        6.000
   865:        6.000        6.000        6.000        6.000        6.000
   870:        6.000        6.000        6.000        6.000        6.000
   875:        6.000        6.000        6.000        6.000        6.000
   880:        6.000        6.000        6.000        6.000        1.000
   885:        2.000        4.000       22.000       24.000       12.000
   890:       19.000       11.000        1.000        1.000      100.000
T:
     0:        0.000        0.000        0.000        0.000        2.060
     5:        2.060        2.060        2.070        2.070        8.190
    10:        8.190       12.060       12.070       31.000       31.000
    15:       31.000       31.010       31.010       41.000       41.010
    20:       58.050       58.050       58.050       58.060       58.060
    25:       60.210       60.210       62.150       62.150       63.520
    30:       63.520       65.310       65.310       67.940       67.940
    35:       68.050       68.060       69.130       69.130       69.130
    40:       69.140       69.140       74.010       74.010       79.130
    45:       79.140       84.220       86.660       89.030       90.310
    50:       91.920       96.430       96.520       96.640       96.770
    55:       98.120       99.030       99.320       99.390       99.750
    60:       99.820      100.060      100.470      101.610      102.400
    65:      102.550      103.280      103.720      103.980      104.020
    70:      104.110      104.130      104.290      104.350      104.850
    75:      104.950      105.200      105.310      105.400      107.100
    80:      107.210      109.880      110.030      123.010      123.010
    85:      123.010      123.020      123.020      133.010      133.020
    90:      392.940      392.940      392.940      392.950      392.950
    95:      402.940      402.950      416.520      416.520      416.520
   100:      416.530      416.530      426.520      426.530      427.000
   105:      427.000      427.000      427.010      427.010      437.000
   110:      437.010      489.950      495.160      495.160      495.160
   115:      495.170      495.170      505.160      505.170      515.610
   120:      515.610      515.610      515.620      515.620      517.040
   125:      517.040      525.610      525.620     1260.750     1260.750
   130:     1260.750     1260.760     1260.760     1270.750     1270.760
   135:     1499.570     1499.570     1499.570     1499.580     1499.580
   140:     1509.570     1509.580     1617.940     1617.940     1617.940
   145:     1617.950     1617.950     1627.940     1627.950     2663.380
   150:     2663.380     2663.380     2663.390     2663.390     2673.380
   155:     2673.390     2839.820     2839.950     2840.360     2841.290
   160:     2842.920     2843.770     2843.980     2845.540     2845.640
   165:     2863.400     2880.120     2881.350     2881.590     2881.620
   170:     2884.580     2884.740     2885.790     2886.180     2887.380
   175:     2888.270     2896.780     2897.400     2897.880     2899.820
   180:     2899.840     2899.970     2900.080     2900.390     2976.020
   185:     2976.180     2976.260     2977.130     2977.220     2981.970
   190:     2982.060     3018.040     3034.590     3249.190     3249.190
   195:     3249.190     3249.200     3249.200     3259.190     3259.200
   200:     3282.790     3282.790     3282.790     3282.800     3282.800
   205:     3292.790     3292.800     3340.350     3340.350     3340.350
   210:     3340.360     3340.360     3350.350     3350.360     3351.590
   215:     3352.600     3352.790     3354.450     3354.470     3354.500
   220:     3356.990     3357.120     3360.340     3361.410     3426.880
   225:     3426.880     3426.880     3426.890     3426.890     3436.880
   230:     3436.890     7161.910     7161.910     7161.910     7161.920
   235:     7161.920     7169.200     7171.910     7171.920     7213.180
   240:     7213.330     7215.160     7216.000     7218.050     7384.000
   245:     7386.580     7386.640     7386.660     7387.400     7403.540
   250:     7403.540     7403.540     7403.550     7403.550     7413.540
   255:     7413.550     7460.640     7466.080     7466.140     7466.230
   260:     7466.840     7468.240     7468.360     7468.430     7470.280
   265:     7476.220     7476.910     7477.750     7478.130     7479.330
   270:     7479.510     7479.600     7481.220     7481.320     7481.730
   275:     7481.820     7481.930     7482.050     7482.970     7483.530
   280:     7484.210     7486.250     7486.510     7486.630     7486.710
   285:     7488.190     7488.440     7490.020     7490.390     7616.030
   290:     7616.030     7616.030     7616.040     7616.040     7617.920
   295:     7617.920     7626.030     7626.040     7726.920     7727.370
   300:     7730.460     7731.890     7732.080     7848.230     7849.620
   305:     7851.350     7851.710     7853.520     7858.290     7858.330
   310:     7858.390     7858.470     7860.750     7862.790     7865.280
   315:     7868.740     7869.890     7870.560     7871.590     7871.630
   320:     7872.300     7872.350     7872.570     7872.630     7873.320
   325:     7873.400     7873.550     7873.600     7874.040     7874.180
   330:     7874.760     7875.370     7884.560     7884.560     7884.560
   335:     7884.570     7884.570     7887.960     7888.320     7892.000
   340:     7892.720     7892.850     7892.930     7893.060     7893.280
   345:     7894.560     7894.570     7895.510     7896.000     7896.300
   350:     7898.180     7898.460     7898.620     7898.750     7898.800
   355:     7898.940     7899.240     7899.580     7900.980     7901.180
   360:     7901.680     7902.660     7902.730     7902.890     7902.970
   365:     7904.230     7904.320     7904.400     7904.530     7904.690
   370:     7938.230     7960.510     7962.400     7963.130     7968.150
   375:     7970.260     7971.840     7971.930     7972.460     8041.350
   380:     8207.890     8227.070     8227.070     8227.070     8227.080
   385:     8227.080     8237.070     8237.080     8254.390     8254.580
   390:     8257.760     8259.750     8263.430     8266.500     8266.620
   395:     8266.760     8267.870     8268.120     8268.190     8405.200
   400:     8405.620     8405.670     8411.880     8412.530     8412.620
   405:     8415.210     8415.460     8416.460     8422.910     8423.970
   410:     8425.110     8425.160     8425.730     8426.980     8427.200
   415:     8428.410     8428.450     8430.450     8431.900     8432.560
   420:     8433.750     8433.810     8434.400     8434.590     8434.690
   425:     8436.810     8436.910     8438.810     8438.840     8439.960
   430:     8440.440     8441.270     8442.360     8442.740     8442.850
   435:     8442.990     8447.220     8447.320     8447.600     8447.720
   440:     8447.860     8448.000     8448.100     8448.600     8448.820
   445:     8449.060     8449.650     8449.960     8452.840     8453.320
   450:     8456.230     8510.100     8516.310     8518.150     8519.420
   455:     8519.460     8519.520     8523.450     8523.710     8523.760
   460:     8524.070     8524.500     8527.160     8528.330     8555.340
   465:     8555.340     8555.340     8555.350     8555.350     8565.340
   470:     8565.350     8595.430     8595.430     8595.430     8595.440
   475:     8595.440     8598.350     8598.500     8603.910     8604.210
   480:     8605.430     8605.440     8607.050     8607.100     8607.570
   485:     8607.660     8608.020     8608.150     8614.130     8614.400
   490:     8614.460     8614.580     8616.540     8618.330     8621.580
   495:     8623.540     8624.170     8624.230     8627.510     8627.770
   500:     8627.870     8628.390     8630.850     8630.990     8631.100
   505:     8631.380     8632.780     8632.970     8633.010     8633.210
   510:     8633.510     8633.740     8633.890     8634.210     8637.130
   515:     8637.920     8648.520     8649.250     8649.410     8649.760
   520:     8649.900     8650.380     8650.860     8657.350     8661.220
   525:     8661.450     8661.630     8661.790     8661.840     8665.890
   530:     8669.650     8672.930     8675.580     8675.680     8676.910
   535:     8677.070     8677.380     8677.950     8678.030     8678.130
   540:     8678.640     8679.110     8679.360     8680.860     8680.960
   545:     8682.600     8683.800     8683.890     8713.890     8715.230
   550:     8716.680     8717.900     8719.160     8719.350     8721.420
   555:     8721.460     8723.370     8723.460     8724.550     8725.730
   560:     8740.010     8741.100     8744.140     8766.410     8769.930
   565:     8770.730     8771.390     8775.190     8775.240     8775.310
   570:     8778.820     8779.140     8780.260     8780.380     8780.650
   575:     8780.770     8780.860     8786.870     8795.730     8797.760
   580:     8798.970     8799.050     8799.190     8799.290     8799.460
   585:     8799.600     8799.680     8800.560     8811.830     8812.260
   590:     8812.480     8814.970     8815.890     8824.880     8826.990
   595:     8827.470     8827.640     8827.760     8827.840     8849.040
   600:     8849.120     8849.810     8849.910     8849.970     8850.210
   605:     8850.660     8850.700     8851.030     8851.150     8851.340
   610:     8851.900     8851.960     8852.120     8852.540     8853.000
   615:     8853.840     8854.070     8854.230     8854.570     8854.720
   620:     8854.940     8858.180     8858.630     8859.000     8859.090
   625:     8859.370     8859.480     8859.680     8860.260     8860.490
   630:     8860.650     8861.680     8861.840     8862.670     8862.690
   635:     8862.810     8863.080     8863.640     8864.430     8867.990
   640:     8879.350     8879.490     8879.600     8880.630     8881.270
   645:     8883.930     8884.000     8887.480     8889.710     8891.510
   650:     8892.470     8894.250     9095.300     9111.210     9115.700
   655:     9239.650     9246.050     9246.840     9248.610     9248.680
   660:     9249.490     9250.620     9252.290     9252.520     9252.820
   665:     9254.130     9255.460     9256.910     9270.480     9274.750
   670:     9286.410     9288.370     9288.430     9293.360     9294.700
   675:     9296.600     9296.650     9296.810     9296.960     9299.570
   680:     9299.740     9301.070     9301.800     9307.230     9307.320
   685:     9315.930     9316.740     9317.490     9317.550     9575.110
   690:     9609.120     9609.200     9610.850     9611.440     9612.180
   695:     9713.140     9790.850     9834.420     9834.440     9836.740
   700:     9840.080     9843.400     9843.890     9847.070     9847.110
   705:     9848.810     9848.920     9849.020     9849.150     9849.270
   710:     9849.390     9849.540     9849.920     9850.010     9850.150
   715:     9850.470     9851.620     9852.220     9852.940     9853.030
   720:     9853.380     9854.370     9854.420     9854.900     9855.910
   725:     9863.870     9863.870     9863.870     9863.880     9863.880
   730:     9873.870     9873.880     9918.250     9925.340     9925.410
   735:     9927.300     9928.810     9928.880     9929.010     9930.240
   740:     9930.780     9930.820     9931.310     9931.400     9934.790
   745:     9938.940     9940.950     9941.040     9941.200     9941.550
   750:     9942.750    10070.300    10070.300    10070.300    10070.310
   755:    10070.310    10080.300    10080.310    10092.310    10092.310
   760:    10092.310    10092.320    10092.320    10095.810    10095.810
   765:    10102.310    10102.320    10179.550    10180.410    10180.570
   770:    10180.930    10181.320    10181.400    10181.530    10182.850
   775:    10183.530    10184.100    10184.590    10184.710    10184.750
   780:    10186.510    10186.580    10186.920    10187.730    10188.360
   785:    10190.280    10191.180    10192.470    10195.750    10196.150
   790:    10196.190    10196.250    10196.750    10197.910    10224.300
   795:    10226.690    10350.690    10394.320    10395.200    10395.220
   800:    10410.160    10410.900    10411.930    10412.250    10413.210
   805:    10414.000    10414.140    10414.350    10425.000    10425.060
   810:    10432.620    10452.170    10452.170    10452.170    10452.180
   815:    10452.180    10461.000    10461.350    10462.170    10462.180
   820:    10487.520    10488.350    10488.530    10491.110    10494.450
   825:    10495.470    10496.740    10496.890    10497.010    10497.360
   830:    10498.180    10501.670    10503.080    10506.060    10506.130
   835:    10508.070    10511.160    10517.950    10520.020    10520.100
   840:    10522.180    10522.970    10527.070    10527.840    10527.860
   845:    10529.780    10530.880    10531.400    10532.170    10532.420
   850:    10532.690    10533.690    10538.790    10541.440    10541.550
   855:    10542.040    10542.240    10542.300    10542.390    10542.490
   860:    10543.240    10543.400    10544.090    10544.730    10544.790
   865:    10544.840    10545.070    10545.270    10546.290    10546.750
   870:    10547.390    10549.120    10552.510    10554.740    10554.810
   875:    10555.900    10559.110    10560.610    10563.200    10563.480
   880:    10563.910    10565.670    10565.860    10566.690    10686.640
   885:    10725.830    10725.830    10725.830    10725.840    10725.840
   890:    10735.830    10735.840    10749.250    10750.940    10800.000
