File: C:\MED-PC\Data\2024-10-30_12h44m_Subject 52.txt


Start Date: 10/30/24
End Date: 10/30/24
Subject: 52
Experiment: OralFentSA
Group: One
Box: 8
Start Time: 12:44:48
End Time: 15:48:28
MSN: 20241014_Golden_Liq_SelfAdmin
F:       0.000
G:    1343.000
H:   10800.000
I:       0.000
J:       0.000
K:       0.000
L:       0.000
M:       0.000
N:       0.000
O:       0.000
P:       0.000
Q:       0.000
R:       0.000
S:       0.000
U:       0.000
V:       0.000
W:       0.000
X:       0.000
Y:       0.000
Z:       0.000
A:
     0:        0.000        0.000      180.000        4.000        0.000
     5:        5.000        0.000        5.000        0.000        0.000
    10:        1.000        0.000       10.000   100000.000       22.400
    15:        8.000      640.000        0.000        0.000        0.000
    20:        0.000
B:
     0:        0.000        0.000        0.000      400.000        0.000
     5:      500.000        0.000      500.000        0.000        0.000
    10:        0.000        0.000     1000.000 10000000.000        0.000
    15:        0.000        0.000        0.000        0.000        0.000
    20:        0.000
C:
     0:       58.000       59.000      119.000       98.000      328.000
     5:    10769.940        3.840       33.000     1810.050       54.850
    10:       98.000      119.000        0.000        0.000        0.000
    15:        0.000        0.000        0.000        0.000        0.000
    20:        0.000
D:
     0:       12.580       47.350       71.780        4.690       34.190
     5:       86.170       53.020        1.010        3.150      191.980
    10:      101.090        2.260       31.170        2.050       40.690
    15:       28.260       39.310       55.690        1.850      327.650
    20:       38.510       16.940       18.330       93.360      103.160
    25:       14.180        4.480        1.650       51.830       26.850
    30:      289.960       11.020        3.840
E:
     0:       19.000       11.000       26.000       27.000        2.000
     5:        4.000       22.000       24.000       12.000       13.000
    10:        8.000        5.000       17.000       18.000       14.000
    15:       10.000       21.000       22.000       19.000       11.000
    20:        6.000        6.000        6.000        6.000        6.000
    25:        6.000        6.000        6.000        6.000        6.000
    30:        6.000        6.000        6.000        2.000        4.000
    35:       22.000       24.000       12.000       13.000        8.000
    40:        5.000       17.000       18.000       14.000       10.000
    45:       19.000       11.000        1.000        1.000        1.000
    50:        6.000        6.000        1.000        6.000        6.000
    55:        6.000        6.000        6.000        6.000        2.000
    60:        4.000       22.000       24.000       12.000       13.000
    65:        8.000        5.000       17.000       18.000       14.000
    70:       10.000       19.000       11.000        6.000        6.000
    75:        6.000        6.000        6.000        6.000        2.000
    80:        4.000       22.000       24.000       12.000       13.000
    85:        8.000        5.000       17.000       18.000       14.000
    90:       10.000       19.000       11.000        2.000        4.000
    95:       22.000       24.000       12.000       13.000        8.000
   100:        5.000       17.000       18.000        6.000       14.000
   105:       10.000        6.000       19.000       11.000        6.000
   110:        6.000        6.000        6.000        2.000        4.000
   115:       22.000       24.000       12.000       13.000        8.000
   120:        5.000       17.000       18.000       14.000       10.000
   125:       19.000       11.000        1.000        6.000        6.000
   130:        6.000        6.000        1.000        1.000        6.000
   135:        6.000        6.000        6.000        6.000        6.000
   140:        6.000        6.000        2.000        4.000       22.000
   145:       24.000       12.000       13.000        8.000        5.000
   150:       17.000       18.000       14.000       10.000       19.000
   155:       11.000        1.000        1.000        6.000        6.000
   160:        6.000        6.000        6.000        6.000        6.000
   165:        6.000        6.000        6.000        6.000        6.000
   170:        6.000        6.000        6.000        6.000        6.000
   175:        6.000        6.000        6.000        6.000        6.000
   180:        6.000        6.000        6.000        6.000        6.000
   185:        1.000        2.000        4.000       22.000       24.000
   190:       12.000       13.000        8.000        5.000       17.000
   195:       18.000       14.000       10.000       19.000       11.000
   200:        1.000        1.000        1.000        6.000        6.000
   205:        6.000        6.000        6.000        6.000        1.000
   210:        2.000        4.000       22.000       24.000       12.000
   215:       13.000        8.000        5.000       17.000       18.000
   220:       14.000       10.000       19.000       11.000        1.000
   225:        1.000        2.000        4.000       22.000       24.000
   230:       12.000       13.000        8.000        5.000       17.000
   235:        6.000        6.000       18.000       14.000       10.000
   240:        6.000        6.000        6.000        6.000       19.000
   245:       11.000        6.000        6.000        6.000        6.000
   250:        6.000        6.000        6.000        6.000        6.000
   255:        6.000        6.000        2.000        4.000       22.000
   260:       24.000       12.000       13.000        8.000        5.000
   265:       17.000        6.000        6.000        6.000        6.000
   270:        6.000       18.000       14.000       10.000       19.000
   275:       11.000        6.000        6.000        6.000        6.000
   280:        6.000        6.000        6.000        6.000        6.000
   285:        6.000        6.000        6.000        6.000        6.000
   290:        6.000        6.000        6.000        6.000        2.000
   295:        4.000       22.000       24.000       12.000       13.000
   300:        8.000        5.000       17.000       21.000       22.000
   305:       18.000       14.000       10.000       19.000       11.000
   310:        1.000        6.000        6.000        6.000        6.000
   315:        6.000        6.000        6.000        6.000        6.000
   320:        6.000        6.000        6.000        6.000        2.000
   325:        4.000       22.000       24.000       12.000       13.000
   330:        8.000        5.000       17.000       18.000       14.000
   335:       10.000       19.000       11.000        1.000        6.000
   340:        1.000        6.000        6.000        6.000        6.000
   345:        6.000        6.000        6.000        6.000        6.000
   350:        2.000        4.000       22.000       24.000       12.000
   355:       13.000        8.000        5.000       17.000        6.000
   360:        6.000        6.000        6.000       18.000        6.000
   365:       14.000       10.000       19.000       11.000        6.000
   370:        6.000        6.000        6.000        6.000        1.000
   375:        2.000        4.000       22.000       24.000       12.000
   380:       13.000        8.000        5.000       17.000       18.000
   385:       14.000       10.000       19.000       11.000        6.000
   390:        6.000        6.000        6.000        6.000        6.000
   395:        1.000        1.000        6.000        6.000        6.000
   400:        6.000        6.000        6.000        6.000        6.000
   405:        6.000        1.000        1.000        6.000        6.000
   410:        6.000        6.000        6.000        2.000        4.000
   415:       22.000       24.000       12.000       13.000        8.000
   420:        5.000       17.000       18.000       14.000       10.000
   425:       19.000       11.000        2.000        4.000       22.000
   430:       24.000       12.000       13.000        8.000        5.000
   435:       17.000       21.000       22.000       18.000       14.000
   440:       10.000       19.000       11.000        1.000        1.000
   445:        1.000        2.000        4.000       22.000       24.000
   450:       12.000       13.000        8.000        5.000       17.000
   455:       18.000       14.000       10.000       21.000       22.000
   460:       21.000       22.000       19.000       11.000        2.000
   465:        4.000       22.000       24.000       12.000       13.000
   470:        8.000        5.000       17.000        6.000        6.000
   475:       18.000       14.000       10.000        6.000        6.000
   480:       19.000       11.000        6.000        6.000        6.000
   485:        6.000        6.000        6.000        6.000        6.000
   490:        6.000        6.000        1.000        2.000        4.000
   495:       22.000       24.000       12.000       13.000        8.000
   500:        5.000       17.000       18.000       14.000       10.000
   505:       19.000       11.000        1.000        2.000        4.000
   510:       22.000       24.000       12.000       13.000        8.000
   515:        5.000       17.000       18.000       14.000       10.000
   520:       19.000       11.000        2.000        4.000       22.000
   525:       24.000       12.000       13.000        8.000        5.000
   530:       17.000       18.000       14.000       10.000       19.000
   535:       11.000        1.000        6.000        6.000        6.000
   540:        2.000        4.000       22.000       24.000       12.000
   545:       13.000        8.000        5.000       17.000       21.000
   550:       22.000       18.000       14.000       10.000       19.000
   555:       11.000        1.000        6.000        6.000        6.000
   560:        6.000        6.000        6.000        6.000        6.000
   565:        6.000        6.000        6.000        6.000        6.000
   570:        6.000        6.000        6.000        6.000        6.000
   575:        6.000        6.000        6.000        6.000        6.000
   580:        6.000        6.000        6.000        6.000        6.000
   585:        6.000        1.000        1.000        1.000        1.000
   590:        1.000        6.000        6.000        1.000        2.000
   595:        4.000       22.000       24.000       12.000       13.000
   600:        8.000        5.000       17.000       18.000       21.000
   605:       22.000       14.000       10.000       21.000       22.000
   610:       21.000       22.000       19.000       11.000        2.000
   615:        4.000       22.000       24.000       12.000       13.000
   620:        8.000        5.000       17.000       18.000       14.000
   625:       10.000       19.000       11.000        6.000        6.000
   630:        6.000        6.000        6.000        6.000        6.000
   635:        6.000        6.000        1.000        1.000        2.000
   640:        4.000       22.000       24.000       12.000       13.000
   645:        8.000        5.000       17.000       18.000       14.000
   650:       10.000       19.000       11.000        1.000        1.000
   655:        2.000        4.000       22.000       24.000       12.000
   660:       13.000        8.000        5.000       17.000       18.000
   665:       14.000       10.000       19.000       11.000        6.000
   670:        6.000        1.000        1.000        2.000        4.000
   675:       22.000       24.000       12.000       13.000        8.000
   680:        5.000       17.000        6.000        6.000        6.000
   685:       18.000        6.000        6.000        6.000       14.000
   690:       10.000        6.000        6.000       19.000       11.000
   695:        6.000        6.000        6.000        6.000        6.000
   700:        1.000        1.000        6.000        1.000        6.000
   705:        6.000        6.000        6.000        6.000        6.000
   710:        6.000        6.000        6.000        1.000        6.000
   715:        6.000        6.000        6.000        1.000        2.000
   720:        4.000       22.000       24.000       12.000       13.000
   725:        8.000        5.000       17.000       21.000       22.000
   730:       18.000       14.000       10.000       19.000       11.000
   735:        2.000        4.000       22.000       24.000       12.000
   740:       13.000        8.000        5.000       17.000       21.000
   745:       22.000       18.000       14.000       10.000       19.000
   750:       11.000        1.000        1.000        1.000        1.000
   755:        1.000        1.000        1.000        1.000        1.000
   760:        1.000        1.000        6.000        6.000        6.000
   765:        6.000        6.000        6.000        6.000        6.000
   770:        1.000        1.000        1.000        1.000        1.000
   775:        1.000        6.000        6.000        6.000        1.000
   780:        1.000        1.000        2.000        4.000       22.000
   785:       24.000       12.000       13.000        8.000        5.000
   790:       17.000       21.000       22.000       18.000       14.000
   795:       10.000       19.000       11.000        6.000        6.000
   800:        2.000        4.000       22.000       24.000       12.000
   805:       13.000        8.000        5.000       17.000       18.000
   810:       14.000       10.000       19.000       11.000        1.000
   815:        2.000        4.000       22.000       24.000       12.000
   820:       13.000        8.000        5.000       17.000       21.000
   825:       22.000       21.000       22.000       21.000       22.000
   830:       21.000       22.000       21.000       22.000       18.000
   835:       14.000       10.000       21.000       22.000       21.000
   840:       22.000       21.000       22.000       21.000       22.000
   845:       21.000       22.000       19.000       11.000        6.000
   850:        6.000        6.000        6.000        6.000        2.000
   855:        4.000       22.000       24.000       12.000       13.000
   860:        8.000        5.000       17.000       21.000       22.000
   865:       21.000       22.000       18.000       14.000       10.000
   870:       19.000       11.000        1.000        1.000        1.000
   875:        1.000        2.000        4.000       22.000       24.000
   880:       12.000       13.000        8.000        5.000       17.000
   885:       21.000       22.000       18.000       14.000       10.000
   890:       21.000       22.000       19.000       11.000        1.000
   895:        1.000        2.000        4.000       22.000       24.000
   900:       12.000       13.000        8.000        5.000       17.000
   905:       18.000       14.000       10.000       19.000       11.000
   910:        6.000        6.000        6.000        6.000        6.000
   915:        2.000        4.000       22.000       24.000       12.000
   920:       13.000        8.000        5.000       17.000       18.000
   925:       14.000       10.000       19.000       11.000        1.000
   930:        1.000        1.000        1.000        1.000        1.000
   935:        1.000        1.000        1.000        6.000        6.000
   940:        6.000        6.000        6.000        6.000        1.000
   945:        6.000        6.000        6.000        1.000        1.000
   950:        6.000        6.000        6.000        6.000        2.000
   955:        4.000       22.000       24.000       12.000       13.000
   960:        8.000        5.000       17.000       18.000       14.000
   965:       10.000       19.000       11.000        6.000        6.000
   970:        6.000        1.000        1.000        2.000        4.000
   975:       22.000       24.000       12.000       13.000        8.000
   980:        5.000       17.000       18.000       14.000       10.000
   985:       21.000       22.000       21.000       22.000       19.000
   990:       11.000        6.000        6.000        1.000        6.000
   995:        1.000        2.000        4.000       22.000       24.000
  1000:       12.000       13.000        8.000        5.000       17.000
  1005:       18.000        6.000       14.000       10.000        6.000
  1010:       19.000       11.000        2.000        4.000       22.000
  1015:       24.000       12.000       13.000        8.000        5.000
  1020:       17.000        6.000        6.000        6.000       18.000
  1025:        6.000        6.000        6.000        6.000       14.000
  1030:       10.000        6.000        6.000        6.000        6.000
  1035:        6.000       19.000       11.000        1.000        1.000
  1040:        6.000        6.000        6.000        6.000        2.000
  1045:        4.000       22.000       24.000       12.000       13.000
  1050:        8.000        5.000       17.000       18.000       14.000
  1055:       10.000       21.000       22.000       19.000       11.000
  1060:        1.000        1.000        1.000        1.000        1.000
  1065:        2.000        4.000       22.000       24.000       12.000
  1070:       13.000        8.000        5.000       17.000       21.000
  1075:       22.000       18.000       21.000       22.000       14.000
  1080:       10.000       21.000       22.000       19.000       11.000
  1085:        1.000        1.000        2.000        4.000       22.000
  1090:       24.000       12.000       13.000        8.000        5.000
  1095:       17.000       18.000       14.000       10.000       19.000
  1100:       11.000        2.000        4.000       22.000       24.000
  1105:       12.000       13.000        8.000        5.000       17.000
  1110:       18.000       14.000       10.000       19.000       11.000
  1115:        2.000        4.000       22.000       24.000       12.000
  1120:       13.000        8.000        5.000       17.000       18.000
  1125:       14.000       10.000       19.000       11.000        2.000
  1130:        4.000       22.000       24.000       12.000       13.000
  1135:        8.000        5.000       17.000       18.000       14.000
  1140:       10.000       21.000       22.000       19.000       11.000
  1145:        1.000        1.000        1.000        1.000        1.000
  1150:        2.000        4.000       22.000       24.000       12.000
  1155:       13.000        8.000        5.000       17.000       18.000
  1160:       14.000       10.000       19.000       11.000        6.000
  1165:        1.000        1.000        6.000        2.000        4.000
  1170:       22.000       24.000       12.000       13.000        8.000
  1175:        5.000       17.000       18.000       14.000       10.000
  1180:       19.000       11.000        6.000        6.000        6.000
  1185:        2.000        4.000       22.000       24.000       12.000
  1190:       13.000        8.000        5.000       17.000       18.000
  1195:       14.000       10.000       19.000       11.000        1.000
  1200:        1.000        1.000        1.000        6.000        6.000
  1205:        1.000        1.000        1.000        1.000        2.000
  1210:        4.000       22.000       24.000       12.000       13.000
  1215:        8.000        5.000       17.000       18.000       14.000
  1220:       10.000       19.000       11.000        2.000        4.000
  1225:       22.000       24.000       12.000       13.000        8.000
  1230:        5.000       17.000       21.000       22.000       18.000
  1235:       21.000       22.000       14.000       10.000       19.000
  1240:       11.000        1.000        2.000        4.000       22.000
  1245:       24.000       12.000       13.000        8.000        5.000
  1250:       17.000       18.000       14.000       10.000       21.000
  1255:       22.000       19.000       11.000        1.000        1.000
  1260:        1.000        2.000        4.000       22.000       24.000
  1265:       12.000       13.000        8.000        5.000       17.000
  1270:       18.000       21.000       22.000       14.000       10.000
  1275:       19.000       11.000        6.000        6.000        6.000
  1280:        2.000        4.000       22.000       24.000       12.000
  1285:       13.000        8.000        5.000       17.000       18.000
  1290:       14.000       10.000       19.000       11.000        2.000
  1295:        4.000       22.000       24.000       12.000       13.000
  1300:        8.000        5.000       17.000       21.000       22.000
  1305:        6.000       18.000       14.000       10.000       19.000
  1310:       11.000        2.000        4.000       22.000       24.000
  1315:       12.000       13.000        8.000        5.000       17.000
  1320:       18.000       14.000       10.000       21.000       22.000
  1325:       19.000       11.000        2.000        4.000       22.000
  1330:       24.000       12.000       13.000        8.000        5.000
  1335:       17.000       21.000       22.000       18.000       14.000
  1340:       10.000       19.000       11.000      100.000
T:
     0:        0.000        0.000        0.000        0.000       15.780
     5:       15.780       15.780       15.790       15.790       15.790
    10:       15.790       15.790       15.790       19.790       20.790
    15:       20.790       24.970       24.970       25.780       25.790
    20:       28.370       29.710       29.780       82.180       82.410
    25:       83.020       86.870       87.010       87.380       88.410
    30:       89.390      102.840      114.420      116.600      116.600
    35:      116.600      116.610      116.610      116.610      116.610
    40:      116.610      116.610      120.610      121.610      121.610
    45:      126.600      126.610      144.080      146.280      148.950
    50:      163.960      164.390      457.610      486.800      487.830
    55:      488.020      489.010      489.590      490.900      508.830
    60:      508.830      508.830      508.840      508.840      508.840
    65:      508.840      508.840      508.840      512.840      513.840
    70:      513.840      518.830      518.840      580.620      581.020
    75:      581.070      587.300      588.000      590.180      623.130
    80:      623.130      623.130      623.140      623.140      623.140
    85:      623.140      623.140      623.140      627.140      628.140
    90:      628.140      633.130      633.140      658.880      658.880
    95:      658.880      658.890      658.890      658.890      658.890
   100:      658.890      658.890      662.890      663.580      663.890
   105:      663.890      664.160      668.880      668.890      706.510
   110:      707.210      707.240      709.600      731.680      731.680
   115:      731.680      731.690      731.690      731.690      731.690
   120:      731.690      731.690      735.690      736.690      736.690
   125:      741.680      741.690      742.180      765.880      766.020
   130:      766.220      766.290      775.530      836.330      844.190
   135:      844.870      848.370      851.770      853.120      853.650
   140:      853.760      853.990      876.210      876.210      876.210
   145:      876.220      876.220      876.220      876.220      876.220
   150:      876.220      880.220      881.220      881.220      886.210
   155:      886.220      904.080      912.920      962.390      962.950
   160:      962.990     1008.700     1009.660     1009.740     1009.830
   165:     1010.050     1010.240     1010.310     1010.360     1010.410
   170:     1010.910     1011.110     1013.810     1025.190     1025.350
   175:     1027.420     1027.440     1027.650     1027.790     1027.930
   180:     1028.010     1028.260     1028.310     1028.370     1028.600
   185:     1035.470     1041.160     1041.160     1041.160     1041.170
   190:     1041.170     1041.170     1041.170     1041.170     1041.170
   195:     1045.170     1046.170     1046.170     1051.160     1051.170
   200:     1064.120     1078.720     1081.280     1094.190     1096.520
   205:     1096.810     1096.870     1097.630     1097.790     1109.650
   210:     1116.420     1116.420     1116.420     1116.430     1116.430
   215:     1116.430     1116.430     1116.430     1116.430     1120.430
   220:     1121.430     1121.430     1126.420     1126.430     1142.800
   225:     1148.570     1160.740     1160.740     1160.740     1160.750
   230:     1160.750     1160.750     1160.750     1160.750     1160.750
   235:     1161.760     1162.260     1164.750     1165.750     1165.750
   240:     1168.520     1169.100     1169.620     1169.670     1170.740
   245:     1170.750     1177.950     1181.890     1182.390     1182.620
   250:     1183.060     1183.140     1183.200     1184.060     1184.620
   255:     1185.320     1185.390     1211.920     1211.920     1211.920
   260:     1211.930     1211.930     1211.930     1211.930     1211.930
   265:     1211.930     1215.080     1215.430     1215.510     1215.570
   270:     1215.630     1215.930     1216.930     1216.930     1221.920
   275:     1221.930     1232.430     1234.640     1235.110     1236.420
   280:     1238.520     1239.040     1239.070     1239.170     1239.920
   285:     1240.090     1240.250     1240.600     1240.800     1240.840
   290:     1241.510     1241.930     1378.460     1381.660     1385.440
   295:     1385.440     1385.440     1385.450     1385.450     1385.450
   300:     1385.450     1385.450     1385.450     1389.020     1389.020
   305:     1389.450     1390.450     1390.450     1395.440     1395.450
   310:     1452.540     1577.430     1577.850     1584.170     1584.250
   315:     1585.280     1593.230     1595.090     1598.050     1598.610
   320:     1598.630     1598.660     1600.370     1601.480     1607.850
   325:     1607.850     1607.850     1607.860     1607.860     1607.860
   330:     1607.860     1607.860     1607.860     1611.860     1612.860
   335:     1612.860     1617.850     1617.860     1680.990     1708.950
   340:     1728.300     1732.850     1733.380     1746.930     1747.760
   345:     1747.820     1750.180     1750.430     1770.680     1771.280
   350:     1791.740     1791.740     1791.740     1791.750     1791.750
   355:     1791.750     1791.750     1791.750     1791.750     1794.010
   360:     1794.470     1794.700     1794.760     1795.750     1795.870
   365:     1796.750     1796.750     1801.740     1801.750     1865.820
   370:     1866.140     1866.180     1866.270     1866.300     1906.390
   375:     1931.450     1931.450     1931.450     1931.460     1931.460
   380:     1931.460     1931.460     1931.460     1931.460     1935.460
   385:     1936.460     1936.460     1941.450     1941.460     1962.630
   390:     1963.280     1975.420     1975.940     1978.000     1991.950
   395:     2040.740     2152.920     2198.820     2199.250     2200.270
   400:     2210.490     2210.890     2211.170     2212.900     2213.510
   405:     2215.260     2231.180     2244.870     2274.550     2299.980
   410:     2300.100     2301.040     2301.270     2310.030     2310.030
   415:     2310.030     2310.040     2310.040     2310.040     2310.040
   420:     2310.040     2310.040     2314.040     2315.040     2315.040
   425:     2320.030     2320.040     2336.230     2336.230     2336.230
   430:     2336.240     2336.240     2336.240     2336.240     2336.240
   435:     2336.240     2339.120     2339.120     2340.240     2341.240
   440:     2341.240     2346.230     2346.240     2363.690     2364.050
   445:     2381.600     2390.590     2390.590     2390.590     2390.600
   450:     2390.600     2390.600     2390.600     2390.600     2390.600
   455:     2394.600     2395.600     2395.600     2397.310     2397.310
   460:     2399.730     2399.730     2400.590     2400.600     2408.650
   465:     2408.650     2408.650     2408.660     2408.660     2408.660
   470:     2408.660     2408.660     2408.660     2410.710     2411.260
   475:     2412.660     2413.660     2413.660     2416.520     2417.710
   480:     2418.650     2418.660     2710.610     2710.840     2711.460
   485:     2711.570     2715.030     2715.850     2715.880     2716.230
   490:     2716.340     2716.380     2728.230     2758.720     2758.720
   495:     2758.720     2758.730     2758.730     2758.730     2758.730
   500:     2758.730     2758.730     2762.730     2763.730     2763.730
   505:     2768.720     2768.730     2835.870     2852.630     2852.630
   510:     2852.630     2852.640     2852.640     2852.640     2852.640
   515:     2852.640     2852.640     2856.640     2857.640     2857.640
   520:     2862.630     2862.640     2872.920     2872.920     2872.920
   525:     2872.930     2872.930     2872.930     2872.930     2872.930
   530:     2872.930     2876.930     2877.930     2877.930     2882.920
   535:     2882.930     2883.380     2913.620     2913.880     2921.280
   540:     2929.590     2929.590     2929.590     2929.600     2929.600
   545:     2929.600     2929.600     2929.600     2929.600     2930.490
   550:     2930.490     2933.600     2934.600     2934.600     2939.590
   555:     2939.600     2947.500     2957.860     2960.800     2961.590
   560:     2962.960     2992.560     2994.010     2999.460     3002.730
   565:     3003.120     3004.750     3091.300     3091.360     3223.180
   570:     3225.210     3226.550     3302.970     3327.600     3328.530
   575:     3328.550     3329.180     3329.260     3329.580     3333.060
   580:     3333.560     3333.590     3335.250     3336.270     3336.720
   585:     3336.950     3493.760     3552.590     3648.270     3717.640
   590:     3737.150     3745.600     3746.520     3778.310     3854.870
   595:     3854.870     3854.870     3854.880     3854.880     3854.880
   600:     3854.880     3854.880     3854.880     3858.880     3859.400
   605:     3859.400     3859.880     3859.880     3863.070     3863.070
   610:     3864.210     3864.210     3864.870     3864.880     3889.640
   615:     3889.640     3889.640     3889.650     3889.650     3889.650
   620:     3889.650     3889.650     3889.650     3893.650     3894.650
   625:     3894.650     3899.640     3899.650     3928.960     3929.350
   630:     3929.430     3935.380     3935.750     3935.890     3939.970
   635:     3940.450     3940.500     3947.170     3949.100     3956.430
   640:     3956.430     3956.430     3956.440     3956.440     3956.440
   645:     3956.440     3956.440     3956.440     3960.440     3961.440
   650:     3961.440     3966.430     3966.440     4392.820     4395.220
   655:     4403.840     4403.840     4403.840     4403.850     4403.850
   660:     4403.850     4403.850     4403.850     4403.850     4407.850
   665:     4408.850     4408.850     4413.840     4413.850     4459.540
   670:     4460.140     4470.640     4513.580     4524.640     4524.640
   675:     4524.640     4524.650     4524.650     4524.650     4524.650
   680:     4524.650     4524.650     4526.500     4526.550     4527.800
   685:     4528.650     4529.070     4529.290     4529.600     4529.650
   690:     4529.650     4529.960     4530.110     4534.640     4534.650
   695:     4558.730     4559.280     4560.030     4561.140     4562.180
   700:     4616.630     4629.630     4646.670     4707.700     4812.120
   705:     4812.350     4816.790     4818.960     4819.110     4819.640
   710:     4819.710     4875.820     4876.540     4894.600     5070.290
   715:     5070.610     5071.200     5071.270     5136.370     5155.200
   720:     5155.200     5155.200     5155.210     5155.210     5155.210
   725:     5155.210     5155.210     5155.210     5155.660     5155.660
   730:     5159.210     5160.210     5160.210     5165.200     5165.210
   735:     5208.390     5208.390     5208.390     5208.400     5208.400
   740:     5208.400     5208.400     5208.400     5208.400     5208.790
   745:     5208.790     5212.400     5213.400     5213.400     5218.390
   750:     5218.400     5225.840     5260.940     5267.960     5278.420
   755:     5284.040     5291.310     5311.990     5312.590     5492.110
   760:     5497.150     5498.940     5536.050     5536.210     5536.390
   765:     5536.990     5538.960     5539.080     5545.950     5546.620
   770:     5566.820     5576.230     5576.980     5577.700     5577.810
   775:     5580.210     5650.140     5650.620     5651.340     5705.940
   780:     5845.110     5848.530     5893.630     5893.630     5893.630
   785:     5893.640     5893.640     5893.640     5893.640     5893.640
   790:     5893.640     5896.350     5896.350     5897.640     5898.640
   795:     5898.640     5903.630     5903.640     5932.150     5959.930
   800:     5967.230     5967.230     5967.230     5967.240     5967.240
   805:     5967.240     5967.240     5967.240     5967.240     5971.240
   810:     5972.240     5972.240     5977.230     5977.240     6061.300
   815:     6084.490     6084.490     6084.490     6084.500     6084.500
   820:     6084.500     6084.500     6084.500     6084.500     6086.530
   825:     6086.530     6086.840     6086.840     6086.870     6086.870
   830:     6087.080     6087.080     6088.380     6088.380     6088.500
   835:     6089.500     6089.500     6089.550     6089.550     6090.380
   840:     6090.380     6090.690     6090.690     6091.500     6091.500
   845:     6091.830     6091.830     6094.490     6094.500     6101.440
   850:     6102.450     6102.500     6102.860     6103.060     6106.050
   855:     6106.050     6106.050     6106.060     6106.060     6106.060
   860:     6106.060     6106.060     6106.060     6107.020     6107.020
   865:     6109.660     6109.660     6110.060     6111.060     6111.060
   870:     6116.050     6116.060     6122.280     6139.350     6146.870
   875:     6237.720     6244.220     6244.220     6244.220     6244.230
   880:     6244.230     6244.230     6244.230     6244.230     6244.230
   885:     6248.060     6248.060     6248.230     6249.230     6249.230
   890:     6249.230     6249.230     6254.220     6254.230     6304.600
   895:     6306.220     6807.250     6807.250     6807.250     6807.260
   900:     6807.260     6807.260     6807.260     6807.260     6807.260
   905:     6811.260     6812.260     6812.260     6817.250     6817.260
   910:     6825.590     6826.560     6826.630     6826.880     6827.180
   915:     6831.710     6831.710     6831.710     6831.720     6831.720
   920:     6831.720     6831.720     6831.720     6831.720     6835.720
   925:     6836.720     6836.720     6841.710     6841.720     6849.670
   930:     6858.120     6885.960     6901.900     6903.150     6904.210
   935:     6906.250     6906.700     6910.670     6925.080     6925.630
   940:     6927.080     6987.690     7360.700     7360.940     7472.950
   945:     7512.910     7513.580     7531.920     7635.690     7694.130
   950:     7711.670     7711.900     7712.680     7712.780     7719.420
   955:     7719.420     7719.420     7719.430     7719.430     7719.430
   960:     7719.430     7719.430     7719.430     7723.430     7724.430
   965:     7724.430     7729.420     7729.430     7822.590     7823.440
   970:     7823.590     7851.430     7867.040     7900.080     7900.080
   975:     7900.080     7900.090     7900.090     7900.090     7900.090
   980:     7900.090     7900.090     7904.090     7905.090     7905.090
   985:     7907.520     7907.520     7908.070     7908.070     7910.080
   990:     7910.090     7914.270     7914.700     8084.990     8288.980
   995:     8536.590     8606.670     8606.670     8606.670     8606.680
  1000:     8606.680     8606.680     8606.680     8606.680     8606.680
  1005:     8610.680     8611.160     8611.680     8611.680     8612.110
  1010:     8616.670     8616.680     8617.950     8617.950     8617.950
  1015:     8617.960     8617.960     8617.960     8617.960     8617.960
  1020:     8617.960     8619.610     8620.770     8621.790     8621.960
  1025:     8621.970     8622.580     8622.620     8622.790     8622.960
  1030:     8622.960     8623.110     8623.300     8623.370     8623.820
  1035:     8624.620     8627.950     8627.960     8698.760     8709.320
  1040:     8730.630     8731.260     8731.520     8731.630     8762.190
  1045:     8762.190     8762.190     8762.200     8762.200     8762.200
  1050:     8762.200     8762.200     8762.200     8766.200     8767.200
  1055:     8767.200     8769.670     8769.670     8772.190     8772.200
  1060:     8807.800     8810.620     8815.090     8985.680     8995.600
  1065:     9051.840     9051.840     9051.840     9051.850     9051.850
  1070:     9051.850     9051.850     9051.850     9051.850     9054.230
  1075:     9054.230     9055.850     9056.030     9056.030     9056.850
  1080:     9056.850     9059.870     9059.870     9061.840     9061.850
  1085:     9088.220     9090.190     9109.830     9109.830     9109.830
  1090:     9109.840     9109.840     9109.840     9109.840     9109.840
  1095:     9109.840     9113.840     9114.840     9114.840     9119.830
  1100:     9119.840     9126.010     9126.010     9126.010     9126.020
  1105:     9126.020     9126.020     9126.020     9126.020     9126.020
  1110:     9130.020     9131.020     9131.020     9136.010     9136.020
  1115:     9163.000     9163.000     9163.000     9163.010     9163.010
  1120:     9163.010     9163.010     9163.010     9163.010     9167.010
  1125:     9168.010     9168.010     9173.000     9173.010     9199.900
  1130:     9199.900     9199.900     9199.910     9199.910     9199.910
  1135:     9199.910     9199.910     9199.910     9203.910     9204.910
  1140:     9204.910     9206.280     9206.280     9209.900     9209.910
  1145:     9267.180     9276.880     9284.010     9288.090     9298.320
  1150:     9315.640     9315.640     9315.640     9315.650     9315.650
  1155:     9315.650     9315.650     9315.650     9315.650     9319.650
  1160:     9320.650     9320.650     9325.640     9325.650     9367.480
  1165:     9508.200     9522.370     9643.480     9721.340     9721.340
  1170:     9721.340     9721.350     9721.350     9721.350     9721.350
  1175:     9721.350     9721.350     9725.350     9726.350     9726.350
  1180:     9731.340     9731.350     9748.200     9748.580     9748.760
  1185:     9757.150     9757.150     9757.150     9757.160     9757.160
  1190:     9757.160     9757.160     9757.160     9757.160     9761.160
  1195:     9762.160     9762.160     9767.150     9767.160     9788.100
  1200:     9789.900    10018.340    10037.390    10047.120    10049.890
  1205:    10072.510    10074.850    10088.470    10272.220    10319.990
  1210:    10319.990    10319.990    10320.000    10320.000    10320.000
  1215:    10320.000    10320.000    10320.000    10324.000    10325.000
  1220:    10325.000    10329.990    10330.000    10349.930    10349.930
  1225:    10349.930    10349.940    10349.940    10349.940    10349.940
  1230:    10349.940    10349.940    10353.000    10353.000    10353.940
  1235:    10354.030    10354.030    10354.940    10354.940    10359.930
  1240:    10359.940    10533.920    10553.810    10553.810    10553.810
  1245:    10553.820    10553.820    10553.820    10553.820    10553.820
  1250:    10553.820    10557.820    10558.820    10558.820    10562.870
  1255:    10562.870    10563.810    10563.820    10577.460    10695.230
  1260:    10701.420    10713.250    10713.250    10713.250    10713.260
  1265:    10713.260    10713.260    10713.260    10713.260    10713.260
  1270:    10717.260    10718.000    10718.000    10718.260    10718.260
  1275:    10723.250    10723.260    10724.280    10725.150    10725.260
  1280:    10731.550    10731.550    10731.550    10731.560    10731.560
  1285:    10731.560    10731.560    10731.560    10731.560    10735.560
  1290:    10736.560    10736.560    10741.550    10741.560    10742.240
  1295:    10742.240    10742.240    10742.250    10742.250    10742.250
  1300:    10742.250    10742.250    10742.250    10742.490    10742.490
  1305:    10746.090    10746.250    10747.250    10747.250    10752.240
  1310:    10752.250    10752.530    10752.530    10752.530    10752.540
  1315:    10752.540    10752.540    10752.540    10752.540    10752.540
  1320:    10756.540    10757.540    10757.540    10762.500    10762.500
  1325:    10762.530    10762.540    10769.930    10769.930    10769.930
  1330:    10769.940    10769.940    10769.940    10769.940    10769.940
  1335:    10769.940    10773.230    10773.230    10773.940    10774.940
  1340:    10774.940    10779.930    10779.940    10800.000
