File: C:\MED-PC\Data\2024-11-14_09h49m_Subject 43.txt


Start Date: 11/14/24
End Date: 11/14/24
Subject: 43
Experiment: OralFentSA
Group: One
Box: 11
Start Time: 09:49:31
End Time: 12:49:35
MSN: Golden_Liq_SelfAdmin_EXT
F:       0.000
G:      79.000
H:   10800.000
I:       0.000
J:       0.000
K:       0.000
L:       0.000
M:       0.000
N:       0.000
O:       0.000
P:       0.000
Q:       0.000
R:       0.000
S:       0.000
U:       0.000
V:       0.000
W:       0.000
X:       0.000
Y:       0.000
Z:       0.000
A:
     0:        0.000        0.000      180.000        4.000        0.000
     5:        5.000        0.000        5.000        0.000        0.000
    10:        1.000        0.000       10.000   100000.000       21.000
    15:       19.000      600.000        0.000        0.000        0.000
    20:        0.000
B:
     0:        0.000        0.000        0.000        0.000        0.000
     5:        0.000        0.000        0.000        0.000        0.000
    10:        0.000        0.000     1000.000 10000000.000        0.000
    15:        0.000        0.000        0.000        0.000        0.000
    20:        0.000
C:
     0:        0.000        3.000       10.000        5.000       45.000
     5:     8504.350       30.720        2.000     3870.950     1935.475
    10:        5.000       10.000        0.000        0.000        0.000
    15:        0.000        0.000        0.000        0.000        0.000
    20:        0.000
D:
     0:     3840.230       30.720
E:
     0:       19.000       11.000       26.000       27.000        6.000
     5:        6.000        6.000        6.000        6.000        6.000
    10:        2.000        4.000       22.000       24.000       12.000
    15:       19.000       11.000        6.000        6.000        6.000
    20:        6.000        6.000        1.000        1.000        6.000
    25:        6.000        6.000        6.000        6.000        6.000
    30:        6.000        6.000        6.000        6.000        6.000
    35:        6.000        6.000        6.000        6.000        6.000
    40:        6.000        6.000        6.000        2.000        4.000
    45:       22.000       24.000       12.000       21.000       22.000
    50:       21.000       22.000       21.000       22.000       19.000
    55:       11.000        6.000        6.000        6.000        6.000
    60:        6.000        6.000        6.000        6.000        6.000
    65:        6.000        6.000        6.000        1.000        1.000
    70:        1.000        1.000        1.000        1.000        6.000
    75:        6.000        6.000        1.000        1.000      100.000
T:
     0:        0.000        0.000        0.000        0.000     1062.800
     5:     1063.120     1063.650     1064.190     1064.700     1064.860
    10:     1428.910     1428.910     1428.910     1428.920     1428.920
    15:     1438.910     1438.920     5269.150     5269.660     5271.510
    20:     5271.580     5323.800     5490.070     5548.400     5556.830
    25:     5556.880     5557.370     5558.500     5605.590     5605.670
    30:     5607.190     5610.410     5917.020     5917.080     8213.830
    35:     8287.350     8288.240     8291.190     8291.470     8485.640
    40:     8485.820     8486.040     8495.570     8504.340     8504.340
    45:     8504.340     8504.350     8504.350     8504.730     8504.730
    50:     8504.840     8504.840     8505.140     8505.140     8514.340
    55:     8514.350     8535.070     8535.420     8536.800     8537.500
    60:     8537.920     8929.470     8933.490     8935.270     9866.320
    65:     9867.000     9867.490     9868.500     9909.870    10276.600
    70:    10277.160    10277.480    10335.950    10409.200    10425.800
    75:    10429.950    10430.900    10699.940    10713.130    10800.000
