File: C:\MED-PC\Data\2024-11-22_12h37m_Subject 49.txt


Start Date: 11/22/24
End Date: 11/22/24
Subject: 49
Experiment: OralFentSA
Group: One
Box: 5
Start Time: 12:37:09
End Time: 15:37:34
MSN: Golden_Liq_SelfAdmin_EXT
F:       0.000
G:     993.000
H:   10800.000
I:       0.000
J:       0.000
K:       0.000
L:       0.000
M:       0.000
N:       0.000
O:       0.000
P:       0.000
Q:       0.000
R:       0.000
S:       0.000
U:       0.000
V:       0.000
W:       0.000
X:       0.000
Y:       0.000
Z:       0.000
A:
     0:        0.000        0.000      180.000        4.000        0.000
     5:        5.000        0.000        5.000        0.000        0.000
    10:        1.000        0.000       10.000   100000.000       28.200
    15:       25.000      600.000        0.000        0.000        0.000
    20:        0.000
B:
     0:        0.000        0.000        0.000        0.000        0.000
     5:        0.000        0.000        0.000        0.000        0.000
    10:        0.000        0.000     1000.000 10000000.000        0.000
    15:        0.000        0.000        0.000        0.000        0.000
    20:        0.000
C:
     0:        0.000       50.000       56.000      165.000      358.000
     5:    10600.850      154.580       43.000     1670.050       38.838
    10:      165.000       56.000        0.000        0.000        0.000
    15:        0.000        0.000        0.000        0.000        0.000
    20:        0.000
D:
     0:        4.270        2.630        9.130      146.240        2.470
     5:      243.380        2.000       13.760        3.040       14.960
    10:        1.820        4.980        3.070        1.630       14.350
    15:        1.250        0.780        1.520        5.150        8.160
    20:        5.940        1.410       25.360        7.530      198.080
    25:        2.130        2.310       41.890        9.530       25.550
    30:        9.400      203.020      236.740        2.210      137.160
    35:        9.140        2.970       10.190        4.010        1.320
    40:        3.790       91.200      154.580
E:
     0:       19.000       11.000       26.000       27.000        1.000
     5:        1.000        6.000        6.000        2.000        4.000
    10:       22.000       24.000       12.000        6.000       19.000
    15:       11.000        2.000        4.000       22.000       24.000
    20:       12.000       19.000       11.000        1.000        2.000
    25:        4.000       22.000       24.000       12.000        6.000
    30:        6.000       19.000       11.000        2.000        4.000
    35:       22.000       24.000       12.000       21.000       22.000
    40:        6.000        6.000       19.000       11.000        6.000
    45:        2.000        4.000       22.000       24.000       12.000
    50:       19.000       11.000        1.000        1.000        6.000
    55:        6.000        1.000        6.000        1.000        1.000
    60:        1.000        6.000        1.000        6.000        6.000
    65:        1.000        6.000        6.000        1.000        1.000
    70:        2.000        4.000       22.000       24.000       12.000
    75:        6.000       19.000       11.000        6.000        6.000
    80:        6.000        6.000        6.000        1.000        6.000
    85:        1.000        1.000        6.000        1.000        6.000
    90:        6.000        6.000        6.000        2.000        4.000
    95:       22.000       24.000       12.000       19.000       11.000
   100:        2.000        4.000       22.000       24.000       12.000
   105:       19.000       11.000        1.000        6.000        6.000
   110:        6.000        6.000        2.000        4.000       22.000
   115:       24.000       12.000        6.000        6.000       19.000
   120:       11.000        6.000        6.000        2.000        4.000
   125:       22.000       24.000       12.000       19.000       11.000
   130:        6.000        6.000        6.000        2.000        4.000
   135:       22.000       24.000       12.000        6.000        6.000
   140:        6.000       19.000       11.000        2.000        4.000
   145:       22.000       24.000       12.000       21.000       22.000
   150:       21.000       22.000       19.000       11.000        6.000
   155:        6.000        6.000        6.000        6.000        6.000
   160:        1.000        6.000        1.000        6.000        6.000
   165:        6.000        6.000        6.000        6.000        1.000
   170:        6.000        6.000        6.000        6.000        6.000
   175:        2.000        4.000       22.000       24.000       12.000
   180:        6.000        6.000        6.000       19.000       11.000
   185:        2.000        4.000       22.000       24.000       12.000
   190:       21.000       22.000       21.000       22.000       21.000
   195:       22.000       21.000       22.000       21.000       22.000
   200:        6.000        6.000        6.000        6.000        6.000
   205:        6.000        6.000        6.000        6.000        6.000
   210:        6.000       19.000       11.000        6.000        6.000
   215:        6.000        6.000        6.000        6.000        6.000
   220:        2.000        4.000       22.000       24.000       12.000
   225:        6.000        6.000       19.000       11.000        6.000
   230:        6.000        6.000        6.000        6.000        6.000
   235:        6.000        6.000        2.000        4.000       22.000
   240:       24.000       12.000        6.000        6.000        6.000
   245:        6.000        6.000        6.000        6.000        6.000
   250:       19.000       11.000        6.000        6.000        6.000
   255:        2.000        4.000       22.000       24.000       12.000
   260:       19.000       11.000        2.000        4.000       22.000
   265:       24.000       12.000       19.000       11.000        6.000
   270:        6.000        6.000        1.000        2.000        4.000
   275:       22.000       24.000       12.000        6.000        6.000
   280:       19.000       11.000        6.000        6.000        2.000
   285:        4.000       22.000       24.000       12.000        6.000
   290:        6.000        6.000       19.000       11.000        1.000
   295:        1.000        1.000        1.000        1.000        1.000
   300:        2.000        4.000       22.000       24.000       12.000
   305:        6.000        6.000        6.000        6.000        6.000
   310:        6.000       21.000       22.000       21.000       22.000
   315:       21.000       22.000       19.000       11.000        2.000
   320:        4.000       22.000       24.000       12.000       21.000
   325:       22.000       21.000       22.000       21.000       22.000
   330:       21.000       22.000       21.000       22.000       21.000
   335:       22.000       21.000       22.000        6.000        6.000
   340:        6.000        6.000        6.000        6.000        6.000
   345:        6.000        6.000       19.000       11.000        6.000
   350:        2.000        4.000       22.000       24.000       12.000
   355:       21.000       22.000       21.000       22.000       21.000
   360:       22.000       21.000       22.000       21.000       22.000
   365:       21.000       22.000       21.000       22.000       21.000
   370:       22.000       21.000       22.000        6.000       19.000
   375:       11.000        6.000        6.000        6.000        6.000
   380:        6.000        6.000        6.000        6.000        6.000
   385:        6.000        6.000        6.000        2.000        4.000
   390:       22.000       24.000       12.000        6.000       19.000
   395:       11.000        6.000        6.000        6.000        6.000
   400:        2.000        4.000       22.000       24.000       12.000
   405:       21.000       22.000       21.000       22.000        6.000
   410:        6.000        6.000        6.000        6.000        6.000
   415:        6.000       19.000       11.000        1.000        6.000
   420:        6.000        1.000        6.000        6.000        6.000
   425:        6.000        6.000        6.000        6.000        6.000
   430:        1.000        1.000        1.000        1.000        6.000
   435:        6.000        6.000        2.000        4.000       22.000
   440:       24.000       12.000       19.000       11.000        6.000
   445:        6.000        6.000        6.000        6.000        1.000
   450:        1.000        2.000        4.000       22.000       24.000
   455:       12.000       19.000       11.000        2.000        4.000
   460:       22.000       24.000       12.000       21.000       22.000
   465:       21.000       22.000       21.000       22.000        6.000
   470:        6.000        6.000        6.000        6.000       19.000
   475:       11.000        2.000        4.000       22.000       24.000
   480:       12.000       21.000       22.000       21.000       22.000
   485:       21.000       22.000       21.000       22.000       21.000
   490:       22.000       21.000       22.000       21.000       22.000
   495:       21.000       22.000       21.000       22.000       21.000
   500:       22.000       21.000       22.000       21.000       22.000
   505:       21.000       22.000       21.000       22.000       21.000
   510:       22.000       19.000       11.000        2.000        4.000
   515:       22.000       24.000       12.000       21.000       22.000
   520:       21.000       22.000       21.000       22.000       21.000
   525:       22.000       21.000       22.000       21.000       22.000
   530:       21.000       22.000       19.000       11.000        6.000
   535:        6.000        6.000        6.000        6.000        6.000
   540:        6.000        6.000        6.000        6.000        6.000
   545:        6.000        6.000        6.000        6.000        6.000
   550:        6.000        6.000        6.000        6.000        6.000
   555:        6.000        6.000        1.000        2.000        4.000
   560:       22.000       24.000       12.000       21.000       22.000
   565:        6.000        6.000        6.000        6.000        6.000
   570:       19.000       11.000        6.000        6.000        6.000
   575:        6.000        6.000        6.000        6.000        6.000
   580:        6.000        2.000        4.000       22.000       24.000
   585:       12.000        6.000       19.000       11.000        6.000
   590:        1.000        6.000        6.000        6.000        6.000
   595:        1.000        2.000        4.000       22.000       24.000
   600:       12.000       21.000       22.000       21.000       22.000
   605:       21.000       22.000       19.000       11.000        6.000
   610:        6.000        6.000        6.000        6.000        2.000
   615:        4.000       22.000       24.000       12.000        6.000
   620:       19.000       11.000        6.000        6.000        6.000
   625:        6.000        6.000        2.000        4.000       22.000
   630:       24.000       12.000       21.000       22.000       19.000
   635:       11.000        6.000        6.000        1.000        6.000
   640:        6.000        6.000        6.000        1.000        6.000
   645:        6.000        1.000        6.000        2.000        4.000
   650:       22.000       24.000       12.000        6.000        6.000
   655:       19.000       11.000        6.000        1.000        1.000
   660:        1.000        6.000        6.000        6.000        6.000
   665:        6.000        6.000        6.000        6.000        6.000
   670:        6.000        6.000        2.000        4.000       22.000
   675:       24.000       12.000       21.000       22.000       21.000
   680:       22.000       21.000       22.000       21.000       22.000
   685:       19.000       11.000        1.000        1.000        6.000
   690:        6.000        6.000        6.000        6.000        6.000
   695:        6.000        2.000        4.000       22.000       24.000
   700:       12.000       21.000       22.000       21.000       22.000
   705:       19.000       11.000        1.000        1.000        6.000
   710:        1.000        1.000        6.000        6.000        6.000
   715:        2.000        4.000       22.000       24.000       12.000
   720:        6.000        6.000       19.000       11.000        1.000
   725:        6.000        6.000        6.000        6.000        2.000
   730:        4.000       22.000       24.000       12.000       21.000
   735:       22.000       19.000       11.000        1.000        6.000
   740:        6.000        6.000        6.000        6.000        6.000
   745:        6.000        6.000        6.000        6.000        6.000
   750:        6.000        6.000        6.000        6.000        6.000
   755:        6.000        6.000        6.000        6.000        6.000
   760:        6.000        6.000        6.000        6.000        6.000
   765:        6.000        6.000        6.000        6.000        6.000
   770:        6.000        6.000        6.000        6.000        6.000
   775:        6.000        6.000        6.000        6.000        6.000
   780:        2.000        4.000       22.000       24.000       12.000
   785:       21.000       22.000       21.000       22.000       21.000
   790:       22.000       21.000       22.000       21.000       22.000
   795:       21.000       22.000       21.000       22.000       21.000
   800:       22.000       21.000       22.000       21.000       22.000
   805:       21.000       22.000       21.000       22.000       21.000
   810:       22.000       21.000       22.000       21.000       22.000
   815:       19.000       11.000        2.000        4.000       22.000
   820:       24.000       12.000       21.000       22.000        6.000
   825:        6.000       19.000       11.000        6.000        6.000
   830:        6.000        6.000        6.000        2.000        4.000
   835:       22.000       24.000       12.000       21.000       22.000
   840:       21.000       22.000       21.000       22.000        6.000
   845:       21.000       22.000       21.000       22.000       21.000
   850:       22.000       21.000       22.000       21.000       22.000
   855:       21.000       22.000       21.000       22.000       21.000
   860:       22.000       21.000       22.000       19.000       11.000
   865:        2.000        4.000       22.000       24.000       12.000
   870:       21.000       22.000       21.000       22.000       21.000
   875:       22.000       21.000       22.000       21.000       22.000
   880:       21.000       22.000       21.000       22.000       21.000
   885:       22.000       21.000       22.000       21.000       22.000
   890:       21.000       22.000       21.000       22.000       19.000
   895:       11.000        6.000        6.000        6.000        6.000
   900:        2.000        4.000       22.000       24.000       12.000
   905:       21.000       22.000       21.000       22.000       21.000
   910:       22.000       21.000       22.000       21.000       22.000
   915:       21.000       22.000       21.000       22.000       21.000
   920:       22.000        6.000        6.000        6.000       19.000
   925:       11.000        1.000        6.000        6.000        6.000
   930:        6.000        6.000        6.000        6.000        2.000
   935:        4.000       22.000       24.000       12.000       21.000
   940:       22.000        6.000        6.000       19.000       11.000
   945:        1.000        6.000        6.000        6.000        6.000
   950:        6.000        6.000        6.000        6.000        6.000
   955:        6.000        6.000        6.000        6.000        6.000
   960:        6.000        6.000        6.000        6.000        2.000
   965:        4.000       22.000       24.000       12.000        6.000
   970:       19.000       11.000        6.000        2.000        4.000
   975:       22.000       24.000       12.000       19.000       11.000
   980:        1.000        6.000        2.000        4.000       22.000
   985:       24.000       12.000       21.000       22.000       19.000
   990:       11.000        6.000        6.000      100.000
T:
     0:        0.000        0.000        0.000        0.000       41.400
     5:       42.710       92.910       93.580      101.750      101.750
    10:      101.750      101.760      101.760      106.030      111.750
    15:      111.760      123.580      123.580      123.580      123.590
    20:      123.590      133.580      133.590      135.570      149.260
    25:      149.260      149.260      149.270      149.270      151.900
    30:      152.220      159.260      159.270      180.520      180.520
    35:      180.520      180.530      180.530      180.860      180.860
    40:      189.660      190.160      190.520      190.530      190.650
    45:      196.100      196.100      196.100      196.110      196.110
    50:      206.100      206.110      245.470      266.430      342.350
    55:      420.890      436.020      488.250      502.760      592.610
    60:      616.100      642.240      652.410      658.360      659.480
    65:      665.690      680.120      682.270      755.450      758.360
    70:      780.340      780.340      780.340      780.350      780.350
    75:      782.820      790.340      790.350      792.620      792.810
    80:      793.150      921.790      923.670      994.480     1019.530
    85:     1026.420     1027.660     1077.160     1109.550     1113.440
    90:     1113.560     1121.180     1122.840     1124.260     1124.260
    95:     1124.260     1124.270     1124.270     1134.260     1134.270
   100:     1176.940     1176.940     1176.940     1176.950     1176.950
   105:     1186.940     1186.950     1356.990     1420.330     1420.800
   110:     1422.070     1422.310     1589.700     1589.700     1589.700
   115:     1589.710     1589.710     1591.710     1593.620     1599.700
   120:     1599.710     1605.380     1605.930     1613.740     1613.740
   125:     1613.740     1613.750     1613.750     1623.740     1623.750
   130:     1627.510     1629.060     1656.490     1665.880     1665.880
   135:     1665.880     1665.890     1665.890     1668.930     1669.490
   140:     1670.120     1675.880     1675.890     1681.690     1681.690
   145:     1681.690     1681.700     1681.700     1686.860     1686.860
   150:     1688.970     1688.970     1691.690     1691.700     1696.660
   155:     1736.090     1736.380     1742.940     1746.410     2004.140
   160:     2087.580     2126.290     2145.650     2182.480     2184.140
   165:     2184.300     2184.460     2184.760     2184.920     2346.710
   170:     2385.800     2508.040     2508.200     2568.270     2569.020
   175:     2734.060     2734.060     2734.060     2734.070     2734.070
   180:     2735.890     2739.630     2740.150     2744.060     2744.070
   185:     2744.580     2744.580     2744.580     2744.590     2744.590
   190:     2745.000     2745.000     2745.800     2745.800     2746.430
   195:     2746.430     2747.030     2747.030     2748.090     2748.090
   200:     2749.570     2750.590     2750.730     2751.000     2751.720
   205:     2751.750     2752.580     2752.620     2753.390     2754.110
   210:     2754.540     2754.580     2754.590     2754.680     2754.750
   215:     2754.810     2761.250     2827.280     2829.640     2829.710
   220:     3064.270     3064.270     3064.270     3064.280     3064.280
   225:     3067.350     3069.760     3074.270     3074.280     3076.110
   230:     3076.430     3079.420     3079.470     3080.040     3080.600
   235:     3081.260     3081.450     3083.410     3083.410     3083.410
   240:     3083.420     3083.420     3085.050     3085.560     3085.670
   245:     3085.720     3086.070     3086.160     3091.040     3091.920
   250:     3093.410     3093.420     3094.780     3094.920     3095.060
   255:     3099.160     3099.160     3099.160     3099.170     3099.170
   260:     3109.160     3109.170     3112.590     3112.590     3112.590
   265:     3112.600     3112.600     3122.590     3122.600     3126.950
   270:     3127.750     3194.220     3244.620     3328.390     3328.390
   275:     3328.390     3328.400     3328.400     3329.650     3330.150
   280:     3338.390     3338.400     3339.110     3340.720     3519.430
   285:     3519.430     3519.430     3519.440     3519.440     3520.220
   290:     3520.590     3521.670     3529.430     3529.440     3536.040
   295:     3589.940     3598.150     3598.510     3614.610     3776.470
   300:     3814.230     3814.230     3814.230     3814.240     3814.240
   305:     3815.760     3816.250     3816.420     3816.530     3816.560
   310:     3816.610     3820.210     3820.210     3823.170     3823.170
   315:     3823.440     3823.440     3824.230     3824.240     3827.170
   320:     3827.170     3827.170     3827.180     3827.180     3827.480
   325:     3827.480     3827.810     3827.810     3829.540     3829.540
   330:     3829.930     3829.930     3830.420     3830.420     3830.520
   335:     3830.520     3831.190     3831.190     3832.330     3833.380
   340:     3833.480     3833.540     3833.920     3834.500     3834.770
   345:     3835.960     3836.280     3837.170     3837.180     3838.370
   350:     3840.160     3840.160     3840.160     3840.170     3840.170
   355:     3841.080     3841.080     3841.680     3841.680     3842.410
   360:     3842.410     3842.890     3842.890     3843.770     3843.770
   365:     3844.610     3844.610     3845.230     3845.230     3845.640
   370:     3845.640     3847.550     3847.550     3848.330     3850.160
   375:     3850.170     3872.160     3872.260     4043.210     4043.360
   380:     4074.720     4075.100     4083.610     4083.810     4091.170
   385:     4347.700     4347.940     4421.380     4451.790     4451.790
   390:     4451.790     4451.800     4451.800     4457.740     4461.790
   395:     4461.800     4466.080     4467.240     4469.830     4470.360
   400:     4472.510     4472.510     4472.510     4472.520     4472.520
   405:     4473.280     4473.280     4473.410     4473.410     4473.930
   410:     4474.190     4474.980     4475.280     4475.830     4476.780
   415:     4477.280     4482.510     4482.520     4564.410     4656.190
   420:     4658.890     4676.340     4683.730     4714.650     4715.980
   425:     4716.040     4717.720     4790.410     4867.130     4867.920
   430:     4874.940     4879.610     4880.360     4885.130     4936.360
   435:     5031.100     5031.260     5054.850     5054.850     5054.850
   440:     5054.860     5054.860     5064.850     5064.860     5080.220
   445:     5315.050     5316.780     5383.230     5383.340     5424.420
   450:     5424.930     5428.580     5428.580     5428.580     5428.590
   455:     5428.590     5438.580     5438.590     5439.870     5439.870
   460:     5439.870     5439.880     5439.880     5445.170     5445.170
   465:     5445.600     5445.600     5446.920     5446.920     5447.410
   470:     5447.990     5448.570     5448.700     5448.790     5449.870
   475:     5449.880     5456.660     5456.660     5456.660     5456.670
   480:     5456.670     5456.960     5456.960     5458.320     5458.320
   485:     5459.260     5459.260     5459.840     5459.840     5459.990
   490:     5459.990     5460.130     5460.130     5460.400     5460.400
   495:     5460.550     5460.550     5463.870     5463.870     5463.980
   500:     5463.980     5464.390     5464.390     5464.810     5464.810
   505:     5465.460     5465.460     5465.540     5465.540     5466.350
   510:     5466.350     5466.660     5466.670     5466.900     5466.900
   515:     5466.900     5466.910     5466.910     5466.960     5466.960
   520:     5467.050     5467.050     5468.520     5468.520     5468.890
   525:     5468.890     5469.220     5469.220     5469.330     5469.330
   530:     5469.460     5469.460     5476.900     5476.910     5664.990
   535:     5670.710     5670.870     5671.580     5672.070     5672.100
   540:     5672.260     5672.750     5675.140     5675.330     5688.720
   545:     5689.140     5689.530     5690.430     5690.910     5691.370
   550:     5691.510     5691.570     5695.480     5696.270     5697.320
   555:     5698.070     5698.660     5717.870     5754.300     5754.300
   560:     5754.300     5754.310     5754.310     5755.720     5755.720
   565:     5756.440     5756.780     5757.070     5757.170     5757.990
   570:     5764.300     5764.310     5955.600     5957.130     5976.960
   575:     5977.280     5978.360     6085.770     6085.930     6093.640
   580:     6136.610     6141.890     6141.890     6141.890     6141.900
   585:     6141.900     6144.210     6151.890     6151.900     6263.810
   590:     6290.820     6302.780     6585.870     6587.830     6635.530
   595:     6794.910     6809.240     6809.240     6809.240     6809.250
   600:     6809.250     6811.200     6811.200     6811.940     6811.940
   605:     6812.260     6812.260     6819.240     6819.250     6851.140
   610:     6877.960     6879.730     6911.380     6912.530     6913.990
   615:     6913.990     6913.990     6914.000     6914.000     6923.530
   620:     6923.990     6924.000     6953.800     6953.890     7029.410
   625:     7078.850     7081.140     7127.410     7127.410     7127.410
   630:     7127.420     7127.420     7134.770     7134.770     7137.410
   635:     7137.420     7152.970     7162.470     7506.650     7580.460
   640:     7732.270     7732.340     7734.350     7742.690     7753.560
   645:     7766.390     7789.830     8004.570     8101.890     8101.890
   650:     8101.890     8101.900     8101.900     8111.300     8111.660
   655:     8111.890     8111.900     8113.390     8133.740     8138.670
   660:     8141.600     8157.250     8218.010     8219.190     8224.350
   665:     8227.290     8233.920     8241.940     8244.410     8247.780
   670:     8248.460     8248.740     8261.870     8261.870     8261.870
   675:     8261.880     8261.880     8266.480     8266.480     8266.980
   680:     8266.980     8267.950     8267.950     8270.740     8270.740
   685:     8271.870     8271.880     8293.910     8398.640     8464.900
   690:     8475.640     8652.080     8656.580     8665.760     8665.910
   695:     8665.990     8681.340     8681.340     8681.340     8681.350
   700:     8681.350     8682.490     8682.490     8684.690     8684.690
   705:     8691.340     8691.350     8699.550     8700.170     8918.090
   710:     8968.070     9056.240     9142.090     9211.840     9213.840
   715:     9301.160     9301.160     9301.160     9301.170     9301.170
   720:     9303.380     9303.540     9311.160     9311.170     9313.190
   725:     9351.680     9351.800     9352.080     9401.040     9537.010
   730:     9537.010     9537.010     9537.020     9537.020     9538.020
   735:     9538.020     9547.010     9547.020     9548.210     9674.180
   740:     9676.220     9679.000     9679.220     9679.280     9679.530
   745:     9679.880     9680.060     9680.110     9680.470     9680.500
   750:     9680.920     9681.230     9682.920     9682.980     9683.990
   755:     9684.560     9684.940     9685.470     9685.610     9685.730
   760:     9686.160     9686.320     9686.720     9686.800     9686.860
   765:     9687.360     9687.730     9689.020     9690.100     9690.430
   770:     9691.950     9692.470     9699.790     9700.480     9701.190
   775:     9701.420     9701.610     9701.940     9702.420     9703.580
   780:     9704.850     9704.850     9704.850     9704.860     9704.860
   785:     9705.520     9705.520     9706.360     9706.360     9706.970
   790:     9706.970     9707.290     9707.290     9707.560     9707.560
   795:     9707.850     9707.850     9708.280     9708.280     9708.330
   800:     9708.330     9709.110     9709.110     9709.500     9709.500
   805:     9712.510     9712.510     9712.980     9712.980     9713.540
   810:     9713.540     9713.900     9713.900     9714.330     9714.330
   815:     9714.850     9714.860     9715.080     9715.080     9715.080
   820:     9715.090     9715.090     9715.690     9715.690     9724.230
   825:     9725.070     9725.080     9725.090     9726.880     9727.040
   830:     9728.110     9730.620     9730.990     9732.820     9732.820
   835:     9732.820     9732.830     9732.830     9733.370     9733.370
   840:     9733.830     9733.830     9734.890     9734.890     9735.800
   845:     9737.070     9737.070     9737.740     9737.740     9738.080
   850:     9738.080     9738.390     9738.390     9738.930     9738.930
   855:     9739.580     9739.580     9740.670     9740.670     9741.380
   860:     9741.380     9741.920     9741.920     9742.820     9742.830
   865:     9747.050     9747.050     9747.050     9747.060     9747.060
   870:     9747.950     9747.950     9748.080     9748.080     9748.670
   875:     9748.670     9748.990     9748.990     9749.490     9749.490
   880:     9749.670     9749.670     9751.590     9751.590     9752.540
   885:     9752.540     9753.210     9753.210     9753.610     9753.610
   890:     9755.520     9755.520     9755.910     9755.910     9757.050
   895:     9757.060     9757.250     9758.520     9759.230     9759.360
   900:     9763.260     9763.260     9763.260     9763.270     9763.270
   905:     9763.720     9763.720     9763.970     9763.970     9764.050
   910:     9764.050     9765.320     9765.320     9765.450     9765.450
   915:     9765.760     9765.760     9766.110     9766.110     9766.500
   920:     9766.500     9767.280     9767.850     9768.040     9773.260
   925:     9773.270     9787.440     9802.380     9883.110     9883.350
   930:     9936.790     9937.100     9947.130     9951.580     9953.160
   935:     9953.160     9953.160     9953.170     9953.170     9953.900
   940:     9953.900     9954.490     9955.290     9963.160     9963.170
   945:     9964.870     9979.260     9979.560    10011.090    10121.940
   950:    10122.080    10126.210    10129.990    10132.630    10135.090
   955:    10139.970    10140.720    10141.530    10144.660    10145.170
   960:    10145.300    10145.710    10146.160    10368.790    10381.240
   965:    10381.240    10381.240    10381.250    10381.250    10385.040
   970:    10391.240    10391.250    10488.210    10506.670    10506.670
   975:    10506.670    10506.680    10506.680    10516.670    10516.680
   980:    10558.940    10597.880    10600.840    10600.840    10600.840
   985:    10600.850    10600.850    10601.110    10601.110    10610.840
   990:    10610.850    10755.430    10755.640    10800.000
