File: C:\MED-PC\Data\2024-10-25_09h15m_Subject 37.txt


Start Date: 10/25/24
End Date: 10/25/24
Subject: 37
Experiment: OralFentSA
Group: One
Box: 5
Start Time: 09:15:10
End Time: 12:15:24
MSN: 20241014_Golden_Liq_SelfAdmin
F:       0.000
G:     267.000
H:   10800.000
I:       0.000
J:       0.000
K:       0.000
L:       0.000
M:       0.000
N:       0.000
O:       0.000
P:       0.000
Q:       0.000
R:       0.000
S:       0.000
U:       0.000
V:       0.000
W:       0.000
X:       0.000
Y:       0.000
Z:       0.000
A:
     0:        0.000        0.000      180.000        4.000        0.000
     5:        5.000        0.000        5.000        0.000        0.000
    10:        1.000        0.000       10.000     3000.000       22.600
    15:        5.000      640.000        0.000        0.000        0.000
    20:        0.000
B:
     0:        0.000        0.000        0.000      400.000        0.000
     5:      500.000        0.000      500.000        0.000        0.000
    10:        0.000        0.000     1000.000   300000.000        0.000
    15:        0.000        0.000        0.000        0.000        0.000
    20:        0.000
C:
     0:       15.000       14.000        4.000        4.000       77.000
     5:     8286.910       21.920       10.000      824.660       82.466
    10:        4.000        4.000       11.000        0.000        0.000
    15:        0.000        0.000        0.000        0.000        0.000
    20:        0.000
D:
     0:      518.240      100.760        8.540       13.070      106.900
     5:        2.810        2.210       48.690        1.520       21.920
E:
     0:       19.000       11.000       26.000       27.000        6.000
     5:        6.000        6.000        6.000        6.000        6.000
    10:        6.000        6.000        6.000        6.000        6.000
    15:        6.000        6.000        6.000        6.000        6.000
    20:        6.000        6.000        6.000        6.000        6.000
    25:        6.000        6.000        6.000        6.000        6.000
    30:        6.000        6.000       25.000       24.000       12.000
    35:       13.000        8.000        5.000       17.000       18.000
    40:       14.000       10.000       19.000       11.000        6.000
    45:        6.000        6.000        6.000        6.000        6.000
    50:        2.000        4.000       22.000       24.000       12.000
    55:       13.000        8.000        5.000       17.000       18.000
    60:       14.000       10.000       19.000       11.000        6.000
    65:        6.000        6.000        2.000        4.000       22.000
    70:       24.000       12.000       13.000        8.000        5.000
    75:       17.000       18.000       14.000       10.000        6.000
    80:       19.000       11.000        6.000        6.000        6.000
    85:        6.000        6.000        6.000        6.000        6.000
    90:        6.000        6.000        6.000       30.000       24.000
    95:       12.000       13.000        8.000        5.000       17.000
   100:       18.000       14.000       10.000       30.000       12.000
   105:       13.000        8.000        5.000       17.000       19.000
   110:       11.000       18.000       14.000       10.000       30.000
   115:       24.000       12.000       13.000        8.000        5.000
   120:       17.000       18.000       14.000       10.000       19.000
   125:       11.000        6.000        6.000       30.000       24.000
   130:       12.000       13.000        8.000        5.000       17.000
   135:       18.000       14.000       10.000       30.000       12.000
   140:       13.000        8.000        5.000       17.000       19.000
   145:       11.000       18.000       14.000       10.000        6.000
   150:       30.000       24.000       12.000       13.000        8.000
   155:        5.000       17.000        6.000       18.000       14.000
   160:       10.000        6.000       19.000       11.000       30.000
   165:       24.000       12.000       13.000        8.000        5.000
   170:       17.000        6.000        6.000       18.000       14.000
   175:       10.000       19.000       11.000        6.000       30.000
   180:       24.000       12.000       13.000        8.000        5.000
   185:       17.000       18.000       14.000       10.000       19.000
   190:       11.000        6.000        6.000        6.000        6.000
   195:        6.000        6.000        6.000       30.000       24.000
   200:       12.000       13.000        8.000        5.000       17.000
   205:        6.000       18.000       14.000       10.000       19.000
   210:       11.000        6.000        6.000        1.000        6.000
   215:       25.000       24.000       12.000       13.000        8.000
   220:        5.000       17.000       18.000       14.000       10.000
   225:       19.000       11.000        2.000        4.000       22.000
   230:       24.000       12.000       13.000        8.000        5.000
   235:       17.000       18.000       14.000       10.000       19.000
   240:       11.000        2.000        4.000       22.000       24.000
   245:       12.000       13.000        8.000        5.000       17.000
   250:       18.000       14.000       10.000       19.000       11.000
   255:        6.000        6.000        1.000        1.000        6.000
   260:        6.000        6.000        6.000        1.000        6.000
   265:        6.000        6.000      100.000
T:
     0:        0.000        0.000        0.000        0.000      120.720
     5:      121.480      124.730      202.490      313.240      321.660
    10:      533.600      599.740     1029.830     1267.750     1344.720
    15:     2379.650     2386.650     2389.020     2390.260     2392.760
    20:     2396.280     2435.760     2447.070     2447.230     2500.770
    25:     2501.010     2639.740     2650.530     2651.570     2651.720
    30:     2682.260     2682.330     2999.990     3000.000     3000.000
    35:     3000.000     3000.000     3000.000     3000.000     3004.000
    40:     3005.000     3005.000     3009.990     3010.000     3518.240
    45:     3523.630     3557.750     4508.520     4527.560     4532.950
    50:     4545.500     4545.500     4545.500     4545.510     4545.510
    55:     4545.510     4545.510     4545.510     4545.510     4549.510
    60:     4550.510     4550.510     4555.500     4555.510     4646.270
    65:     4651.550     4660.000     4664.950     4664.950     4664.950
    70:     4664.960     4664.960     4664.960     4664.960     4664.960
    75:     4664.960     4668.960     4669.960     4669.960     4673.500
    80:     4674.950     4674.960     4720.790     4739.150     5308.230
    85:     5440.860     5441.040     5522.380     5574.020     5584.430
    90:     5596.360     5597.110     5598.260     5727.360     5727.360
    95:     5727.360     5727.360     5727.360     5727.360     5727.360
   100:     5731.360     5732.360     5732.360     5735.970     5735.970
   105:     5735.970     5735.970     5735.970     5735.970     5737.350
   110:     5737.360     5739.970     5740.970     5740.970     5751.740
   115:     5751.740     5751.740     5751.740     5751.740     5751.740
   120:     5751.740     5755.740     5756.740     5756.740     5761.730
   125:     5761.740     5764.810     5779.740     5784.470     5784.470
   130:     5784.470     5784.470     5784.470     5784.470     5784.470
   135:     5788.470     5789.470     5789.470     5790.670     5790.670
   140:     5790.670     5790.670     5790.670     5790.670     5794.460
   145:     5794.470     5794.670     5795.670     5795.670     5897.570
   150:     5899.990     5899.990     5899.990     5899.990     5899.990
   155:     5899.990     5899.990     5902.800     5903.990     5904.990
   160:     5904.990     5907.140     5909.980     5909.990     5911.630
   165:     5911.630     5911.630     5911.630     5911.630     5911.630
   170:     5911.630     5913.840     5914.020     5915.630     5916.630
   175:     5916.630     5921.620     5921.630     5947.130     5947.480
   180:     5947.480     5947.480     5947.480     5947.480     5947.480
   185:     5947.480     5951.480     5952.480     5952.480     5957.470
   190:     5957.480     5996.170     6003.090     6006.770     6007.630
   195:     6007.660     6019.880     6022.120     6030.540     6030.540
   200:     6030.540     6030.540     6030.540     6030.540     6030.540
   205:     6032.060     6034.540     6035.540     6035.540     6040.530
   210:     6040.540     6259.220     6344.750     6474.960     6849.150
   215:     7674.950     7674.960     7674.960     7674.960     7674.960
   220:     7674.960     7674.960     7678.960     7679.960     7679.960
   225:     7684.950     7684.960     8260.650     8260.650     8260.650
   230:     8260.660     8260.660     8260.660     8260.660     8260.660
   235:     8260.660     8264.660     8265.660     8265.660     8270.650
   240:     8270.660     8286.900     8286.900     8286.900     8286.910
   245:     8286.910     8286.910     8286.910     8286.910     8286.910
   250:     8290.910     8291.910     8291.910     8296.900     8296.910
   255:     8308.830     8313.980     8324.990     8325.020     8336.240
   260:     8465.770     8470.220     8495.230     9170.480     9836.620
   265:     9840.900     9903.900    10800.000
