File: C:\MED-PC\Data\2024-11-01_12h27m_Subject 56.txt


Start Date: 11/01/24
End Date: 11/01/24
Subject: 56
Experiment: OralFentSA
Group: One
Box: 12
Start Time: 12:27:07
End Time: 15:27:16
MSN: 20241014_Golden_Liq_SelfAdmin
F:       0.000
G:     948.000
H:   10800.000
I:       0.000
J:       0.000
K:       0.000
L:       0.000
M:       0.000
N:       0.000
O:       0.000
P:       0.000
Q:       0.000
R:       0.000
S:       0.000
U:       0.000
V:       0.000
W:       0.000
X:       0.000
Y:       0.000
Z:       0.000
A:
     0:        0.000        0.000      180.000        4.000        0.000
     5:        5.000        0.000        5.000        0.000        0.000
    10:        1.000        0.000       10.000   100000.000       31.900
    15:       10.000      640.000        0.000        0.000        0.000
    20:        0.000
B:
     0:        0.000        0.000        0.000      400.000        0.000
     5:      500.000        0.000      500.000        0.000        0.000
    10:        0.000        0.000     1000.000 10000000.000        0.000
    15:        0.000        0.000        0.000        0.000        0.000
    20:        0.000
C:
     0:       31.000       32.000      101.000       42.000      387.000
     5:    10716.380       21.690       27.000     1052.160       38.969
    10:       42.000      101.000        0.000        0.000        0.000
    15:        0.000        0.000        0.000        0.000        0.000
    20:        0.000
D:
     0:       91.870      117.350       37.240        5.150        6.820
     5:       90.950      105.430       18.660       25.820       36.370
    10:       80.310       16.060      102.110       13.040       27.260
    15:       19.810        9.780       43.030       10.710       40.630
    20:        6.080       13.830       14.440       80.480       13.220
    25:        4.020       21.690
E:
     0:       19.000       11.000       26.000       27.000        1.000
     5:        6.000        6.000        6.000        2.000        4.000
    10:       22.000       24.000       12.000       13.000        8.000
    15:        5.000       17.000       18.000       14.000       10.000
    20:       19.000       11.000        6.000        6.000        6.000
    25:        6.000        6.000        6.000        1.000        6.000
    30:        6.000        6.000        1.000        6.000        6.000
    35:        6.000        6.000        6.000        6.000        2.000
    40:        4.000       22.000       24.000       12.000       13.000
    45:        8.000        5.000       17.000       18.000       14.000
    50:       10.000       19.000       11.000        6.000        6.000
    55:        1.000        6.000        6.000        2.000        4.000
    60:       22.000       24.000       12.000       13.000        8.000
    65:        5.000       17.000       18.000       14.000       10.000
    70:       19.000       11.000        6.000        1.000        6.000
    75:        6.000        6.000        1.000        6.000        6.000
    80:        6.000        6.000        6.000        6.000        6.000
    85:        6.000        6.000        6.000        6.000        6.000
    90:        6.000        6.000        1.000        1.000        6.000
    95:        6.000        6.000        1.000        2.000        4.000
   100:       22.000       24.000       12.000       13.000        8.000
   105:        5.000       17.000       18.000       14.000       10.000
   110:        6.000       19.000       11.000        2.000        4.000
   115:       22.000       24.000       12.000       13.000        8.000
   120:        5.000       17.000       18.000       14.000       10.000
   125:        6.000       19.000       11.000        6.000        6.000
   130:        6.000        1.000        6.000        6.000        6.000
   135:        6.000        6.000        6.000        1.000        1.000
   140:        1.000        1.000        6.000        6.000        6.000
   145:        6.000        6.000        6.000        6.000        6.000
   150:        6.000        6.000        6.000        6.000        6.000
   155:        6.000        6.000        6.000        6.000        6.000
   160:        6.000        6.000        6.000        2.000        4.000
   165:       22.000       24.000       12.000       13.000        8.000
   170:        5.000       17.000       18.000       14.000       10.000
   175:       20.000       19.000       11.000        6.000        6.000
   180:        6.000        1.000        6.000        6.000        6.000
   185:        6.000        6.000        6.000        6.000        6.000
   190:        1.000        2.000        4.000       22.000       24.000
   195:       12.000       13.000        8.000        5.000       17.000
   200:       18.000       21.000       22.000       14.000       10.000
   205:       21.000       22.000       21.000       22.000       19.000
   210:       11.000        2.000        4.000       22.000       24.000
   215:       12.000       13.000        8.000        5.000       17.000
   220:       18.000       14.000       10.000       19.000       11.000
   225:        6.000        1.000        6.000        1.000        1.000
   230:        1.000        6.000        6.000        6.000        6.000
   235:        6.000        6.000        6.000        6.000        6.000
   240:        1.000        1.000        6.000        6.000        6.000
   245:        6.000        6.000        6.000        2.000        4.000
   250:       22.000       24.000       12.000       13.000        8.000
   255:        5.000       17.000       18.000       14.000       10.000
   260:       19.000       11.000        1.000        6.000        6.000
   265:        6.000        6.000        6.000        6.000        6.000
   270:        6.000        6.000        6.000        6.000        6.000
   275:        1.000        1.000        6.000        6.000        6.000
   280:        6.000        6.000        2.000        4.000       22.000
   285:       24.000       12.000       13.000        8.000        5.000
   290:       17.000       18.000       14.000       10.000       19.000
   295:       11.000        1.000        6.000        6.000        6.000
   300:        6.000        6.000        6.000        6.000        6.000
   305:        6.000        2.000        4.000       22.000       24.000
   310:       12.000       13.000        8.000        5.000       17.000
   315:       18.000       14.000       10.000       21.000       22.000
   320:       21.000       22.000       19.000       11.000        6.000
   325:        6.000        1.000        1.000        6.000        6.000
   330:        6.000        6.000        1.000        6.000        6.000
   335:        6.000        6.000        6.000        6.000        6.000
   340:        2.000        4.000       22.000       24.000       12.000
   345:       13.000        8.000        5.000       17.000       18.000
   350:       14.000       10.000       19.000       11.000        6.000
   355:        6.000        6.000        6.000        6.000        6.000
   360:        6.000        1.000        1.000        6.000        6.000
   365:        6.000        6.000        6.000        6.000        6.000
   370:        6.000        6.000        6.000        1.000        6.000
   375:        6.000        1.000        2.000        4.000       22.000
   380:       24.000       12.000       13.000        8.000        5.000
   385:       17.000       18.000       14.000       10.000       21.000
   390:       22.000       21.000       22.000       19.000       11.000
   395:        1.000        2.000        4.000       22.000       24.000
   400:       12.000       13.000        8.000        5.000       17.000
   405:       18.000       14.000       10.000       19.000       11.000
   410:        6.000        6.000        6.000        6.000        6.000
   415:        6.000        6.000        6.000        6.000        6.000
   420:        6.000        6.000        6.000        6.000        6.000
   425:        6.000        6.000        6.000        6.000        6.000
   430:        6.000        6.000        6.000        1.000        6.000
   435:        6.000        6.000        6.000        6.000        1.000
   440:        1.000        6.000        6.000        6.000        6.000
   445:        6.000        6.000        6.000        6.000        6.000
   450:        6.000        6.000        6.000        6.000        6.000
   455:        6.000        6.000        6.000        6.000        6.000
   460:        6.000        6.000        6.000        6.000        1.000
   465:        1.000        1.000        1.000        2.000        4.000
   470:       22.000       24.000       12.000       13.000        8.000
   475:        5.000       17.000       21.000       22.000       18.000
   480:       14.000       10.000       19.000       11.000        6.000
   485:        6.000        6.000        1.000        1.000        6.000
   490:        6.000        6.000        6.000        6.000        6.000
   495:        6.000        6.000        1.000        6.000        6.000
   500:        2.000        4.000       22.000       24.000       12.000
   505:       13.000        8.000        5.000       17.000       21.000
   510:       22.000       18.000       14.000       10.000       19.000
   515:       11.000        6.000        6.000        6.000        6.000
   520:        1.000        2.000        4.000       22.000       24.000
   525:       12.000       13.000        8.000        5.000       17.000
   530:       20.000       20.000       18.000       14.000       10.000
   535:       19.000       11.000        2.000        4.000       22.000
   540:       24.000       12.000       13.000        8.000        5.000
   545:       17.000       21.000       22.000       18.000       14.000
   550:       10.000       19.000       11.000        1.000        6.000
   555:        6.000        6.000        6.000        2.000        4.000
   560:       22.000       24.000       12.000       13.000        8.000
   565:        5.000       17.000       21.000       22.000       18.000
   570:       14.000       10.000       19.000       11.000        6.000
   575:        6.000        6.000        6.000        6.000        6.000
   580:        6.000        6.000        6.000        6.000        6.000
   585:        6.000        6.000        6.000        1.000        1.000
   590:        1.000        6.000        1.000        1.000        1.000
   595:        2.000        4.000       22.000       24.000       12.000
   600:       13.000        8.000        5.000       17.000       18.000
   605:       14.000       10.000        6.000       19.000       11.000
   610:        6.000        6.000        6.000        6.000        6.000
   615:        6.000        6.000        6.000        6.000        6.000
   620:        6.000        6.000        6.000        6.000        1.000
   625:        1.000        1.000        6.000        6.000        6.000
   630:        6.000        6.000        6.000        6.000        6.000
   635:        6.000        1.000        1.000        1.000        6.000
   640:        6.000        1.000        6.000        6.000        6.000
   645:        6.000        6.000        6.000        6.000        6.000
   650:        1.000        2.000        4.000       22.000       24.000
   655:       12.000       13.000        8.000        5.000       17.000
   660:       18.000       14.000       10.000       19.000       11.000
   665:        6.000        6.000        6.000        6.000        6.000
   670:        6.000        6.000        1.000        6.000        6.000
   675:        6.000        1.000        6.000        6.000        6.000
   680:        6.000        6.000        6.000        6.000        6.000
   685:        1.000        6.000        6.000        1.000        2.000
   690:        4.000       22.000       24.000       12.000       13.000
   695:        8.000        5.000       17.000       18.000       14.000
   700:       10.000       19.000       11.000        6.000        6.000
   705:        6.000        6.000        1.000        6.000        6.000
   710:        1.000        6.000        6.000        6.000        6.000
   715:        6.000        6.000        6.000        6.000        1.000
   720:        1.000        6.000        6.000        6.000        6.000
   725:        6.000        6.000        6.000        6.000        6.000
   730:        6.000        6.000        6.000        6.000        1.000
   735:        6.000        6.000        1.000        6.000        6.000
   740:        6.000        6.000        1.000        1.000        2.000
   745:        4.000       22.000       24.000       12.000       13.000
   750:        8.000        5.000       17.000       18.000       14.000
   755:       10.000       19.000       11.000        2.000        4.000
   760:       22.000       24.000       12.000       13.000        8.000
   765:        5.000       17.000       18.000       14.000       10.000
   770:       19.000       11.000        6.000        1.000        1.000
   775:        2.000        4.000       22.000       24.000       12.000
   780:       13.000        8.000        5.000       17.000       18.000
   785:       14.000       10.000        6.000       19.000       11.000
   790:        6.000        1.000        1.000        1.000        6.000
   795:        6.000        6.000        6.000        6.000        6.000
   800:        1.000        2.000        4.000       22.000       24.000
   805:       12.000       13.000        8.000        5.000       17.000
   810:       18.000       14.000       10.000       19.000       11.000
   815:        6.000        1.000        6.000        1.000        6.000
   820:        1.000        1.000        6.000        6.000        6.000
   825:        6.000        6.000        2.000        4.000       22.000
   830:       24.000       12.000       13.000        8.000        5.000
   835:       17.000       18.000       14.000       10.000       19.000
   840:       11.000        6.000        1.000        1.000        2.000
   845:        4.000       22.000       24.000       12.000       13.000
   850:        8.000        5.000       17.000       18.000       14.000
   855:       10.000       19.000       11.000        1.000        6.000
   860:        6.000        6.000        1.000        6.000        1.000
   865:        6.000        6.000        6.000        6.000        6.000
   870:        6.000        6.000        6.000        6.000        6.000
   875:        6.000        6.000        1.000        1.000        1.000
   880:        6.000        6.000        6.000        6.000        6.000
   885:        1.000        1.000        1.000        6.000        6.000
   890:        6.000        6.000        2.000        4.000       22.000
   895:       24.000       12.000       13.000        8.000        5.000
   900:       17.000       18.000       14.000       10.000       19.000
   905:       11.000        6.000        6.000        6.000        6.000
   910:        1.000        1.000        1.000        1.000        2.000
   915:        4.000       22.000       24.000       12.000       13.000
   920:        8.000        5.000       17.000       18.000        6.000
   925:       14.000       10.000       19.000       11.000        6.000
   930:        1.000        2.000        4.000       22.000       24.000
   935:       12.000       13.000        8.000        5.000       17.000
   940:       18.000       14.000       10.000       19.000       11.000
   945:        6.000        6.000        6.000      100.000
T:
     0:        0.000        0.000        0.000        0.000        4.000
     5:        6.180        6.430        9.690       15.440       15.440
    10:       15.440       15.450       15.450       15.450       15.450
    15:       15.450       15.450       19.450       20.450       20.450
    20:       25.440       25.450      107.320      112.320      112.540
    25:      119.870      119.930      162.220      172.640      309.940
    30:      313.860      353.640      447.360      461.340      462.150
    35:      473.770      480.360      481.710      483.230      517.010
    40:      517.010      517.010      517.020      517.020      517.020
    45:      517.020      517.020      517.020      521.020      522.020
    50:      522.020      527.010      527.020      634.370      649.390
    55:      655.000      665.520      669.590      686.700      686.700
    60:      686.700      686.710      686.710      686.710      686.710
    65:      686.710      686.710      690.710      691.710      691.710
    70:      696.700      696.710      723.950      746.930      764.640
    75:      766.480      769.240      867.400      873.800      874.030
    80:      874.200      877.530      877.670      882.660      944.950
    85:      948.960      952.050      954.310      954.400      954.770
    90:      957.050      959.140      986.420      991.280      995.440
    95:     1000.000     1000.080     1028.280     1226.630     1226.630
   100:     1226.630     1226.640     1226.640     1226.640     1226.640
   105:     1226.640     1226.640     1230.640     1231.640     1231.640
   110:     1231.790     1236.630     1236.640     1262.380     1262.380
   115:     1262.380     1262.390     1262.390     1262.390     1262.390
   120:     1262.390     1262.390     1266.390     1267.390     1267.390
   125:     1269.210     1272.380     1272.390     1272.690     1273.450
   130:     1273.520     1388.520     1434.520     1434.570     1435.230
   135:     1544.290     1546.820     1548.970     1562.580     1606.220
   140:     1611.400     1673.010     1684.660     1685.910     1688.640
   145:     1689.010     1689.490     1689.830     1691.670     1696.030
   150:     1714.260     1777.290     1777.460     1780.270     1781.130
   155:     1870.240     1884.410     1887.180     1887.400     1887.540
   160:     1890.630     1891.680     1893.770     1902.120     1902.120
   165:     1902.120     1902.130     1902.130     1902.130     1902.130
   170:     1902.130     1902.130     1906.130     1907.130     1907.130
   175:     1911.700     1912.120     1912.130     1993.080     1993.410
   180:     1995.910     2090.410     2162.140     2162.990     2163.950
   185:     2168.660     2169.210     2174.110     2190.640     2193.130
   190:     2226.510     2241.950     2241.950     2241.950     2241.960
   195:     2241.960     2241.960     2241.960     2241.960     2241.960
   200:     2245.960     2246.950     2246.950     2246.960     2246.960
   205:     2247.180     2247.180     2247.290     2247.290     2251.950
   210:     2251.960     2266.190     2266.190     2266.190     2266.200
   215:     2266.200     2266.200     2266.200     2266.200     2266.200
   220:     2270.200     2271.200     2271.200     2276.190     2276.200
   225:     2371.630     2377.130     2388.890     2417.670     2522.660
   230:     2524.130     2529.940     2680.970     2797.450     2797.590
   235:     2797.760     2810.510     2810.580     2812.880     2816.060
   240:     2826.920     2875.180     2964.570     2965.000     2966.480
   245:     2969.130     3074.580     3075.010     3084.660     3084.660
   250:     3084.660     3084.670     3084.670     3084.670     3084.670
   255:     3084.670     3084.670     3088.670     3089.670     3089.670
   260:     3094.660     3094.670     3098.050     3103.330     3103.700
   265:     3106.030     3107.460     3138.030     3140.140     3140.590
   270:     3141.050     3312.460     3315.710     3317.070     3318.580
   275:     3324.720     3328.620     3334.280     3337.480     3338.610
   280:     3339.940     3340.190     3355.260     3355.260     3355.260
   285:     3355.270     3355.270     3355.270     3355.270     3355.270
   290:     3355.270     3359.270     3360.270     3360.270     3365.260
   295:     3365.270     3379.280     3381.090     3381.180     3387.390
   300:     3400.590     3400.720     3401.020     3458.780     3458.830
   305:     3461.120     3463.540     3463.540     3463.540     3463.550
   310:     3463.550     3463.550     3463.550     3463.550     3463.550
   315:     3467.550     3468.550     3468.550     3470.290     3470.290
   320:     3470.570     3470.570     3473.540     3473.550     3499.920
   325:     3500.030     3587.580     3592.040     3746.140     3749.350
   330:     3761.640     3761.830     3830.400     3844.890     3848.940
   335:     3848.970     3882.900     3888.450     3890.230     3890.800
   340:     3899.890     3899.890     3899.890     3899.900     3899.900
   345:     3899.900     3899.900     3899.900     3899.900     3903.900
   350:     3904.900     3904.900     3909.890     3909.900     3980.210
   355:     4079.940     4081.900     4085.610     4101.210     4106.260
   360:     4138.790     4149.420     4151.760     4166.740     4212.710
   365:     4216.370     4219.070     4233.110     4235.380     4236.620
   370:     4266.480     4266.660     4267.100     4293.120     4408.670
   375:     4410.570     4428.460     4448.340     4448.340     4448.340
   380:     4448.350     4448.350     4448.350     4448.350     4448.350
   385:     4448.350     4452.350     4453.350     4453.350     4454.430
   390:     4454.430     4454.830     4454.830     4458.340     4458.350
   395:     4478.650     4501.620     4501.620     4501.620     4501.630
   400:     4501.630     4501.630     4501.630     4501.630     4501.630
   405:     4505.630     4506.630     4506.630     4511.620     4511.630
   410:     4517.690     4536.080     4538.850     4543.540     4544.080
   415:     4545.410     4547.150     4547.380     4549.330     4549.570
   420:     4556.160     4556.240     4559.130     4588.090     4590.750
   425:     4593.350     4595.240     4596.150     4597.340     4607.460
   430:     4626.790     4629.770     4630.340     4633.560     4658.760
   435:     4660.700     4661.750     4702.920     4704.920     4719.310
   440:     4722.970     4733.860     4733.950     4734.020     4734.270
   445:     4735.700     4735.800     4737.370     4738.540     4739.650
   450:     4740.070     4740.310     4760.010     4762.010     4769.410
   455:     4771.570     4773.490     4788.310     4788.540     4925.890
   460:     4926.080     4929.950     4975.680     4975.770     5042.590
   465:     5070.350     5074.880     5079.180     5153.740     5153.740
   470:     5153.740     5153.750     5153.750     5153.750     5153.750
   475:     5153.750     5153.750     5154.700     5154.700     5157.750
   480:     5158.750     5158.750     5163.740     5163.750     5255.860
   485:     5255.950     5256.150     5280.510     5282.650     5315.440
   490:     5315.640     5318.730     5322.180     5348.070     5348.320
   495:     5367.250     5367.530     5375.930     5382.420     5385.980
   500:     5392.720     5392.720     5392.720     5392.730     5392.730
   505:     5392.730     5392.730     5392.730     5392.730     5394.620
   510:     5394.620     5396.730     5397.730     5397.730     5402.720
   515:     5402.730     5405.770     5405.930     5421.490     5424.070
   520:     5483.240     5518.370     5518.370     5518.370     5518.380
   525:     5518.380     5518.380     5518.380     5518.380     5518.380
   530:     5521.180     5521.800     5522.380     5523.380     5523.380
   535:     5528.370     5528.380     5529.930     5529.930     5529.930
   540:     5529.940     5529.940     5529.940     5529.940     5529.940
   545:     5529.940     5530.380     5530.380     5533.940     5534.940
   550:     5534.940     5539.930     5539.940     5551.280     5557.200
   555:     5557.310     5567.640     5569.810     5587.950     5587.950
   560:     5587.950     5587.960     5587.960     5587.960     5587.960
   565:     5587.960     5587.960     5589.450     5589.450     5591.960
   570:     5592.960     5592.960     5597.950     5597.960     5607.770
   575:     5610.020     5610.340     5611.160     5611.440     5612.730
   580:     5693.660     5693.830     5695.020     5701.150     5786.600
   585:     5788.410     5882.260     5882.370     5924.310     5927.000
   590:     5928.630     5954.960     5966.820     5967.430     6006.870
   595:     6078.980     6078.980     6078.980     6078.990     6078.990
   600:     6078.990     6078.990     6078.990     6078.990     6082.990
   605:     6083.990     6083.990     6088.770     6088.980     6088.990
   610:     6090.120     6092.230     6092.380     6104.660     6107.060
   615:     6145.800     6148.010     6158.770     6161.960     6162.390
   620:     6163.630     6168.270     6169.640     6172.330     6180.820
   625:     6180.930     6181.070     6194.140     6197.230     6199.970
   630:     6226.550     6227.770     6229.980     6230.700     6231.900
   635:     6233.460     6250.200     6254.810     6255.170     6268.640
   640:     6272.110     6280.810     6283.950     6284.020     6289.160
   645:     6491.940     6492.100     6497.340     6497.420     6507.280
   650:     6520.100     6556.270     6556.270     6556.270     6556.280
   655:     6556.280     6556.280     6556.280     6556.280     6556.280
   660:     6560.280     6561.280     6561.280     6566.270     6566.280
   665:     6599.310     6599.460     6607.310     6608.530     6623.810
   670:     6683.630     6683.700     6696.790     6729.570     6729.630
   675:     6729.700     6742.160     6746.090     6883.630     6889.720
   680:     6890.310     6954.130     6956.490     7059.680     7059.840
   685:     7118.170     7185.440     7215.840     7239.280     7346.560
   690:     7346.560     7346.560     7346.570     7346.570     7346.570
   695:     7346.570     7346.570     7346.570     7350.570     7351.570
   700:     7351.570     7356.560     7356.570     7357.280     7364.460
   705:     7365.100     7368.160     7375.590     7396.280     7396.700
   710:     7403.970     7411.120     7415.350     7415.480     7421.410
   715:     7422.120     7422.360     7423.080     7468.940     7588.830
   720:     7589.540     7642.930     7655.460     7656.280     7669.670
   725:     7756.520     7756.630     7756.710     7757.040     7773.290
   730:     7773.640     7797.550     7797.780     7802.770     7815.110
   735:     7901.380     7901.540     7966.680     7974.380     8001.880
   740:     8008.250     8008.350     8156.900     8186.050     8195.650
   745:     8195.650     8195.650     8195.660     8195.660     8195.660
   750:     8195.660     8195.660     8195.660     8199.660     8200.660
   755:     8200.660     8205.650     8205.660     8268.120     8268.120
   760:     8268.120     8268.130     8268.130     8268.130     8268.130
   765:     8268.130     8268.130     8272.130     8273.130     8273.130
   770:     8278.120     8278.130     8308.760     8385.790     8390.150
   775:     8416.960     8416.960     8416.960     8416.970     8416.970
   780:     8416.970     8416.970     8416.970     8416.970     8420.970
   785:     8421.970     8421.970     8423.050     8426.960     8426.970
   790:     8436.460     8454.630     8549.590     8577.050     8615.230
   795:     8663.630     8663.900     8664.250     8679.310     8686.740
   800:     8811.010     8849.250     8849.250     8849.250     8849.260
   805:     8849.260     8849.260     8849.260     8849.260     8849.260
   810:     8853.260     8854.260     8854.260     8859.250     8859.260
   815:     8863.090     8910.540     8921.440     8951.020     8962.950
   820:     8980.570     8985.340     9091.390     9097.060     9098.020
   825:     9100.680     9161.830     9177.370     9177.370     9177.370
   830:     9177.380     9177.380     9177.380     9177.380     9177.380
   835:     9177.380     9181.380     9182.380     9182.380     9187.370
   840:     9187.380     9191.820     9196.890     9300.380     9348.100
   845:     9348.100     9348.100     9348.110     9348.110     9348.110
   850:     9348.110     9348.110     9348.110     9352.110     9353.110
   855:     9353.110     9358.100     9358.110     9398.030     9428.590
   860:     9428.790     9463.650     9472.060     9549.110     9583.350
   865:     9599.990     9600.260     9604.240     9606.510     9677.560
   870:     9684.760     9742.860     9744.700     9750.540     9753.770
   875:     9816.810     9821.620     9892.910     9893.120     9893.530
   880:     9990.260     9990.350    10010.060    10010.230    10013.310
   885:    10024.850    10028.850    10039.980    10044.480    10208.430
   890:    10238.230    10285.520    10312.780    10312.780    10312.780
   895:    10312.790    10312.790    10312.790    10312.790    10312.790
   900:    10312.790    10316.790    10317.790    10317.790    10322.780
   905:    10322.790    10326.010    10335.920    10336.580    10485.340
   910:    10549.310    10551.020    10553.190    10595.860    10604.110
   915:    10604.110    10604.110    10604.120    10604.120    10604.120
   920:    10604.120    10604.120    10604.120    10608.120    10608.140
   925:    10609.120    10609.120    10614.110    10614.120    10659.160
   930:    10680.270    10716.370    10716.370    10716.370    10716.380
   935:    10716.380    10716.380    10716.380    10716.380    10716.380
   940:    10720.380    10721.380    10721.380    10726.370    10726.380
   945:    10738.070    10738.270    10743.960    10800.000
