File: C:\MED-PC\Data\2024-11-15_09h01m_Subject 33.txt


Start Date: 11/15/24
End Date: 11/15/24
Subject: 33
Experiment: OralFentSA
Group: One
Box: 1
Start Time: 09:01:23
End Time: 12:08:58
MSN: Golden_Liq_SelfAdmin_EXT
F:       0.000
G:     394.000
H:   10800.000
I:       0.000
J:       0.000
K:       0.000
L:       0.000
M:       0.000
N:       0.000
O:       0.000
P:       0.000
Q:       0.000
R:       0.000
S:       0.000
U:       0.000
V:       0.000
W:       0.000
X:       0.000
Y:       0.000
Z:       0.000
A:
     0:        0.000        0.000      180.000        4.000        0.000
     5:        5.000        0.000        5.000        0.000        0.000
    10:        1.000        0.000       10.000   100000.000       21.000
    15:       20.000      600.000        0.000        0.000        0.000
    20:        0.000
B:
     0:        0.000        0.000        0.000        0.000        0.000
     5:        0.000        0.000        0.000        0.000        0.000
    10:        0.000        0.000     1000.000 10000000.000        0.000
    15:        0.000        0.000        0.000        0.000        0.000
    20:        0.000
C:
     0:        0.000        4.000       27.000        5.000      338.000
     5:     2698.880        2.080        3.000       17.210        5.737
    10:        5.000       27.000        0.000        0.000        0.000
    15:        0.000        0.000        0.000        0.000        0.000
    20:        0.000
D:
     0:        1.120       14.010        2.080
E:
     0:       19.000       11.000       26.000       27.000        6.000
     5:        6.000        6.000        6.000        6.000        6.000
    10:        6.000        2.000        4.000       22.000       24.000
    15:       12.000        6.000       19.000       11.000        6.000
    20:        1.000        6.000        6.000        6.000        6.000
    25:        6.000        6.000        6.000        6.000        6.000
    30:        6.000        6.000        6.000        1.000        6.000
    35:        6.000        6.000        6.000        6.000        6.000
    40:        6.000        6.000        6.000        6.000        6.000
    45:        6.000        6.000        6.000        6.000        1.000
    50:        1.000        6.000        6.000        6.000        6.000
    55:        6.000        6.000        6.000        2.000        4.000
    60:       22.000       24.000       12.000       21.000       22.000
    65:       21.000       22.000       19.000       11.000        6.000
    70:        6.000        6.000        6.000        6.000        6.000
    75:        6.000        6.000        6.000        6.000        6.000
    80:        6.000        6.000        6.000        6.000        6.000
    85:        6.000        6.000        6.000        6.000        6.000
    90:        6.000        1.000        1.000        1.000        6.000
    95:        6.000        6.000        6.000        6.000        6.000
   100:        6.000        6.000        6.000        6.000        6.000
   105:        6.000        6.000        6.000        6.000        6.000
   110:        6.000        6.000        6.000        6.000        6.000
   115:        6.000        6.000        6.000        6.000        6.000
   120:        6.000        6.000        6.000        6.000        6.000
   125:        6.000        1.000        6.000        6.000        6.000
   130:        6.000        6.000        6.000        6.000        6.000
   135:        6.000        6.000        6.000        6.000        6.000
   140:        6.000        6.000        6.000        6.000        6.000
   145:        2.000        4.000       22.000       24.000       12.000
   150:        6.000       19.000       11.000        1.000        1.000
   155:        1.000        1.000        1.000        1.000        1.000
   160:        1.000        1.000        1.000        1.000        1.000
   165:        1.000        1.000        1.000        6.000        6.000
   170:        6.000        6.000        6.000        6.000        6.000
   175:        6.000        6.000        6.000        6.000        6.000
   180:        6.000        6.000        6.000        6.000        6.000
   185:        6.000        6.000        6.000        6.000        6.000
   190:        6.000        6.000        6.000        6.000        6.000
   195:        6.000        6.000        6.000        6.000        6.000
   200:        6.000        6.000        6.000        6.000        6.000
   205:        6.000        6.000        6.000        6.000        6.000
   210:        6.000        6.000        6.000        6.000        6.000
   215:        6.000        6.000        6.000        6.000        6.000
   220:        6.000        6.000        6.000        6.000        6.000
   225:        6.000        6.000        6.000        6.000        6.000
   230:        6.000        6.000        6.000        6.000        6.000
   235:        6.000        6.000        6.000        6.000        6.000
   240:        6.000        6.000        6.000        6.000        6.000
   245:        6.000        6.000        6.000        6.000        6.000
   250:        1.000        6.000        6.000        6.000        6.000
   255:        6.000        6.000        6.000        6.000        6.000
   260:        6.000        6.000        6.000        6.000        6.000
   265:        6.000        6.000        6.000        6.000        6.000
   270:        6.000        6.000        6.000        6.000        6.000
   275:        6.000        6.000        6.000        6.000        6.000
   280:        6.000        6.000        6.000        6.000        6.000
   285:        6.000        6.000        6.000        6.000        6.000
   290:        6.000        6.000        6.000        6.000        6.000
   295:        6.000        6.000        6.000        6.000        6.000
   300:        6.000        6.000        6.000        6.000        6.000
   305:        6.000        6.000        6.000        6.000        6.000
   310:        6.000        6.000        1.000        1.000        1.000
   315:        6.000        6.000        6.000        6.000        6.000
   320:        6.000        6.000        6.000        6.000        6.000
   325:        6.000        6.000        6.000        6.000        6.000
   330:        6.000        6.000        6.000        6.000        6.000
   335:        6.000        6.000        6.000        6.000        6.000
   340:        6.000        6.000        6.000        6.000        6.000
   345:        6.000        6.000        6.000        6.000        6.000
   350:        6.000        6.000        6.000        6.000        6.000
   355:        6.000        6.000        6.000        6.000        6.000
   360:        6.000        6.000        6.000        6.000        6.000
   365:        6.000        6.000        6.000        6.000        6.000
   370:        6.000        6.000        6.000        6.000        6.000
   375:        6.000        6.000        6.000        6.000        6.000
   380:        6.000        6.000        6.000        6.000        6.000
   385:        6.000        6.000        6.000        6.000        6.000
   390:        6.000        6.000        6.000        6.000      100.000
T:
     0:        0.000        0.000        0.000        0.000        8.140
     5:        8.720        8.930        9.070        9.470       12.420
    10:       13.910       31.900       31.900       31.900       31.910
    15:       31.910       33.030       41.900       41.910       95.220
    20:      109.080      117.680      356.450      359.300      402.650
    25:      439.060      441.000      442.050      444.070      444.730
    30:      446.510      447.130      453.650      522.430      590.230
    35:      590.790      741.250      741.400      742.810      745.290
    40:      745.600      746.550      960.190      961.010     1013.320
    45:     1013.770     1013.970     1014.290     1016.590     1024.830
    50:     1025.250     1033.410     1033.470     1104.010     1117.130
    55:     1123.640     1124.190     1178.890     1183.060     1183.060
    60:     1183.060     1183.070     1183.070     1184.110     1184.110
    65:     1184.440     1184.440     1193.060     1193.070     1197.080
    70:     1210.960     1211.940     1212.070     1212.170     1212.210
    75:     1212.490     1212.790     1266.180     1338.830     1344.550
    80:     1348.850     1350.570     1350.740     1351.210     1352.500
    85:     1352.550     1353.740     1355.700     1357.080     1358.980
    90:     1360.440     1403.590     1406.520     1406.790     1418.950
    95:     1441.120     1442.120     1463.450     1693.840     1700.740
   100:     1701.120     1721.750     1722.560     1723.030     1723.060
   105:     1751.500     1782.710     1788.200     1794.130     1794.230
   110:     1822.190     1823.070     1824.120     1824.680     1826.330
   115:     1826.680     1826.840     1828.900     1890.520     1892.270
   120:     1892.470     1893.640     1894.600     1929.360     1956.410
   125:     1969.950     1991.220     2072.590     2101.320     2101.940
   130:     2111.550     2111.610     2116.710     2116.820     2117.050
   135:     2216.690     2216.850     2226.710     2226.760     2423.940
   140:     2424.070     2425.220     2599.390     2656.540     2657.190
   145:     2698.870     2698.870     2698.870     2698.880     2698.880
   150:     2700.960     2708.870     2708.880     2709.380     2710.270
   155:     2711.590     2715.350     2715.990     2716.600     2717.690
   160:     2717.740     2718.060     2718.910     2719.390     2720.310
   165:     2721.000     2721.340     2722.670     2740.420     2742.330
   170:     2742.510     2751.420     2760.280     2760.380     2761.850
   175:     2762.400     2762.890     2771.130     2772.580     2773.420
   180:     2774.180     2774.470     2775.450     2777.050     2777.210
   185:     2779.170     2779.580     2787.300     2787.510     2797.600
   190:     2798.000     2809.730     2838.810     2841.060     2841.250
   195:     2842.720     2845.910     2846.080     2848.650     2871.920
   200:     2887.820     2888.000     2900.690     2901.260     2901.760
   205:     2904.960     2907.960     2908.100     2908.730     2925.710
   210:     2962.010     2965.780     2974.360     2976.820     2978.100
   215:     2981.880     2981.910     2985.360     2985.410     2985.460
   220:     2985.590     2986.430     2986.690     2987.390     2988.330
   225:     2989.900     2990.510     2992.290     2992.420     2992.700
   230:     2993.410     2994.060     2995.080     2997.980     2998.630
   235:     2999.770     3000.100     3000.610     3000.800     3001.140
   240:     3002.490     3003.370     3007.060     3007.410     3010.660
   245:     3014.810     3014.890     3018.430     3018.510     3049.210
   250:     3071.000     3081.620     3081.950     3083.450     3083.650
   255:     3083.890     3084.120     3084.260     3086.770     3086.960
   260:     3087.410     3087.440     3087.530     3087.630     3089.420
   265:     3090.680     3093.040     3093.130     3095.870     3099.900
   270:     3100.610     3105.260     3105.480     3111.870     3113.150
   275:     3114.390     3115.800     3116.870     3120.810     3123.130
   280:     3129.830     3133.450     3172.140     3181.510     3181.690
   285:     3181.880     3185.180     3187.020     3187.700     3189.320
   290:     3190.960     3336.540     3336.660     3336.760     3339.780
   295:     3339.870     3340.110     3439.480     3439.580     3439.930
   300:     3440.480     3444.020     3446.150     3464.570     3592.920
   305:     3664.580     3664.710     3665.740     3665.860     3667.690
   310:     3669.870     3669.920     3707.290     3707.400     3708.420
   315:     3711.290     3711.520     3711.600     3711.810     3712.020
   320:     3712.230     3712.480     3712.740     3713.040     3713.250
   325:     3730.380     3954.210     3954.330     3954.530     3955.910
   330:     4070.480     4070.750     5331.430     5331.490     5337.400
   335:     5344.510     5344.600     5344.900     5344.950     5345.070
   340:     5348.450     5348.900     5349.290     5349.520     6481.800
   345:     6712.800     6754.680     6771.220     6771.390     6771.620
   350:     7215.950     8190.610     8199.400     8765.320     8765.400
   355:     9159.880     9172.320     9205.710     9205.790     9472.570
   360:     9473.810     9474.500     9476.670     9478.850     9513.500
   365:     9514.310     9538.800     9539.160     9587.400     9587.500
   370:     9593.320     9651.980     9698.790     9699.020     9699.450
   375:     9700.670     9700.720     9983.690     9985.170    10182.680
   380:    10182.860    10183.060    10183.720    10185.800    10457.740
   385:    10644.230    10714.050    10714.430    10714.850    10715.370
   390:    10717.910    10718.670    10724.340    10726.460    10800.000
