File: C:\MED-PC\Data\2024-10-31_09h15m_Subject 43.txt


Start Date: 10/31/24
End Date: 10/31/24
Subject: 43
Experiment: OralFentSA
Group: One
Box: 11
Start Time: 09:15:29
End Time: 12:26:28
MSN: 20241014_Golden_Liq_SelfAdmin
F:       0.000
G:     323.000
H:   10800.000
I:       0.000
J:       0.000
K:       0.000
L:       0.000
M:       0.000
N:       0.000
O:       0.000
P:       0.000
Q:       0.000
R:       0.000
S:       0.000
U:       0.000
V:       0.000
W:       0.000
X:       0.000
Y:       0.000
Z:       0.000
A:
     0:        0.000        0.000      180.000        4.000        0.000
     5:        5.000        0.000        5.000        0.000        0.000
    10:        1.000        0.000       10.000   100000.000       19.200
    15:        9.000      640.000        0.000        0.000        0.000
    20:        0.000
B:
     0:        0.000        0.000        0.000      400.000        0.000
     5:      500.000        0.000      500.000        0.000        0.000
    10:        0.000        0.000     1000.000 10000000.000        0.000
    15:        0.000        0.000        0.000        0.000        0.000
    20:        0.000
C:
     0:        7.000        8.000        3.000       12.000      208.000
     5:    10745.320        6.590        6.000     1715.470      285.912
    10:       12.000        3.000        0.000        0.000        0.000
    15:        0.000        0.000        0.000        0.000        0.000
    20:        0.000
D:
     0:     1632.100       54.790        7.340        5.710        8.940
     5:        6.590
E:
     0:       19.000       11.000       26.000       27.000        2.000
     5:        4.000       22.000       24.000       12.000       13.000
    10:        8.000        5.000       17.000       18.000       14.000
    15:       10.000       19.000       11.000        6.000        6.000
    20:        6.000        6.000        6.000        6.000        6.000
    25:        6.000        6.000        6.000        6.000        6.000
    30:        6.000        6.000        6.000        6.000        6.000
    35:        6.000        6.000        6.000        6.000        6.000
    40:        6.000        6.000        6.000        1.000        1.000
    45:        6.000        2.000        4.000       22.000       24.000
    50:       12.000       13.000        8.000        5.000       17.000
    55:       18.000       14.000       10.000       19.000       11.000
    60:        6.000        6.000        6.000        6.000        6.000
    65:        6.000        6.000        6.000        6.000        6.000
    70:        6.000        6.000        6.000        6.000        6.000
    75:        6.000        6.000        6.000        6.000        6.000
    80:        6.000        6.000        6.000        6.000        6.000
    85:        6.000        6.000        6.000        6.000        6.000
    90:        6.000        6.000        6.000        6.000        6.000
    95:        6.000        6.000        6.000        6.000        6.000
   100:        6.000        6.000        6.000        6.000        6.000
   105:        6.000        6.000        6.000        6.000        6.000
   110:        6.000        6.000        6.000        6.000        6.000
   115:        6.000        6.000        6.000        6.000        6.000
   120:        6.000        6.000        6.000        6.000        6.000
   125:        6.000        6.000        6.000        6.000        6.000
   130:        6.000        6.000        6.000        6.000        6.000
   135:        6.000        6.000        6.000        6.000        6.000
   140:        6.000        6.000        6.000        6.000        6.000
   145:        6.000        6.000        6.000        6.000        6.000
   150:        6.000        6.000        6.000        6.000        6.000
   155:        6.000        6.000        6.000        6.000        6.000
   160:        6.000        6.000        6.000        6.000        6.000
   165:        6.000        6.000        6.000        6.000        6.000
   170:        6.000        6.000        6.000        6.000        6.000
   175:        6.000        6.000        6.000        6.000        6.000
   180:        6.000        6.000        6.000        6.000        6.000
   185:        6.000        6.000        6.000        6.000        6.000
   190:        6.000        6.000        6.000        6.000        6.000
   195:        6.000        6.000        6.000        6.000        1.000
   200:        6.000        6.000        6.000        6.000        6.000
   205:        2.000        4.000       22.000       24.000       12.000
   210:       13.000        8.000        5.000       17.000       18.000
   215:       14.000       10.000        6.000       19.000       11.000
   220:        6.000        6.000        6.000        6.000        6.000
   225:        6.000        6.000        6.000        6.000        6.000
   230:        6.000        6.000        6.000        6.000        6.000
   235:        2.000        4.000       22.000       24.000       12.000
   240:       13.000        8.000        5.000       17.000       18.000
   245:       14.000       10.000        6.000        6.000        6.000
   250:        6.000        6.000       19.000       11.000        6.000
   255:        2.000        4.000       22.000       24.000       12.000
   260:       13.000        8.000        5.000       17.000       21.000
   265:       22.000       21.000       22.000       21.000       22.000
   270:       18.000       14.000       10.000        6.000       19.000
   275:       11.000        6.000        6.000        2.000        4.000
   280:       22.000       24.000       12.000       13.000        8.000
   285:        5.000       17.000       18.000       14.000       10.000
   290:       21.000       22.000        6.000        6.000       19.000
   295:       11.000        6.000        6.000        6.000        6.000
   300:        6.000        6.000        6.000        6.000        6.000
   305:        6.000        6.000        2.000        4.000       22.000
   310:       24.000       12.000       13.000        8.000        5.000
   315:       17.000       21.000       22.000       18.000       14.000
   320:       10.000       19.000       11.000      100.000
T:
     0:        0.000        0.000        0.000        0.000     2873.330
     5:     2873.330     2873.330     2873.340     2873.340     2873.340
    10:     2873.340     2873.340     2873.340     2877.340     2878.340
    15:     2878.340     2883.330     2883.340     4505.440     4507.310
    20:     4522.860     4524.580     4576.020     4576.060     4626.520
    25:     4628.260     4629.590     5491.400     5518.200     5524.320
    30:     5562.000     5564.140     5564.290     5566.210     5566.650
    35:     5568.360     5569.870     5570.730     5571.190     5574.670
    40:     5578.560     5583.560     6951.910     6964.080     6966.760
    45:     7030.890     7046.270     7046.270     7046.270     7046.280
    50:     7046.280     7046.280     7046.280     7046.280     7046.280
    55:     7050.280     7051.280     7051.280     7056.270     7056.280
    60:     7101.070     7101.180     7108.030     7112.600     7312.440
    65:     7312.580     7312.720     7313.890     7314.090     7314.800
    70:     7836.770     7844.280     7848.390     7849.560     7852.080
    75:     7859.280     7859.900     7863.320     7863.750     7867.730
    80:     7868.650     7868.840     7873.750     7907.590     7907.880
    85:     7913.750     7914.370     7915.470     7916.470     7916.530
    90:     7917.100     7917.330     7917.670     7917.990     7918.070
    95:     7919.390     7920.880     7923.540     7925.060     7935.130
   100:     7935.340     7935.820     7937.760     7937.830     7938.700
   105:     7938.800     7943.320     7949.010     7949.480     7949.700
   110:     7950.250     7950.940     7965.840     7967.440     7972.760
   115:     7972.820     7973.470     7975.600     7976.910     7979.570
   120:     7980.060     7984.560     7984.720     7990.060     7990.530
   125:     7990.580     7990.640     7991.220     7992.140     7992.520
   130:     7993.590     7993.680     7993.890     7994.010     7994.090
   135:     7994.380     7994.440     7994.480     7994.760     7994.890
   140:     7995.510     7996.070     7996.460     7998.710     8001.870
   145:     8002.400     8006.340     8006.390     8007.310     8021.190
   150:     8025.860     8026.950     8027.600     8028.350     8028.790
   155:     8030.090     8059.240     8059.970     8062.900     8063.130
   160:     8064.310     8072.480     8084.700     8086.130     8105.820
   165:     8106.030     8194.620     8245.150     8245.290     8251.640
   170:     8253.840     8254.470     8255.170     8511.020     9838.150
   175:     9838.780     9840.890     9950.890     9997.960    10061.590
   180:    10064.520    10076.500    10080.190    10080.250    10080.340
   185:    10080.400    10083.100    10083.590    10094.240    10094.850
   190:    10096.830    10097.460    10100.160    10104.070    10104.130
   195:    10104.890    10104.950    10106.460    10111.630    10211.140
   200:    10334.080    10413.070    10437.420    10440.780    10444.380
   205:    10458.450    10458.450    10458.450    10458.460    10458.460
   210:    10458.460    10458.460    10458.460    10458.460    10462.460
   215:    10463.460    10463.460    10465.800    10468.450    10468.460
   220:    10472.230    10477.260    10507.030    10507.170    10507.360
   225:    10508.020    10511.240    10511.520    10511.570    10594.060
   230:    10597.610    10597.630    10597.660    10599.070    10604.790
   235:    10611.290    10611.290    10611.290    10611.300    10611.300
   240:    10611.300    10611.300    10611.300    10611.300    10615.300
   245:    10616.300    10616.300    10617.010    10620.450    10620.760
   250:    10620.780    10620.900    10621.290    10621.300    10623.090
   255:    10645.480    10645.480    10645.480    10645.490    10645.490
   260:    10645.490    10645.490    10645.490    10645.490    10645.960
   265:    10645.960    10647.050    10647.050    10648.760    10648.760
   270:    10649.490    10650.490    10650.490    10654.430    10655.480
   275:    10655.490    10660.070    10672.350    10681.930    10681.930
   280:    10681.930    10681.940    10681.940    10681.940    10681.940
   285:    10681.940    10681.940    10685.940    10686.940    10686.940
   290:    10687.570    10687.570    10688.530    10688.790    10691.930
   295:    10691.940    10697.690    10698.020    10698.370    10698.680
   300:    10698.980    10699.740    10700.260    10700.690    10704.680
   305:    10708.620    10709.970    10745.310    10745.310    10745.310
   310:    10745.320    10745.320    10745.320    10745.320    10745.320
   315:    10745.320    10746.050    10746.050    10749.320    10750.320
   320:    10750.320    10755.310    10755.320    10800.000
