File: C:\MED-PC\Data\2024-11-12_15h29m_Subject 55.txt


Start Date: 11/12/24
End Date: 11/12/24
Subject: 55
Experiment: OralFentSA
Group: One
Box: 11
Start Time: 15:29:26
End Time: 18:29:34
MSN: Golden_Liq_SelfAdmin_EXT
F:       0.000
G:    1001.000
H:   10800.000
I:       0.000
J:       0.000
K:       0.000
L:       0.000
M:       0.000
N:       0.000
O:       0.000
P:       0.000
Q:       0.000
R:       0.000
S:       0.000
U:       0.000
V:       0.000
W:       0.000
X:       0.000
Y:       0.000
Z:       0.000
A:
     0:        0.000        0.000      180.000        4.000        0.000
     5:        5.000        0.000        5.000        0.000        0.000
    10:        1.000        0.000       10.000   100000.000       19.000
    15:       17.000      600.000        0.000        0.000        0.000
    20:        0.000
B:
     0:        0.000        0.000        0.000        0.000        0.000
     5:        0.000        0.000        0.000        0.000        0.000
    10:        0.000        0.000     1000.000 10000000.000        0.000
    15:        0.000        0.000        0.000        0.000        0.000
    20:        0.000
C:
     0:        0.000       51.000        0.000      119.000      509.000
     5:    10586.920      107.510       26.000     3052.920      117.420
    10:      119.000        0.000        0.000        0.000        0.000
    15:        0.000        0.000        0.000        0.000        0.000
    20:        0.000
D:
     0:        1.660       46.340       59.230      214.110      172.970
     5:      131.570        7.410        2.020        5.940        7.900
    10:        1.270        2.560       18.670      145.840      582.140
    15:       71.130       53.220       13.040      362.150      476.040
    20:       92.420      228.560      223.560        0.640       25.020
    25:      107.510
E:
     0:       19.000       11.000       26.000       27.000        2.000
     5:        4.000       22.000       24.000       12.000       21.000
    10:       22.000       19.000       11.000        2.000        4.000
    15:       22.000       24.000       12.000       21.000       22.000
    20:       21.000       22.000       21.000       22.000       21.000
    25:       22.000       19.000       11.000        2.000        4.000
    30:       22.000       24.000       12.000        6.000       19.000
    35:       11.000        6.000        2.000        4.000       22.000
    40:       24.000       12.000       21.000       22.000       21.000
    45:       22.000       19.000       11.000        2.000        4.000
    50:       22.000       24.000       12.000       21.000       22.000
    55:       21.000       22.000       19.000       11.000        6.000
    60:        2.000        4.000       22.000       24.000       12.000
    65:       19.000       11.000        2.000        4.000       22.000
    70:       24.000       12.000       21.000       22.000       21.000
    75:       22.000       19.000       11.000        6.000        6.000
    80:        6.000        6.000        6.000        6.000        6.000
    85:        6.000        6.000        6.000        6.000        6.000
    90:        6.000        6.000        6.000        2.000        4.000
    95:       22.000       24.000       12.000       19.000       11.000
   100:        6.000        6.000        6.000        6.000        2.000
   105:        4.000       22.000       24.000       12.000       21.000
   110:       22.000       21.000       22.000       19.000       11.000
   115:        6.000        6.000        6.000        6.000        6.000
   120:        6.000        6.000        6.000        6.000        6.000
   125:        6.000        6.000        6.000        6.000        6.000
   130:        6.000        6.000        6.000        6.000        6.000
   135:        6.000        6.000        6.000        6.000        6.000
   140:        6.000        6.000        6.000        6.000        6.000
   145:        6.000        6.000        6.000        6.000        6.000
   150:        6.000        6.000        6.000        6.000        6.000
   155:        6.000        6.000        6.000        6.000        6.000
   160:        6.000        6.000        6.000        6.000        6.000
   165:        6.000        6.000        6.000        6.000        6.000
   170:        6.000        6.000        6.000        6.000        6.000
   175:        6.000        6.000        6.000        6.000        6.000
   180:        6.000        6.000        6.000        6.000        6.000
   185:        6.000        6.000        6.000        6.000        6.000
   190:        6.000        6.000        6.000        6.000        6.000
   195:        6.000        6.000        6.000        6.000        6.000
   200:        6.000        6.000        6.000        6.000        6.000
   205:        6.000        6.000        6.000        6.000        6.000
   210:        6.000        6.000        6.000        6.000        6.000
   215:        6.000        6.000        6.000        6.000        6.000
   220:        6.000        6.000        6.000        6.000        6.000
   225:        6.000        6.000        6.000        6.000        6.000
   230:        6.000        6.000        6.000        6.000        6.000
   235:        6.000        6.000        6.000        6.000        6.000
   240:        6.000        6.000        6.000        6.000        6.000
   245:        6.000        6.000        6.000        6.000        6.000
   250:        6.000        6.000        6.000        6.000        6.000
   255:        6.000        6.000        6.000        6.000        6.000
   260:        6.000        6.000        6.000        6.000        6.000
   265:        6.000        6.000        6.000        6.000        6.000
   270:        6.000        6.000        6.000        6.000        6.000
   275:        6.000        6.000        6.000        6.000        6.000
   280:        6.000        6.000        6.000        6.000        6.000
   285:        6.000        6.000        6.000        6.000        6.000
   290:        6.000        6.000        6.000        6.000        6.000
   295:        6.000        6.000        6.000        6.000        6.000
   300:        6.000        6.000        6.000        6.000        6.000
   305:        6.000        6.000        6.000        6.000        6.000
   310:        6.000        6.000        6.000        6.000        6.000
   315:        6.000        6.000        6.000        6.000        6.000
   320:        6.000        6.000        2.000        4.000       22.000
   325:       24.000       12.000       21.000       22.000       21.000
   330:       22.000       19.000       11.000        6.000        6.000
   335:        6.000        6.000        6.000        6.000        2.000
   340:        4.000       22.000       24.000       12.000       21.000
   345:       22.000       21.000       22.000       21.000       22.000
   350:       19.000       11.000        2.000        4.000       22.000
   355:       24.000       12.000       19.000       11.000        2.000
   360:        4.000       22.000       24.000       12.000       19.000
   365:       11.000        2.000        4.000       22.000       24.000
   370:       12.000       19.000       11.000        2.000        4.000
   375:       22.000       24.000       12.000       19.000       11.000
   380:        2.000        4.000       22.000       24.000       12.000
   385:        6.000       19.000       11.000        6.000        6.000
   390:        6.000        6.000        6.000        6.000        6.000
   395:        6.000        6.000        6.000        6.000        6.000
   400:        6.000        6.000        6.000        6.000        6.000
   405:        6.000        6.000        6.000        6.000        6.000
   410:        6.000        6.000        6.000        6.000        6.000
   415:        6.000        2.000        4.000       22.000       24.000
   420:       12.000       21.000       22.000        6.000        6.000
   425:        6.000       21.000       22.000       19.000       11.000
   430:        2.000        4.000       22.000       24.000       12.000
   435:       19.000       11.000        2.000        4.000       22.000
   440:       24.000       12.000       19.000       11.000        2.000
   445:        4.000       22.000       24.000       12.000       21.000
   450:       22.000       21.000       22.000       21.000       22.000
   455:       21.000       22.000       21.000       22.000        6.000
   460:        6.000        6.000       19.000       11.000        6.000
   465:        6.000        6.000        6.000        6.000        6.000
   470:        6.000        6.000        6.000        6.000        6.000
   475:        6.000        6.000        6.000        2.000        4.000
   480:       22.000       24.000       12.000       21.000       22.000
   485:       21.000       22.000        6.000        6.000        6.000
   490:       19.000       11.000        6.000        6.000        2.000
   495:        4.000       22.000       24.000       12.000        6.000
   500:       19.000       11.000        2.000        4.000       22.000
   505:       24.000       12.000       19.000       11.000        2.000
   510:        4.000       22.000       24.000       12.000        6.000
   515:        6.000        6.000        6.000        6.000        6.000
   520:        6.000       19.000       11.000        6.000        2.000
   525:        4.000       22.000       24.000       12.000       19.000
   530:       11.000        2.000        4.000       22.000       24.000
   535:       12.000       21.000       22.000       19.000       11.000
   540:        2.000        4.000       22.000       24.000       12.000
   545:       21.000       22.000       21.000       22.000       19.000
   550:       11.000        6.000        6.000        2.000        4.000
   555:       22.000       24.000       12.000       21.000       22.000
   560:       21.000       22.000       21.000       22.000       21.000
   565:       22.000       21.000       22.000       21.000       22.000
   570:       19.000       11.000        2.000        4.000       22.000
   575:       24.000       12.000       21.000       22.000       21.000
   580:       22.000       21.000       22.000       19.000       11.000
   585:        6.000        2.000        4.000       22.000       24.000
   590:       12.000       19.000       11.000        6.000        6.000
   595:        6.000        6.000        6.000        6.000        6.000
   600:        2.000        4.000       22.000       24.000       12.000
   605:       21.000       22.000       21.000       22.000       21.000
   610:       22.000       19.000       11.000        2.000        4.000
   615:       22.000       24.000       12.000       21.000       22.000
   620:       19.000       11.000        6.000        6.000        6.000
   625:        6.000        6.000        6.000        2.000        4.000
   630:       22.000       24.000       12.000       19.000       11.000
   635:        2.000        4.000       22.000       24.000       12.000
   640:       19.000       11.000        2.000        4.000       22.000
   645:       24.000       12.000       19.000       11.000        6.000
   650:        2.000        4.000       22.000       24.000       12.000
   655:       19.000       11.000        6.000        6.000        6.000
   660:        6.000        6.000        6.000        6.000        6.000
   665:        6.000        6.000        6.000        6.000        6.000
   670:        6.000        6.000        6.000        6.000        6.000
   675:        6.000        6.000        6.000        6.000        6.000
   680:        6.000        6.000        6.000        6.000        6.000
   685:        6.000        6.000        6.000        6.000        6.000
   690:        6.000        6.000        6.000        6.000        6.000
   695:        6.000        6.000        6.000        6.000        6.000
   700:        6.000        6.000        6.000        6.000        6.000
   705:        6.000        6.000        6.000        6.000        6.000
   710:        2.000        4.000       22.000       24.000       12.000
   715:       19.000       11.000        2.000        4.000       22.000
   720:       24.000       12.000       19.000       11.000        6.000
   725:        6.000        6.000        6.000        6.000        6.000
   730:        6.000        6.000        6.000        6.000        6.000
   735:        6.000        6.000        6.000        6.000        6.000
   740:        6.000        6.000        6.000        6.000        6.000
   745:        6.000        6.000        6.000        6.000        6.000
   750:        6.000        6.000        6.000        6.000        6.000
   755:        6.000        6.000        6.000        6.000        6.000
   760:        6.000        6.000        6.000        6.000        6.000
   765:        6.000        6.000        6.000        6.000        6.000
   770:        6.000        6.000        6.000        6.000        6.000
   775:        6.000        6.000        6.000        6.000        6.000
   780:        6.000        6.000        6.000        6.000        6.000
   785:        6.000        6.000        6.000        6.000        6.000
   790:        6.000        6.000        6.000        6.000        6.000
   795:        6.000        6.000        6.000        6.000        6.000
   800:        2.000        4.000       22.000       24.000       12.000
   805:       19.000       11.000        2.000        4.000       22.000
   810:       24.000       12.000       19.000       11.000        6.000
   815:        6.000        6.000        6.000        6.000        6.000
   820:        6.000        6.000        2.000        4.000       22.000
   825:       24.000       12.000       21.000       22.000       21.000
   830:       22.000       21.000       22.000       21.000       22.000
   835:       21.000       22.000       21.000       22.000       21.000
   840:       22.000       21.000       22.000       21.000       22.000
   845:       21.000       22.000       19.000       11.000        2.000
   850:        4.000       22.000       24.000       12.000       21.000
   855:       22.000       21.000       22.000       21.000       22.000
   860:       21.000       22.000       21.000       22.000       21.000
   865:       22.000       21.000       22.000       21.000       22.000
   870:       21.000       22.000       19.000       11.000        6.000
   875:        6.000        2.000        4.000       22.000       24.000
   880:       12.000       21.000       22.000       21.000       22.000
   885:       19.000       11.000        2.000        4.000       22.000
   890:       24.000       12.000       19.000       11.000        6.000
   895:        6.000        6.000        6.000        6.000        6.000
   900:        6.000        2.000        4.000       22.000       24.000
   905:       12.000       19.000       11.000        6.000        6.000
   910:        6.000        6.000        6.000        6.000        6.000
   915:        6.000        6.000        2.000        4.000       22.000
   920:       24.000       12.000       21.000       22.000        6.000
   925:       21.000       22.000       19.000       11.000        2.000
   930:        4.000       22.000       24.000       12.000       19.000
   935:       11.000        2.000        4.000       22.000       24.000
   940:       12.000       21.000       22.000       19.000       11.000
   945:        6.000        6.000        6.000        6.000        6.000
   950:        6.000        2.000        4.000       22.000       24.000
   955:       12.000       19.000       11.000        6.000        6.000
   960:        6.000        6.000        6.000        6.000        6.000
   965:        6.000        6.000        6.000        6.000        6.000
   970:        6.000        6.000        6.000        6.000        6.000
   975:        6.000        6.000        6.000        6.000        6.000
   980:        6.000        6.000        6.000        6.000        6.000
   985:        6.000        6.000        6.000        6.000        6.000
   990:        2.000        4.000       22.000       24.000       12.000
   995:       21.000       22.000       21.000       22.000       19.000
  1000:       11.000      100.000
T:
     0:        0.000        0.000        0.000        0.000        4.200
     5:        4.200        4.200        4.210        4.210       11.690
    10:       11.690       14.200       14.210       69.430       69.430
    15:       69.430       69.440       69.440       70.490       70.490
    20:       70.570       70.570       73.650       73.650       74.010
    25:       74.010       79.430       79.440       88.310       88.310
    30:       88.310       88.320       88.320       89.980       98.310
    35:       98.320      150.960      236.940      236.940      236.940
    40:      236.950      236.950      244.050      244.050      245.490
    45:      245.490      246.940      246.950      249.570      249.570
    50:      249.570      249.580      249.580      250.100      250.100
    55:      253.170      253.170      259.570      259.580      295.920
    60:      312.390      312.390      312.390      312.400      312.400
    65:      322.390      322.400      348.070      348.070      348.070
    70:      348.080      348.080      349.220      349.220      354.550
    75:      354.550      358.070      358.080      407.310      409.080
    80:      409.670      410.120      411.860      412.120      412.170
    85:      414.280      414.720      423.140      423.340      423.930
    90:      425.550      425.940      426.000      430.710      430.710
    95:      430.710      430.720      430.720      440.710      440.720
   100:      644.830      645.370      645.640      645.700      720.610
   105:      720.610      720.610      720.620      720.620      721.190
   110:      721.190      721.870      721.870      730.610      730.620
   115:      893.590      894.160      894.840      895.280      895.810
   120:      895.870      896.410      896.470      896.560      896.940
   125:      897.210      898.410      899.030      900.170      900.850
   130:      901.700      903.120      903.970      904.250      905.520
   135:      906.400      906.880      907.320      908.050      909.640
   140:      910.350      910.930      911.030      911.880      911.990
   145:      912.450      912.530      915.270      915.660      916.220
   150:      923.130      923.220      927.620      930.070      930.100
   155:      930.830      931.020      931.090      931.620      931.810
   160:      932.340      933.350      933.870      934.060      934.740
   165:      935.390      936.700      937.030      937.520      937.680
   170:      937.830      938.220      938.880      939.510      941.920
   175:      943.210      944.560      947.010      948.150      948.490
   180:      949.550      949.790      950.370      951.220      954.190
   185:      954.330      954.830      955.410      955.820      955.950
   190:      956.230      956.350      956.890      956.930      958.720
   195:      958.820      959.540      963.740      966.810      966.990
   200:     1003.690     1005.280     1005.330     1006.210     1006.570
   205:     1007.250     1007.370     1010.060     1010.670     1010.860
   210:     1011.250     1011.400     1011.480     1011.780     1019.860
   215:     1020.210     1020.260     1021.630     1021.650     1021.810
   220:     1022.350     1025.830     1026.090     1026.340     1026.400
   225:     1026.540     1026.670     1026.770     1026.960     1027.440
   230:     1028.100     1030.220     1030.310     1030.360     1030.550
   235:     1036.580     1036.880     1036.980     1038.140     1038.440
   240:     1038.520     1038.680     1039.090     1039.150     1039.390
   245:     1039.730     1039.840     1042.210     1042.500     1043.140
   250:     1046.600     1051.760     1059.970     1062.770     1070.820
   255:     1071.330     1072.370     1072.870     1074.180     1075.650
   260:     1134.190     1137.170     1138.270     1139.360     1140.080
   265:     1141.030     1142.190     1144.270     1144.620     1144.950
   270:     1145.060     1146.210     1146.990     1148.130     1148.610
   275:     1150.350     1150.550     1152.550     1154.220     1155.140
   280:     1156.730     1157.380     1157.520     1158.210     1158.820
   285:     1158.950     1160.380     1161.420     1163.230     1165.370
   290:     1166.030     1167.130     1168.130     1168.660     1170.020
   295:     1172.310     1172.640     1173.080     1173.550     1174.970
   300:     1175.150     1176.570     1176.890     1177.260     1177.360
   305:     1178.580     1178.770     1179.570     1180.470     1180.630
   310:     1182.510     1183.190     1183.330     1183.810     1183.890
   315:     1184.630     1185.520     1186.260     1188.010     1189.110
   320:     1189.460     1227.990     1398.970     1398.970     1398.970
   325:     1398.980     1398.980     1402.230     1402.230     1404.770
   330:     1404.770     1408.970     1408.980     1530.550     1530.920
   335:     1531.520     1532.310     1533.320     1535.120     1546.080
   340:     1546.080     1546.080     1546.090     1546.090     1548.020
   345:     1548.020     1551.120     1551.120     1551.240     1551.240
   350:     1556.080     1556.090     1623.960     1623.960     1623.960
   355:     1623.970     1623.970     1633.960     1633.970     1745.390
   360:     1745.390     1745.390     1745.400     1745.400     1755.390
   365:     1755.400     1825.180     1825.180     1825.180     1825.190
   370:     1825.190     1835.180     1835.190     1870.420     1870.420
   375:     1870.420     1870.430     1870.430     1880.420     1880.430
   380:     1885.730     1885.730     1885.730     1885.740     1885.740
   385:     1893.150     1895.730     1895.740     1912.270     1912.470
   390:     1915.950     1917.010     1919.100     1919.930     1927.950
   395:     1929.250     1930.230     1931.020     1931.070     1931.360
   400:     1932.510     1935.730     1936.240     1936.300     1938.260
   405:     1938.530     1940.170     1940.580     1940.980     1941.130
   410:     1941.180     1941.580     1942.910     1947.700     1948.510
   415:     1949.500     2137.170     2137.170     2137.170     2137.180
   420:     2137.180     2138.200     2138.200     2139.200     2139.460
   425:     2141.190     2145.510     2145.510     2147.170     2147.180
   430:     2575.830     2575.830     2575.830     2575.840     2575.840
   435:     2585.830     2585.840     2585.950     2585.950     2585.950
   440:     2585.960     2585.960     2595.950     2595.960     2685.020
   445:     2685.020     2685.020     2685.030     2685.030     2685.220
   450:     2685.220     2685.500     2685.500     2686.760     2686.760
   455:     2686.990     2686.990     2690.010     2690.010     2690.970
   460:     2691.610     2692.870     2695.020     2695.030     2695.880
   465:     2695.940     2696.200     2696.340     2696.400     2696.430
   470:     2697.370     2697.730     2698.570     2699.700     2705.070
   475:     2708.300     2711.140     2711.270     2829.460     2829.460
   480:     2829.460     2829.470     2829.470     2833.960     2833.960
   485:     2834.730     2834.730     2837.370     2838.640     2838.780
   490:     2839.460     2839.470     2839.610     2855.990     2917.900
   495:     2917.900     2917.900     2917.910     2917.910     2919.180
   500:     2927.900     2927.910     3056.110     3056.110     3056.110
   505:     3056.120     3056.120     3066.110     3066.120     3167.250
   510:     3167.250     3167.250     3167.260     3167.260     3169.820
   515:     3170.400     3170.450     3171.610     3171.910     3171.970
   520:     3172.030     3177.250     3177.260     3182.420     3186.450
   525:     3186.450     3186.450     3186.460     3186.460     3196.450
   530:     3196.460     3226.060     3226.060     3226.060     3226.070
   535:     3226.070     3226.570     3226.570     3236.060     3236.070
   540:     3332.740     3332.740     3332.740     3332.750     3332.750
   545:     3333.230     3333.230     3340.280     3340.280     3342.740
   550:     3342.750     3351.420     3351.690     3354.890     3354.890
   555:     3354.890     3354.900     3354.900     3358.420     3358.420
   560:     3359.340     3359.340     3360.030     3360.030     3360.300
   565:     3360.300     3361.030     3361.030     3362.900     3362.900
   570:     3364.890     3364.900     3739.340     3739.340     3739.340
   575:     3739.350     3739.350     3741.980     3741.980     3744.680
   580:     3744.680     3745.160     3745.160     3749.340     3749.350
   585:     3885.190     4073.870     4073.870     4073.870     4073.880
   590:     4073.880     4083.870     4083.880     4656.020     4657.140
   595:     4662.760     4664.680     4665.070     4665.280     4668.250
   600:     4673.790     4673.790     4673.790     4673.800     4673.800
   605:     4675.700     4675.700     4679.330     4679.330     4681.670
   610:     4681.670     4683.790     4683.800     4906.380     4906.380
   615:     4906.380     4906.390     4906.390     4910.960     4910.960
   620:     4916.380     4916.390     4977.520     4978.920     4980.080
   625:     4980.390     4981.760     4981.850     5075.570     5075.570
   630:     5075.570     5075.580     5075.580     5085.570     5085.580
   635:     5092.000     5092.000     5092.000     5092.010     5092.010
   640:     5102.000     5102.010     5210.690     5210.690     5210.690
   645:     5210.700     5210.700     5220.690     5220.700     5263.920
   650:     5336.810     5336.810     5336.810     5336.820     5336.820
   655:     5346.810     5346.820     5349.860     5349.910     5350.140
   660:     5351.140     5352.610     5352.970     5353.950     5354.720
   665:     5354.890     5354.930     5357.230     5360.550     5367.120
   670:     5369.490     5372.180     5372.380     5382.580     5382.720
   675:     5382.820     5383.430     5397.980     5400.030     5400.290
   680:     5404.240     5405.350     5405.390     5416.040     5416.190
   685:     5416.900     5417.040     5417.160     5417.210     5419.350
   690:     5419.620     5420.470     5421.720     5422.210     5422.310
   695:     5422.390     5422.440     5422.770     5423.710     5424.360
   700:     5424.520     5424.620     5424.830     5426.670     5428.450
   705:     5431.640     5433.440     5433.530     5433.740     5435.260
   710:     5653.790     5653.790     5653.790     5653.800     5653.800
   715:     5663.790     5663.800     5767.020     5767.020     5767.020
   720:     5767.030     5767.030     5777.020     5777.030     6129.180
   725:     6130.650     6131.370     6131.550     6138.820     6139.070
   730:     6139.160     6139.500     6139.540     6142.680     6144.380
   735:     6144.570     6144.790     6146.130     6146.320     6146.400
   740:     6152.000     6153.360     6153.510     6154.290     6154.880
   745:     6154.900     6155.660     6155.760     6155.840     6159.100
   750:     6159.140     6160.090     6160.270     6161.240     6161.400
   755:     6161.520     6163.990     6164.190     6164.710     6165.940
   760:     6166.060     6166.230     6166.410     6166.460     6166.530
   765:     6166.560     6166.730     6166.860     6166.910     6168.180
   770:     6168.870     6170.820     6171.020     6171.150     6171.210
   775:     6173.720     6173.800     6173.820     6175.540     6175.600
   780:     6175.680     6176.330     6176.620     6190.010     6190.120
   785:     6193.770     6314.240     6318.120     6319.360     6320.290
   790:     6320.390     6320.740     6320.770     6320.820     6321.120
   795:     6324.940     6327.520     6329.350     6329.560     6329.890
   800:     6563.940     6563.940     6563.940     6563.950     6563.950
   805:     6573.940     6573.950     6575.950     6575.950     6575.950
   810:     6575.960     6575.960     6585.950     6585.960     7052.000
   815:     7181.850     7182.280     7186.500     7365.680     7366.700
   820:     7367.530     7367.670     7386.560     7386.560     7386.560
   825:     7386.570     7386.570     7387.350     7387.350     7387.840
   830:     7387.840     7388.300     7388.300     7389.820     7389.820
   835:     7389.940     7389.940     7390.640     7390.640     7392.500
   840:     7392.500     7392.630     7392.630     7394.110     7394.110
   845:     7394.720     7394.720     7396.560     7396.570     7398.080
   850:     7398.080     7398.080     7398.090     7398.090     7399.020
   855:     7399.020     7401.530     7401.530     7402.070     7402.070
   860:     7402.840     7402.840     7404.060     7404.060     7405.580
   865:     7405.580     7405.960     7405.960     7406.070     7406.070
   870:     7407.370     7407.370     7408.080     7408.090     7490.510
   875:     7491.270     7564.790     7564.790     7564.790     7564.800
   880:     7564.800     7564.940     7564.940     7566.990     7566.990
   885:     7574.790     7574.800     8938.960     8938.960     8938.960
   890:     8938.970     8938.970     8948.960     8948.970     9167.530
   895:     9167.650     9167.710     9170.500     9170.720     9173.140
   900:     9174.670     9221.270     9221.270     9221.270     9221.280
   905:     9221.280     9231.270     9231.280     9444.840     9445.880
   910:     9446.320     9446.530     9447.940     9450.730     9451.140
   915:     9451.330     9453.040     9470.660     9470.660     9470.660
   920:     9470.670     9470.670     9470.900     9470.900     9471.310
   925:     9472.910     9472.910     9480.660     9480.670     9621.270
   930:     9621.270     9621.270     9621.280     9621.280     9631.270
   935:     9631.280     9856.010     9856.010     9856.010     9856.020
   940:     9856.020     9858.910     9858.910     9866.010     9866.020
   945:     9881.040     9881.360     9881.480     9884.780     9884.890
   950:     9884.920     9895.700     9895.700     9895.700     9895.710
   955:     9895.710     9905.700     9905.710    10003.220    10003.980
   960:    10004.020    10004.160    10004.350    10006.130    10070.100
   965:    10070.370    10085.640    10085.760    10085.920    10092.130
   970:    10092.470    10092.670    10130.330    10130.680    10132.670
   975:    10132.830    10134.400    10135.040    10263.940    10264.500
   980:    10266.120    10266.450    10270.520    10270.560    10420.230
   985:    10420.630    10421.930    10424.240    10424.260    10426.520
   990:    10586.910    10586.910    10586.910    10586.920    10586.920
   995:    10586.950    10586.950    10590.630    10590.630    10596.910
  1000:    10596.920    10800.000
