File: C:\MED-PC\Data\2024-11-13_09h51m_Subject 33.txt


Start Date: 11/13/24
End Date: 11/13/24
Subject: 33
Experiment: OralFentSA
Group: One
Box: 1
Start Time: 09:51:43
End Time: 12:50:05
MSN: Golden_Liq_SelfAdmin_EXT
F:       0.000
G:     716.000
H:   10598.100
I:       0.000
J:       0.000
K:       0.000
L:       0.000
M:       0.000
N:       0.000
O:       0.000
P:       0.000
Q:       0.000
R:       0.000
S:       0.000
U:       0.000
V:       0.000
W:       0.000
X:       0.000
Y:       0.000
Z:       0.000
A:
     0:        0.000        0.000      180.000        4.000        0.000
     5:        5.000        0.000        5.000        0.000        0.000
    10:        1.000        0.000       10.000   100000.000       21.000
    15:       18.000      600.000        0.000        0.000        0.000
    20:        0.000
B:
     0:        0.000        0.000        0.000        0.000        0.000
     5:        0.000        0.000        0.000        0.000        0.000
    10:        0.000        0.000     1000.000 10000000.000        0.000
    15:        0.000        0.000        0.000        0.000        0.000
    20:        0.000
C:
     0:        0.000       14.000       34.000       29.000      555.000
     5:     9655.230       56.390       13.000      430.600       33.123
    10:       29.000       34.000        0.000        0.000        0.000
    15:        0.000        0.000        0.000        0.000        0.000
    20:        0.000
D:
     0:       21.710       95.220       94.060        3.150       67.960
     5:       48.230        2.370        3.960        2.560        7.900
    10:       10.680       16.410       56.390
E:
     0:       19.000       11.000       26.000       27.000        1.000
     5:        6.000        6.000        1.000        6.000        2.000
    10:        4.000       22.000       24.000       12.000       21.000
    15:       22.000       21.000       22.000       19.000       11.000
    20:        6.000        2.000        4.000       22.000       24.000
    25:       12.000       19.000       11.000        1.000        1.000
    30:        1.000        1.000        1.000        1.000        6.000
    35:        6.000        6.000        6.000        6.000        6.000
    40:        6.000        6.000        6.000        6.000        6.000
    45:        6.000        6.000        1.000        6.000        6.000
    50:        6.000        2.000        4.000       22.000       24.000
    55:       12.000       21.000       22.000       19.000       11.000
    60:        6.000        6.000        6.000        6.000        2.000
    65:        4.000       22.000       24.000       12.000       21.000
    70:       22.000        6.000       19.000       11.000        6.000
    75:        2.000        4.000       22.000       24.000       12.000
    80:       21.000       22.000       21.000       22.000       19.000
    85:       11.000        6.000        6.000        6.000        2.000
    90:        4.000       22.000       24.000       12.000       21.000
    95:       22.000       21.000       22.000       21.000       22.000
   100:       21.000       22.000       21.000       22.000       19.000
   105:       11.000        1.000        1.000        6.000        6.000
   110:        1.000        1.000        1.000        1.000        1.000
   115:        1.000        1.000        1.000        6.000        6.000
   120:        6.000        6.000        6.000        6.000        6.000
   125:        6.000        6.000        6.000        2.000        4.000
   130:       22.000       24.000       12.000        6.000       19.000
   135:       11.000        6.000        6.000        6.000        1.000
   140:        1.000        6.000        6.000        6.000        6.000
   145:        6.000        6.000        6.000        6.000        6.000
   150:        6.000        6.000        6.000        6.000        6.000
   155:        6.000        6.000        6.000        6.000        6.000
   160:        6.000        6.000        6.000        6.000        6.000
   165:        6.000        2.000        4.000       22.000       24.000
   170:       12.000       21.000       22.000        6.000        6.000
   175:        6.000       19.000       11.000        6.000        6.000
   180:        1.000        6.000        2.000        4.000       22.000
   185:       24.000       12.000        6.000        6.000        6.000
   190:        6.000        6.000       19.000       11.000        6.000
   195:        6.000        6.000        6.000        6.000        6.000
   200:        6.000        6.000        1.000        1.000        6.000
   205:        6.000        6.000        6.000        6.000        6.000
   210:        6.000        6.000        6.000        6.000        6.000
   215:        6.000        6.000        6.000        6.000        6.000
   220:        6.000        6.000        6.000        6.000        6.000
   225:        6.000        6.000        6.000        6.000        6.000
   230:        6.000        6.000        6.000        6.000        6.000
   235:        6.000        6.000        6.000        6.000        6.000
   240:        6.000        6.000        6.000        6.000        2.000
   245:        4.000       22.000       24.000       12.000       21.000
   250:       22.000        6.000       19.000       11.000        6.000
   255:        6.000        6.000        1.000        1.000        1.000
   260:        6.000        6.000        6.000        6.000        6.000
   265:        6.000        6.000        6.000        6.000        6.000
   270:        6.000        6.000        6.000        6.000        6.000
   275:        6.000        6.000        6.000        6.000        6.000
   280:        6.000        6.000        6.000        6.000        6.000
   285:        6.000        6.000        6.000        6.000        6.000
   290:        6.000        6.000        6.000        6.000        6.000
   295:        6.000        6.000        6.000        6.000        6.000
   300:        6.000        6.000        6.000        6.000        6.000
   305:        6.000        6.000        6.000        6.000        6.000
   310:        6.000        1.000        6.000        1.000        1.000
   315:        1.000        6.000        6.000        2.000        4.000
   320:       22.000       24.000       12.000       21.000       22.000
   325:       21.000       22.000       19.000       11.000        6.000
   330:        6.000        6.000        1.000        1.000        6.000
   335:        6.000        6.000        6.000        6.000        6.000
   340:        6.000        6.000        6.000        6.000        6.000
   345:        6.000        6.000        6.000        6.000        6.000
   350:        6.000        6.000        6.000        6.000        6.000
   355:        6.000        6.000        6.000        6.000        6.000
   360:        6.000        6.000        6.000        6.000        6.000
   365:        6.000        6.000        6.000        6.000        6.000
   370:        6.000        6.000        6.000        6.000        6.000
   375:        6.000        2.000        4.000       22.000       24.000
   380:       12.000       19.000       11.000        6.000        6.000
   385:        6.000        6.000        6.000        6.000        6.000
   390:        6.000        6.000        6.000        6.000        6.000
   395:        6.000        6.000        6.000        6.000        6.000
   400:        6.000        6.000        6.000        6.000        6.000
   405:        6.000        6.000        6.000        6.000        6.000
   410:        6.000        6.000        6.000        6.000        6.000
   415:        6.000        6.000        6.000        6.000        6.000
   420:        6.000        6.000        6.000        6.000        6.000
   425:        6.000        6.000        6.000        6.000        6.000
   430:        6.000        6.000        6.000        6.000        6.000
   435:        6.000        6.000        6.000        6.000        6.000
   440:        6.000        6.000        6.000        6.000        6.000
   445:        6.000        6.000        6.000        6.000        6.000
   450:        6.000        6.000        6.000        6.000        6.000
   455:        6.000        6.000        6.000        6.000        6.000
   460:        6.000        6.000        6.000        6.000        6.000
   465:        6.000        6.000        6.000        6.000        6.000
   470:        6.000        6.000        6.000        6.000        6.000
   475:        6.000        6.000        6.000        6.000        6.000
   480:        6.000        6.000        6.000        6.000        6.000
   485:        6.000        6.000        6.000        6.000        6.000
   490:        6.000        6.000        6.000        6.000        6.000
   495:        6.000        6.000        6.000        6.000        6.000
   500:        6.000        6.000        6.000        6.000        6.000
   505:        6.000        6.000        6.000        6.000        6.000
   510:        6.000        6.000        6.000        6.000        6.000
   515:        6.000        6.000        6.000        6.000        6.000
   520:        6.000        6.000        6.000        6.000        6.000
   525:        6.000        6.000        6.000        6.000        6.000
   530:        6.000        6.000        6.000        6.000        6.000
   535:        6.000        6.000        6.000        6.000        6.000
   540:        6.000        6.000        6.000        6.000        6.000
   545:        6.000        6.000        6.000        6.000        6.000
   550:        6.000        6.000        6.000        6.000        6.000
   555:        6.000        6.000        6.000        6.000        6.000
   560:        6.000        6.000        6.000        6.000        6.000
   565:        6.000        6.000        6.000        6.000        6.000
   570:        6.000        6.000        6.000        6.000        6.000
   575:        6.000        6.000        6.000        6.000        6.000
   580:        6.000        6.000        6.000        6.000        6.000
   585:        6.000        6.000        6.000        6.000        6.000
   590:        6.000        6.000        6.000        6.000        6.000
   595:        6.000        6.000        6.000        6.000        6.000
   600:        6.000        6.000        6.000        6.000        6.000
   605:        6.000        6.000        6.000        6.000        6.000
   610:        6.000        6.000        6.000        6.000        6.000
   615:        6.000        6.000        6.000        6.000        6.000
   620:        6.000        6.000        6.000        6.000        6.000
   625:        6.000        6.000        6.000        6.000        6.000
   630:        6.000        6.000        6.000        6.000        6.000
   635:        6.000        6.000        6.000        6.000        6.000
   640:        6.000        6.000        6.000        6.000        6.000
   645:        6.000        6.000        6.000        6.000        6.000
   650:        6.000        6.000        6.000        6.000        6.000
   655:        6.000        6.000        6.000        6.000        6.000
   660:        6.000        6.000        6.000        6.000        6.000
   665:        6.000        6.000        6.000        6.000        6.000
   670:        6.000        6.000        6.000        6.000        6.000
   675:        6.000        6.000        6.000        6.000        6.000
   680:        6.000        6.000        6.000        2.000        4.000
   685:       22.000       24.000       12.000       21.000       22.000
   690:       19.000       11.000        6.000        6.000        6.000
   695:        6.000        6.000        6.000        6.000        6.000
   700:        6.000        6.000        6.000        6.000        6.000
   705:        6.000        6.000        6.000        6.000        6.000
   710:        6.000        6.000        1.000        6.000        6.000
   715:        6.000
T:
     0:        0.000        0.000        0.000        0.000       64.200
     5:       77.260       79.680      106.290      158.970      209.810
    10:      209.810      209.810      209.820      209.820      210.900
    15:      210.900      213.350      213.350      219.810      219.820
    20:      231.530      263.770      263.770      263.770      263.780
    25:      263.780      273.770      273.780      311.760      312.750
    30:      314.200      314.300      315.060      317.300      359.000
    35:      359.380      359.430      361.600      362.620      362.660
    40:      382.530      438.040      439.690      453.360      457.220
    45:      458.700      460.620      500.320      528.140      528.820
    50:      531.700      573.360      573.360      573.360      573.370
    55:      573.370      574.450      574.450      583.360      583.370
    60:      667.430      667.550      704.510      705.550      709.110
    65:      709.110      709.110      709.120      709.120      709.340
    70:      709.340      712.270      719.110      719.120      856.990
    75:      867.000      867.000      867.000      867.010      867.010
    80:      868.530      868.530      868.920      868.920      877.000
    85:      877.010      934.970      994.510      994.810     1000.250
    90:     1000.250     1000.250     1000.260     1000.260     1000.430
    95:     1000.430     1001.170     1001.170     1002.420     1002.420
   100:     1003.090     1003.090     1007.990     1007.990     1010.250
   105:     1010.260     1040.540     1040.730     1048.490     1053.470
   110:     1070.110     1071.480     1072.150     1072.740     1074.150
   115:     1075.720     1076.420     1076.470     1099.010     1099.120
   120:     1102.050     1105.180     1112.070     1116.480     1116.540
   125:     1120.380     1122.600     1122.640     1134.530     1134.530
   130:     1134.530     1134.540     1134.540     1136.910     1144.530
   135:     1144.540     1226.700     1227.010     1344.830     1367.890
   140:     1368.910     1371.760     1375.020     1376.030     1378.420
   145:     1382.160     1383.560     1383.600     1383.790     1384.850
   150:     1386.970     1387.480     1387.940     1388.550     1392.630
   155:     1401.710     1402.500     1403.240     1548.630     1552.260
   160:     1552.410     1553.230     1553.310     1553.460     1571.210
   165:     1572.010     1575.490     1575.490     1575.490     1575.500
   170:     1575.500     1577.290     1577.290     1579.460     1581.500
   175:     1583.520     1585.490     1585.500     1588.410     1589.220
   180:     1643.210     1650.260     1663.250     1663.250     1663.250
   185:     1663.260     1663.260     1665.820     1668.300     1671.690
   190:     1672.590     1673.140     1673.250     1673.260     1719.290
   195:     1721.360     1950.560     1950.930     1951.130     1961.260
   200:     1983.970     1984.490     2001.680     2001.770     2009.110
   205:     2009.410     2009.520     2013.250     2020.950     2021.050
   210:     2026.700     2028.850     2045.090     2047.440     2054.170
   215:     2075.450     2075.470     2075.710     2075.800     2077.460
   220:     2077.640     2082.340     2084.820     2085.140     2086.010
   225:     2086.060     2090.640     2116.300     2158.740     2196.280
   230:     2196.360     2236.340     2237.720     2239.000     2280.090
   235:     2280.280     2329.410     2360.630     2387.090     2392.300
   240:     2396.960     2413.100     2423.340     2425.140     2429.470
   245:     2429.470     2429.470     2429.480     2429.480     2429.880
   250:     2429.880     2437.380     2439.470     2439.480     2449.100
   255:     2483.250     2500.750     2511.610     2511.670     2512.360
   260:     2536.930     2537.970     2539.510     2539.530     2540.190
   265:     2540.470     2541.090     2543.900     2554.610     2555.160
   270:     2555.350     2562.740     2565.370     2566.260     2567.580
   275:     2567.680     2568.340     2568.500     2569.850     2824.340
   280:     2825.010     2825.240     2873.680     2973.490     2978.880
   285:     3073.520     3187.400     3187.560     3187.760     3550.610
   290:     3550.950     3550.990     3579.980     3580.190     3580.340
   295:     3580.510     3581.320     3585.760     3587.220     3587.390
   300:     4798.050     4798.320     4801.660     4805.500     4863.720
   305:     4863.770     4863.990     4973.170     4990.530     4990.980
   310:     4991.210     5115.360     5205.030     5246.080     5246.540
   315:     5246.880     5251.590     5297.050     5300.940     5300.940
   320:     5300.940     5300.950     5300.950     5303.540     5303.540
   325:     5310.410     5310.410     5310.940     5310.950     5311.630
   330:     5311.800     5312.310     5347.920     5350.580     5353.850
   335:     5354.060     5354.170     5363.660     5366.410     5555.580
   340:     5562.810     5584.120     5584.460     5584.940     5585.100
   345:     5591.130     5595.190     5597.500     5780.550     5780.760
   350:     5781.390     5782.300     5818.030     5819.020     5819.690
   355:     5819.870     5820.290     5820.560     5822.600     5826.050
   360:     5826.790     5828.400     5841.640     5872.350     5879.420
   365:     5883.110     6484.670     6486.850     6487.010     6491.360
   370:     6491.620     6491.830     6492.170     6492.250     6494.700
   375:     6494.820     6505.080     6505.080     6505.080     6505.090
   380:     6505.090     6515.080     6515.090     6521.500     6521.940
   385:     6521.980     6522.090     6600.440     6610.050     6610.360
   390:     6636.650     6647.270     6647.520     6647.610     6650.520
   395:     6651.620     6657.000     6657.650     6659.600     6660.880
   400:     6661.280     6662.160     6662.400     6662.990     6664.940
   405:     6672.800     6673.020     6673.130     6674.800     6675.680
   410:     6677.220     6680.080     6680.410     6680.630     6682.320
   415:     6682.560     6707.350     6718.980     6719.370     6730.850
   420:     6731.430     6731.530     6731.960     6732.590     6733.130
   425:     6740.420     6742.280     6746.030     6747.590     6749.690
   430:     6751.970     6754.200     6757.200     6757.640     6759.850
   435:     6769.070     6772.660     6773.010     6773.250     6783.420
   440:     6783.730     6784.010     6784.770     6792.580     6800.280
   445:     6800.680     6800.920     6801.350     6801.610     6802.630
   450:     6802.840     6803.510     6803.700     6803.810     6804.210
   455:     6805.460     6805.820     6807.510     6807.570     6808.240
   460:     6808.390     6808.490     6811.430     6811.740     6812.980
   465:     6813.150     6814.320     6815.200     6819.020     6819.230
   470:     6820.630     6823.610     6824.770     6825.300     6825.640
   475:     6830.150     6830.270     6831.850     6833.890     6834.060
   480:     6834.410     6840.030     6840.090     6841.030     6841.340
   485:     6841.520     6841.650     6842.120     6848.290     6848.480
   490:     6849.020     6849.220     6849.890     6850.370     6853.830
   495:     6854.740     6855.100     6855.740     6856.480     6856.710
   500:     6858.460     6858.600     6861.050     6861.400     6872.090
   505:     6872.310     6873.360     6874.920     6876.790     6879.370
   510:     6879.600     6879.960     6880.180     6882.070     6882.300
   515:     6884.160     6885.680     6886.430     6889.210     6889.470
   520:     6889.640     6889.940     6891.140     6891.870     6899.990
   525:     6900.240     6901.570     6901.620     6904.190     6904.360
   530:     6906.700     6907.900     6908.180     6908.820     6909.000
   535:     6909.380     6909.400     6910.640     6910.830     6911.440
   540:     6911.580     6911.690     6912.640     6914.080     6915.910
   545:     6916.150     6925.040     6926.120     6926.220     6926.480
   550:     6926.620     6926.940     6927.440     6927.770     6928.210
   555:     6928.340     6928.480     6929.520     6929.740     6931.180
   560:     6931.540     6931.890     6932.240     6936.060     6936.290
   565:     6936.410     6937.240     6938.390     6938.740     6939.820
   570:     6940.130     6940.360     6942.120     6942.480     6942.700
   575:     6943.750     6944.560     6948.690     6949.170     6951.960
   580:     6952.770     6954.830     6955.210     6960.200     6960.440
   585:     6960.830     6961.270     6963.960     6965.830     6966.000
   590:     6966.560     6967.040     6967.480     6969.310     6971.050
   595:     6971.140     6971.920     6972.340     6972.930     6973.270
   600:     6974.580     6974.970     6980.580     6981.340     6982.340
   605:     6983.800     6983.890     6985.760     6986.820     6987.980
   610:     7004.420     7005.000     7012.630     7012.850     7013.100
   615:     7016.070     7016.480     7016.590     7017.130     7025.420
   620:     7025.990     7034.720     7037.810     7039.920     7040.140
   625:     7040.470     7041.110     7041.340     7042.120     7042.690
   630:     7042.880     7045.720     7054.480     7054.900     7054.940
   635:     7058.930     7059.270     7060.420     7060.440     7060.840
   640:     7062.340     7063.020     7063.240     7063.730     7064.740
   645:     7077.860     7078.080     7078.300     7078.690     7079.230
   650:     7090.440     7092.960     7093.540     7094.120     7094.160
   655:     7094.340     7102.090     7102.680     7102.830     7102.860
   660:     7103.670     7103.990     7106.980     7109.080     7149.650
   665:     7150.510     8372.170     8372.400     8385.950     8386.650
   670:     8386.750     8418.840     8452.700     9260.920     9399.170
   675:     9401.150     9453.360     9504.620     9531.380     9581.900
   680:     9621.490     9621.570     9630.120     9655.220     9655.220
   685:     9655.220     9655.230     9655.230     9656.760     9656.760
   690:     9665.220     9665.230     9711.620     9746.350     9762.440
   695:     9828.020    10037.340    10037.630    10047.060    10048.590
   700:    10048.840    10140.930    10238.040    10260.320    10310.760
   705:    10311.900    10345.790    10369.060    10369.310    10369.640
   710:    10396.850    10397.020    10427.810    10445.040    10462.580
   715:    10464.370
