File: C:\MED-PC\Data\2024-10-25_09h15m_Subject 35.txt


Start Date: 10/25/24
End Date: 10/25/24
Subject: 35
Experiment: OralFentSA
Group: One
Box: 3
Start Time: 09:15:07
End Time: 12:15:24
MSN: 20241014_Golden_Liq_SelfAdmin
F:       0.000
G:     611.000
H:   10800.000
I:       0.000
J:       0.000
K:       0.000
L:       0.000
M:       0.000
N:       0.000
O:       0.000
P:       0.000
Q:       0.000
R:       0.000
S:       0.000
U:       0.000
V:       0.000
W:       0.000
X:       0.000
Y:       0.000
Z:       0.000
A:
     0:        0.000        0.000      180.000        4.000        0.000
     5:        5.000        0.000        5.000        0.000        0.000
    10:        1.000        0.000       10.000     3000.000       14.700
    15:        5.000      640.000        0.000        0.000        0.000
    20:        0.000
B:
     0:        0.000        0.000        0.000      400.000        0.000
     5:      500.000        0.000      500.000        0.000        0.000
    10:        0.000        0.000     1000.000   300000.000        0.000
    15:        0.000        0.000        0.000        0.000        0.000
    20:        0.000
C:
     0:       16.000       15.000        2.000        2.000      415.000
     5:     8208.020        5.220       16.000     2169.450      135.591
    10:        2.000        2.000       14.000        0.000        0.000
    15:        0.000        0.000        0.000        0.000        0.000
    20:        0.000
D:
     0:      573.530      386.370        5.920       20.010        3.450
     5:        2.290      744.060        4.830        6.540        4.400
    10:        5.070      311.460       81.500        3.200       11.600
    15:        5.220
E:
     0:       19.000       11.000       26.000       27.000        6.000
     5:        6.000        6.000        6.000        6.000        6.000
    10:        6.000        6.000        6.000        6.000        6.000
    15:        6.000        6.000        6.000        6.000        6.000
    20:        6.000        6.000        6.000        6.000        6.000
    25:        6.000        6.000        6.000        6.000        6.000
    30:        6.000        6.000        6.000        6.000        6.000
    35:        6.000        6.000        6.000        6.000        6.000
    40:        6.000        6.000        6.000        6.000        6.000
    45:        6.000        6.000        6.000        6.000        6.000
    50:        6.000        6.000        6.000        6.000        6.000
    55:        6.000        6.000        6.000        6.000        6.000
    60:        6.000        6.000        6.000        6.000        6.000
    65:        6.000        6.000        6.000        6.000        6.000
    70:        6.000        6.000        6.000        6.000        6.000
    75:        6.000        6.000        6.000        6.000        6.000
    80:        6.000        6.000        6.000        6.000        6.000
    85:        6.000        6.000        6.000        6.000        6.000
    90:        6.000        6.000        6.000        6.000        6.000
    95:        6.000        6.000        6.000        6.000        6.000
   100:        6.000        6.000        6.000        6.000        6.000
   105:        6.000        6.000        6.000        6.000        6.000
   110:        6.000        6.000        2.000        4.000       22.000
   115:       24.000       12.000       13.000        8.000        5.000
   120:       17.000       18.000       14.000       10.000       19.000
   125:       11.000        6.000        6.000        6.000        6.000
   130:        6.000        6.000        6.000        6.000        6.000
   135:        6.000        6.000        6.000        6.000        6.000
   140:        6.000        6.000        6.000        6.000        6.000
   145:        6.000        6.000        6.000        6.000        6.000
   150:        6.000        6.000        6.000        6.000        6.000
   155:        6.000        6.000        6.000        6.000        6.000
   160:        6.000        6.000        6.000        6.000        6.000
   165:        6.000        6.000        6.000        6.000        6.000
   170:        6.000        6.000        6.000        6.000        6.000
   175:        6.000        6.000        6.000        6.000        6.000
   180:        6.000        6.000        6.000        6.000        6.000
   185:        6.000        6.000        6.000        6.000        6.000
   190:        6.000        6.000        6.000        6.000        6.000
   195:        6.000        6.000        6.000        6.000        6.000
   200:        6.000        6.000        6.000        6.000        6.000
   205:        6.000        6.000        6.000        6.000        6.000
   210:        6.000        6.000        6.000        6.000        6.000
   215:        6.000        6.000        6.000        6.000        6.000
   220:        6.000        6.000        6.000        6.000        6.000
   225:        6.000        6.000        6.000        6.000        6.000
   230:        6.000        6.000        6.000        6.000        6.000
   235:        6.000        6.000        6.000        6.000        6.000
   240:        6.000        6.000        6.000        6.000        6.000
   245:        6.000        6.000        6.000        6.000        6.000
   250:        6.000        6.000        6.000        6.000        6.000
   255:        6.000        6.000        6.000        6.000        6.000
   260:        6.000        6.000        6.000        6.000        6.000
   265:        6.000        6.000        6.000        6.000        6.000
   270:        6.000        6.000        6.000        6.000        6.000
   275:        6.000        6.000        6.000        6.000        6.000
   280:        6.000        6.000        6.000        6.000        1.000
   285:        6.000        6.000        6.000        6.000        6.000
   290:        6.000        6.000        6.000        6.000        6.000
   295:        6.000        6.000        6.000        6.000        6.000
   300:        6.000        6.000        6.000        6.000        6.000
   305:        6.000        6.000        6.000        6.000        6.000
   310:        6.000        6.000        6.000        6.000        6.000
   315:        6.000        6.000        6.000        6.000        6.000
   320:        6.000        6.000        6.000        6.000        6.000
   325:       25.000       24.000       12.000       13.000        8.000
   330:        5.000       17.000       18.000       14.000       10.000
   335:       19.000       11.000        6.000       30.000       24.000
   340:       12.000       13.000        8.000        5.000       17.000
   345:       18.000       14.000       10.000        6.000       19.000
   350:       11.000        6.000        6.000        6.000        6.000
   355:        6.000        6.000        6.000        6.000        6.000
   360:        6.000        6.000        6.000       30.000       24.000
   365:       12.000       13.000        8.000        5.000       17.000
   370:       18.000       14.000       10.000       19.000       11.000
   375:        6.000        6.000       30.000       24.000       12.000
   380:       13.000        8.000        5.000       17.000        6.000
   385:       18.000       14.000       10.000        6.000       19.000
   390:       11.000        6.000        6.000        6.000        6.000
   395:        6.000       30.000       24.000       12.000       13.000
   400:        8.000        5.000       17.000        6.000       18.000
   405:       14.000       10.000       19.000       11.000        6.000
   410:        6.000        6.000        6.000        6.000        6.000
   415:        6.000       30.000       24.000       12.000       13.000
   420:        8.000        5.000       17.000       18.000       14.000
   425:       10.000       19.000       11.000        6.000        6.000
   430:        6.000        6.000        6.000        6.000        6.000
   435:       30.000       24.000       12.000       13.000        8.000
   440:        5.000       17.000       18.000        6.000       14.000
   445:       10.000        6.000        6.000        6.000       19.000
   450:       11.000        6.000       30.000       24.000       12.000
   455:       13.000        8.000        5.000       17.000       18.000
   460:       14.000       10.000        6.000       19.000       11.000
   465:        6.000        6.000        6.000        6.000        6.000
   470:       30.000       24.000       12.000       13.000        8.000
   475:        5.000       17.000       18.000        6.000       14.000
   480:       10.000        6.000       19.000       11.000        6.000
   485:        6.000        6.000        6.000       30.000       24.000
   490:       12.000       13.000        8.000        5.000       17.000
   495:       18.000       14.000       10.000        6.000        6.000
   500:       30.000       12.000       13.000        8.000        5.000
   505:       17.000       19.000       11.000       18.000       14.000
   510:       10.000        6.000        6.000        6.000       30.000
   515:       24.000       12.000       13.000        8.000        5.000
   520:       17.000       18.000       14.000       10.000       19.000
   525:       11.000        6.000        6.000        6.000        6.000
   530:        6.000       30.000       24.000       12.000       13.000
   535:        8.000        5.000       17.000        6.000       18.000
   540:       14.000       10.000       30.000       12.000       13.000
   545:        8.000        5.000       17.000       19.000       11.000
   550:       18.000       14.000       10.000        6.000        6.000
   555:        1.000        2.000        4.000       22.000       24.000
   560:       12.000       13.000        8.000        5.000       17.000
   565:       18.000       14.000       10.000        6.000       19.000
   570:       11.000        6.000        6.000        6.000        6.000
   575:        6.000        6.000        6.000        6.000        6.000
   580:        6.000        6.000        6.000        6.000        6.000
   585:        6.000        6.000        6.000        6.000        6.000
   590:        6.000        6.000        6.000        6.000        6.000
   595:        6.000        6.000        6.000        6.000        6.000
   600:        6.000        6.000        6.000        6.000        6.000
   605:        6.000        6.000        6.000        6.000        6.000
   610:        6.000      100.000
T:
     0:        0.000        0.000        0.000        0.000       21.700
     5:       22.800       23.760       24.410       26.780       58.550
    10:       63.200       64.420       85.000       97.220      141.140
    15:      141.280      154.090      154.220      165.440      165.840
    20:      168.920      173.620      189.260      220.700      262.520
    25:      262.870      265.620      266.020      266.590      269.570
    30:      269.970      301.960      304.960      308.410      418.300
    35:      418.630      420.970      424.330      425.460      426.650
    40:      426.910      428.100      449.440      449.480      453.250
    45:      454.570      471.090      474.610      474.730      480.520
    50:      480.650      481.120      483.100      540.390      540.590
    55:      627.380      627.450      630.930      759.310      759.340
    60:      763.790      766.630      766.740      767.120      890.640
    65:      918.380      920.660      924.190      924.390      937.250
    70:      963.880     1069.580     1069.890     1070.480     1101.400
    75:     1114.520     1114.690     1377.950     1556.940     1918.950
    80:     1918.990     1952.810     2001.830     2010.300     2012.240
    85:     2013.570     2029.490     2047.800     2107.930     2108.450
    90:     2109.770     2236.560     2238.430     2238.570     2254.990
    95:     2255.410     2257.940     2259.580     2260.260     2260.800
   100:     2261.130     2261.880     2262.260     2272.650     2298.520
   105:     2299.470     2299.540     2300.280     2300.310     2300.340
   110:     2302.160     2304.600     2324.610     2324.610     2324.610
   115:     2324.620     2324.620     2324.620     2324.620     2324.620
   120:     2324.620     2328.620     2329.620     2329.620     2334.610
   125:     2334.620     2898.150     2898.540     2904.520     2906.660
   130:     2907.890     2908.190     2913.880     2913.970     2927.180
   135:     2931.040     2932.370     2933.140     2935.390     2935.550
   140:     2953.910     2959.470     2959.830     2960.020     2960.090
   145:     2960.190     2960.690     2960.770     2960.850     2960.950
   150:     2961.020     2961.120     2962.020     2964.390     2964.500
   155:     2964.630     2970.940     2984.780     3023.170     3023.270
   160:     3023.390     3024.050     3024.320     3088.500     3128.850
   165:     3140.220     3140.970     3141.020     3141.480     3142.110
   170:     3144.950     3149.580     3184.920     3186.470     3186.510
   175:     3186.700     3190.190     3190.310     3193.530     3203.050
   180:     3206.620     3207.270     3207.520     3208.450     3209.020
   185:     3210.170     3218.630     3218.700     3223.680     3223.820
   190:     3224.630     3231.590     3231.640     3236.620     3241.660
   195:     3241.850     3243.950     3245.260     3246.180     3246.780
   200:     3248.000     3283.780     3284.930     3286.590     3290.260
   205:     3291.950     3292.730     3294.320     3316.960     3321.390
   210:     3324.770     3326.040     3326.620     3328.330     3328.970
   215:     3329.140     3331.240     3333.370     3344.370     4114.490
   220:     4117.510     4120.360     4123.470     4124.050     4127.780
   225:     4128.290     4129.110     4129.360     4132.090     4142.940
   230:     4143.330     4147.050     4147.860     4148.220     4149.050
   235:     4150.410     4150.500     4151.320     4151.630     4151.660
   240:     4152.970     4154.550     4157.410     4160.670     4160.990
   245:     4161.420     4161.470     4162.640     4162.710     4163.140
   250:     4163.810     4164.090     4165.120     4165.440     4166.210
   255:     4170.350     4173.490     4174.030     4175.640     4179.410
   260:     4283.380     4283.630     4284.530     4285.160     4286.020
   265:     4288.790     4292.440     4293.800     4297.480     4299.010
   270:     4299.580     4355.490     4356.470     4359.410     4368.790
   275:     4368.900     4390.380     4390.420     4390.460     4391.030
   280:     4562.250     4562.900     4566.010     4566.340     4582.960
   285:     4621.450     4622.130     4623.020     4623.890     4625.400
   290:     4625.470     4625.500     4648.290     4650.130     4677.660
   295:     4682.450     4683.880     4684.420     4684.640     4696.040
   300:     4696.090     4696.590     4713.820     4714.000     4714.180
   305:     4714.300     4714.330     4756.600     4760.150     4762.690
   310:     4766.650     4767.900     4768.520     4797.480     4846.220
   315:     4846.260     4846.570     4848.110     4850.390     4850.430
   320:     4853.420     4857.170     4857.780     4868.320     4871.810
   325:     5334.610     5334.620     5334.620     5334.620     5334.620
   330:     5334.620     5334.620     5338.620     5339.620     5339.620
   335:     5344.610     5344.620     5720.990     5721.430     5721.430
   340:     5721.430     5721.430     5721.430     5721.430     5721.430
   345:     5725.430     5726.430     5726.430     5727.350     5731.420
   350:     5731.430     5733.850     5735.510     5739.210     5740.790
   355:     5745.150     5749.060     5749.990     5750.420     5753.040
   360:     5756.120     5760.870     5760.990     5775.810     5775.810
   365:     5775.810     5775.810     5775.810     5775.810     5775.810
   370:     5779.810     5780.810     5780.810     5785.800     5785.810
   375:     5795.820     5795.890     5796.620     5796.620     5796.620
   380:     5796.620     5796.620     5796.620     5796.620     5800.070
   385:     5800.620     5801.620     5801.620     5805.560     5806.610
   390:     5806.620     5809.510     5812.340     5813.890     5817.470
   395:     5818.380     5835.750     5835.750     5835.750     5835.750
   400:     5835.750     5835.750     5835.750     5838.040     5839.750
   405:     5840.750     5840.750     5845.740     5845.750     5846.340
   410:     5849.460     5849.550     5850.220     5892.980     5914.110
   415:     5917.210     5947.030     5947.030     5947.030     5947.030
   420:     5947.030     5947.030     5947.030     5951.030     5952.030
   425:     5952.030     5957.020     5957.030     6691.090     6705.550
   430:     6714.200     6720.610     6730.830     6752.610     6770.860
   435:     6783.110     6783.110     6783.110     6783.110     6783.110
   440:     6783.110     6783.110     6787.110     6787.940     6788.110
   445:     6788.110     6788.120     6790.120     6792.750     6793.100
   450:     6793.110     6805.970     6928.940     6928.940     6928.940
   455:     6928.940     6928.940     6928.940     6928.940     6932.940
   460:     6933.940     6933.940     6935.480     6938.930     6938.940
   465:     6940.350     6943.210     6944.870     6950.530     7113.690
   470:     7115.890     7115.890     7115.890     7115.890     7115.890
   475:     7115.890     7115.890     7119.890     7120.290     7120.890
   480:     7120.890     7123.860     7125.880     7125.890     7127.240
   485:     7362.730     7535.820     7535.900     7649.610     7649.610
   490:     7649.610     7649.610     7649.610     7649.610     7649.610
   495:     7653.610     7654.610     7654.610     7654.680     7657.990
   500:     7658.930     7658.930     7658.930     7658.930     7658.930
   505:     7658.930     7659.600     7659.610     7662.930     7663.930
   510:     7663.930     7970.390     7973.370     7976.160     7978.430
   515:     7978.430     7978.430     7978.430     7978.430     7978.430
   520:     7978.430     7982.430     7983.430     7983.430     7988.420
   525:     7988.430     8059.930     8079.720     8082.340     8082.720
   530:     8090.020     8139.840     8139.840     8139.840     8139.840
   535:     8139.840     8139.840     8139.840     8143.040     8143.840
   540:     8144.840     8144.840     8146.020     8146.020     8146.020
   545:     8146.020     8146.020     8146.020     8149.830     8149.840
   550:     8150.020     8151.020     8151.020     8157.620     8160.950
   555:     8202.510     8208.010     8208.010     8208.010     8208.020
   560:     8208.020     8208.020     8208.020     8208.020     8208.020
   565:     8212.020     8213.020     8213.020     8213.240     8218.010
   570:     8218.020     8223.170     8234.100     8250.050     8257.200
   575:     8264.380     8272.690     8288.670     8288.760     8300.170
   580:     8311.940     8319.950     8341.910     8342.100     8360.120
   585:     8373.690     8373.750     8378.040     8393.010     8437.970
   590:     8458.590     8632.140     8632.190     8641.360     8722.370
   595:     8763.260     8770.470     8892.700     9076.530     9175.270
   600:     9183.130     9201.240     9287.330     9478.420     9479.200
   605:     9813.570     9828.650     9846.410     9971.530    10569.500
   610:    10572.970    10800.000
