File: C:\MED-PC\Data\2024-11-04_16h14m_Subject 51.txt


Start Date: 11/04/24
End Date: 11/04/24
Subject: 51
Experiment: OralFentSA
Group: One
Box: 7
Start Time: 16:14:14
End Time: 19:15:40
MSN: 20241014_Golden_Liq_SelfAdmin
F:       0.000
G:    2854.000
H:   10800.000
I:       0.000
J:       0.000
K:       0.000
L:       0.000
M:       0.000
N:       0.000
O:       0.000
P:       0.000
Q:       0.000
R:       0.000
S:       0.000
U:       0.000
V:       0.000
W:       0.000
X:       0.000
Y:       0.000
Z:       0.000
A:
     0:        0.000        0.000      180.000        4.000        0.000
     5:        5.000        0.000        5.000        0.000        0.000
    10:        1.000        0.000       10.000   100000.000       24.000
    15:       11.000      640.000        0.000        0.000        0.000
    20:        0.000
B:
     0:        0.000        0.000        0.000      400.000        0.000
     5:      500.000        0.000      500.000        0.000        0.000
    10:        0.000        0.000     1000.000 10000000.000        0.000
    15:        0.000        0.000        0.000        0.000        0.000
    20:        0.000
C:
     0:        5.000        6.000       36.000        8.000     2738.000
     5:    10628.860        8.280        4.000       20.840        5.210
    10:        8.000       36.000        0.000        0.000        0.000
    15:        0.000        0.000        0.000        0.000        0.000
    20:        0.000
D:
     0:        7.090        1.040        4.430        8.280
E:
     0:       19.000       11.000       26.000       27.000        6.000
     5:        6.000        6.000        6.000        6.000        1.000
    10:        6.000        6.000        6.000        6.000        6.000
    15:        6.000        6.000        6.000        6.000        6.000
    20:        6.000        6.000        6.000        6.000        6.000
    25:        6.000        6.000        6.000        6.000        6.000
    30:        6.000        6.000        6.000        6.000        6.000
    35:        6.000        6.000        6.000        6.000        6.000
    40:        6.000        6.000        6.000        6.000        6.000
    45:        6.000        6.000        6.000        6.000        6.000
    50:        6.000        6.000        6.000        6.000        6.000
    55:        6.000        6.000        6.000        6.000        6.000
    60:        6.000        6.000        6.000        6.000        2.000
    65:        4.000       22.000       24.000       12.000       13.000
    70:        8.000        5.000       17.000       18.000       14.000
    75:       10.000       19.000       11.000        2.000        4.000
    80:       22.000       24.000       12.000       13.000        8.000
    85:        5.000       17.000       21.000       22.000       18.000
    90:       14.000       10.000       21.000       22.000        6.000
    95:       19.000       11.000        6.000        6.000        6.000
   100:        6.000        6.000        6.000        6.000        6.000
   105:        6.000        6.000        6.000        6.000        6.000
   110:        6.000        6.000        6.000        6.000        6.000
   115:        6.000        6.000        6.000        1.000        6.000
   120:        1.000        1.000        1.000        1.000        6.000
   125:        6.000        6.000        6.000        6.000        6.000
   130:        6.000        6.000        6.000        6.000        6.000
   135:        6.000        6.000        6.000        6.000        6.000
   140:        6.000        6.000        6.000        6.000        6.000
   145:        6.000        6.000        6.000        6.000        6.000
   150:        6.000        6.000        6.000        6.000        6.000
   155:        6.000        6.000        6.000        6.000        6.000
   160:        6.000        6.000        6.000        6.000        6.000
   165:        6.000        6.000        6.000        6.000        6.000
   170:        6.000        6.000        6.000        6.000        6.000
   175:        6.000        6.000        6.000        6.000        6.000
   180:        6.000        6.000        6.000        6.000        6.000
   185:        6.000        6.000        6.000        6.000        6.000
   190:        6.000        6.000        6.000        6.000        6.000
   195:        6.000        6.000        6.000        6.000        6.000
   200:        6.000        6.000        6.000        6.000        6.000
   205:        6.000        6.000        6.000        6.000        6.000
   210:        6.000        6.000        6.000        6.000        6.000
   215:        6.000        6.000        6.000        6.000        6.000
   220:        6.000        6.000        6.000        6.000        6.000
   225:        6.000        6.000        6.000        6.000        6.000
   230:        6.000        6.000        6.000        6.000        6.000
   235:        6.000        6.000        6.000        6.000        6.000
   240:        6.000        6.000        6.000        6.000        6.000
   245:        6.000        6.000        6.000        6.000        6.000
   250:        6.000        6.000        6.000        6.000        6.000
   255:        1.000        1.000        6.000        6.000        6.000
   260:        6.000        6.000        6.000        6.000        6.000
   265:        6.000        6.000        6.000        6.000        6.000
   270:        6.000        6.000        6.000        6.000        6.000
   275:        6.000        6.000        6.000        6.000        6.000
   280:        6.000        6.000        6.000        6.000        6.000
   285:        6.000        6.000        6.000        6.000        6.000
   290:        6.000        6.000        6.000        6.000        6.000
   295:        1.000        6.000        6.000        6.000        6.000
   300:        6.000        6.000        6.000        6.000        6.000
   305:        6.000        6.000        6.000        6.000        6.000
   310:        6.000        6.000        6.000        6.000        6.000
   315:        6.000        6.000        6.000        6.000        6.000
   320:        6.000        6.000        6.000        6.000        6.000
   325:        6.000        6.000        6.000        6.000        6.000
   330:        6.000        6.000        6.000        6.000        6.000
   335:        6.000        6.000        6.000        6.000        6.000
   340:        6.000        6.000        6.000        6.000        6.000
   345:        6.000        6.000        6.000        6.000        6.000
   350:        6.000        6.000        6.000        6.000        6.000
   355:        6.000        6.000        6.000        6.000        6.000
   360:        6.000        6.000        6.000        6.000        6.000
   365:        6.000        6.000        6.000        6.000        6.000
   370:        6.000        6.000        6.000        6.000        6.000
   375:        6.000        6.000        6.000        6.000        6.000
   380:        6.000        6.000        6.000        6.000        6.000
   385:        6.000        6.000        6.000        6.000        6.000
   390:        6.000        6.000        6.000        6.000        6.000
   395:        6.000        6.000        6.000        6.000        6.000
   400:        6.000        6.000        1.000        6.000        6.000
   405:        6.000        6.000        6.000        6.000        6.000
   410:        6.000        6.000        6.000        6.000        6.000
   415:        6.000        6.000        6.000        6.000        6.000
   420:        6.000        6.000        6.000        6.000        6.000
   425:        6.000        6.000        6.000        6.000        6.000
   430:        6.000        6.000        6.000        6.000        6.000
   435:        6.000        6.000        6.000        6.000        6.000
   440:        6.000        6.000        6.000        6.000        6.000
   445:        6.000        6.000        6.000        6.000        6.000
   450:        6.000        6.000        6.000        6.000        6.000
   455:        6.000        6.000        6.000        6.000        6.000
   460:        6.000        6.000        6.000        6.000        6.000
   465:        6.000        6.000        6.000        6.000        6.000
   470:        6.000        6.000        6.000        6.000        6.000
   475:        6.000        6.000        6.000        6.000        6.000
   480:        6.000        6.000        1.000        6.000        6.000
   485:        6.000        6.000        6.000        6.000        6.000
   490:        6.000        6.000        6.000        6.000        6.000
   495:        6.000        6.000        6.000        6.000        6.000
   500:        6.000        6.000        6.000        6.000        6.000
   505:        6.000        6.000        6.000        6.000        6.000
   510:        6.000        6.000        6.000        6.000        6.000
   515:        6.000        6.000        6.000        6.000        6.000
   520:        6.000        6.000        6.000        6.000        6.000
   525:        6.000        6.000        6.000        6.000        6.000
   530:        6.000        6.000        6.000        6.000        6.000
   535:        6.000        6.000        6.000        6.000        6.000
   540:        6.000        6.000        6.000        6.000        6.000
   545:        6.000        6.000        6.000        6.000        6.000
   550:        6.000        6.000        6.000        6.000        6.000
   555:        6.000        6.000        6.000        6.000        6.000
   560:        6.000        6.000        6.000        6.000        6.000
   565:        6.000        6.000        6.000        6.000        6.000
   570:        6.000        6.000        6.000        6.000        6.000
   575:        6.000        6.000        6.000        6.000        6.000
   580:        6.000        6.000        6.000        6.000        6.000
   585:        6.000        6.000        6.000        6.000        6.000
   590:        6.000        6.000        6.000        6.000        6.000
   595:        6.000        6.000        6.000        6.000        6.000
   600:        6.000        6.000        6.000        6.000        6.000
   605:        6.000        6.000        6.000        6.000        6.000
   610:        6.000        6.000        1.000        1.000        6.000
   615:        6.000        6.000        6.000        6.000        6.000
   620:        6.000        6.000        6.000        6.000        6.000
   625:        6.000        6.000        6.000        6.000        6.000
   630:        6.000        6.000        6.000        6.000        6.000
   635:        6.000        6.000        6.000        6.000        6.000
   640:        6.000        6.000        6.000        6.000        6.000
   645:        6.000        6.000        6.000        6.000        6.000
   650:        6.000        6.000        6.000        6.000        6.000
   655:        6.000        6.000        6.000        6.000        6.000
   660:        6.000        6.000        6.000        6.000        6.000
   665:        6.000        6.000        6.000        6.000        6.000
   670:        6.000        6.000        6.000        6.000        6.000
   675:        6.000        6.000        6.000        6.000        6.000
   680:        6.000        6.000        6.000        6.000        6.000
   685:        6.000        6.000        6.000        6.000        6.000
   690:        6.000        6.000        6.000        6.000        6.000
   695:        6.000        6.000        6.000        6.000        6.000
   700:        6.000        6.000        6.000        6.000        6.000
   705:        6.000        6.000        6.000        6.000        6.000
   710:        6.000        6.000        6.000        6.000        6.000
   715:        6.000        6.000        6.000        6.000        6.000
   720:        6.000        6.000        6.000        6.000        6.000
   725:        6.000        6.000        6.000        6.000        6.000
   730:        6.000        6.000        6.000        6.000        6.000
   735:        6.000        6.000        6.000        6.000        6.000
   740:        6.000        6.000        6.000        6.000        6.000
   745:        6.000        6.000        6.000        6.000        6.000
   750:        6.000        6.000        6.000        6.000        6.000
   755:        6.000        6.000        6.000        6.000        6.000
   760:        6.000        6.000        6.000        6.000        6.000
   765:        6.000        6.000        6.000        6.000        6.000
   770:        6.000        6.000        6.000        6.000        6.000
   775:        6.000        6.000        6.000        6.000        6.000
   780:        6.000        6.000        6.000        6.000        6.000
   785:        6.000        6.000        6.000        6.000        6.000
   790:        6.000        6.000        6.000        6.000        6.000
   795:        6.000        6.000        6.000        6.000        6.000
   800:        6.000        6.000        6.000        6.000        6.000
   805:        6.000        6.000        6.000        6.000        6.000
   810:        6.000        6.000        6.000        6.000        6.000
   815:        6.000        6.000        6.000        6.000        6.000
   820:        6.000        6.000        6.000        6.000        6.000
   825:        6.000        6.000        6.000        6.000        6.000
   830:        6.000        6.000        6.000        6.000        6.000
   835:        6.000        6.000        6.000        6.000        6.000
   840:        6.000        6.000        6.000        6.000        6.000
   845:        6.000        6.000        6.000        6.000        6.000
   850:        6.000        6.000        6.000        6.000        2.000
   855:        4.000       22.000       24.000       12.000       13.000
   860:        8.000        5.000       17.000        6.000        6.000
   865:       18.000       14.000       10.000        6.000       19.000
   870:       11.000        6.000        6.000        6.000        6.000
   875:        6.000        6.000        6.000        6.000        6.000
   880:        6.000        6.000        6.000        6.000        6.000
   885:        6.000        6.000        6.000        6.000        6.000
   890:        6.000        6.000        6.000        6.000        6.000
   895:        6.000        6.000        6.000        6.000        6.000
   900:        6.000        6.000        6.000        6.000        6.000
   905:        6.000        6.000        6.000        6.000        6.000
   910:        6.000        6.000        6.000        6.000        6.000
   915:        6.000        6.000        6.000        6.000        6.000
   920:        6.000        6.000        6.000        6.000        6.000
   925:        6.000        6.000        6.000        6.000        6.000
   930:        6.000        6.000        6.000        6.000        6.000
   935:        6.000        6.000        6.000        6.000        6.000
   940:        6.000        6.000        6.000        6.000        6.000
   945:        6.000        6.000        6.000        6.000        6.000
   950:        6.000        6.000        6.000        6.000        6.000
   955:        6.000        6.000        6.000        6.000        6.000
   960:        6.000        6.000        6.000        6.000        6.000
   965:        6.000        6.000        6.000        6.000        6.000
   970:        6.000        6.000        6.000        6.000        6.000
   975:        6.000        6.000        6.000        6.000        6.000
   980:        6.000        6.000        6.000        6.000        6.000
   985:        6.000        6.000        6.000        6.000        6.000
   990:        6.000        6.000        6.000        6.000        6.000
   995:        6.000        6.000        6.000        6.000        6.000
  1000:        6.000        6.000        6.000        6.000        1.000
  1005:        6.000        6.000        6.000        6.000        6.000
  1010:        6.000        6.000        6.000        6.000        6.000
  1015:        6.000        6.000        6.000        6.000        6.000
  1020:        6.000        6.000        6.000        6.000        6.000
  1025:        6.000        6.000        6.000        6.000        6.000
  1030:        6.000        6.000        6.000        6.000        6.000
  1035:        6.000        6.000        6.000        6.000        6.000
  1040:        6.000        6.000        2.000        4.000       22.000
  1045:       24.000       12.000       13.000        8.000        5.000
  1050:       17.000       18.000        6.000       14.000       10.000
  1055:        6.000       19.000       11.000        6.000        6.000
  1060:        6.000        6.000        6.000        6.000        6.000
  1065:        6.000        6.000        6.000        6.000        6.000
  1070:        1.000        1.000        6.000        6.000        6.000
  1075:        6.000        6.000        6.000        6.000        6.000
  1080:        6.000        6.000        6.000        6.000        6.000
  1085:        6.000        6.000        6.000        6.000        6.000
  1090:        6.000        6.000        6.000        6.000        6.000
  1095:        6.000        6.000        6.000        6.000        6.000
  1100:        6.000        6.000        6.000        6.000        6.000
  1105:        6.000        6.000        6.000        6.000        6.000
  1110:        6.000        6.000        6.000        6.000        6.000
  1115:        6.000        6.000        6.000        6.000        6.000
  1120:        6.000        6.000        6.000        6.000        6.000
  1125:        6.000        6.000        6.000        6.000        6.000
  1130:        6.000        6.000        6.000        6.000        6.000
  1135:        6.000        6.000        6.000        6.000        6.000
  1140:        6.000        6.000        6.000        6.000        6.000
  1145:        6.000        6.000        6.000        6.000        6.000
  1150:        6.000        6.000        6.000        6.000        6.000
  1155:        6.000        6.000        6.000        6.000        6.000
  1160:        6.000        6.000        6.000        6.000        6.000
  1165:        6.000        6.000        6.000        6.000        6.000
  1170:        6.000        6.000        6.000        6.000        6.000
  1175:        6.000        6.000        6.000        6.000        6.000
  1180:        6.000        6.000        6.000        6.000        6.000
  1185:        6.000        6.000        6.000        6.000        6.000
  1190:        6.000        6.000        6.000        6.000        6.000
  1195:        6.000        6.000        6.000        6.000        6.000
  1200:        6.000        6.000        6.000        6.000        6.000
  1205:        6.000        6.000        6.000        6.000        6.000
  1210:        6.000        6.000        6.000        6.000        6.000
  1215:        6.000        6.000        6.000        6.000        6.000
  1220:        6.000        6.000        6.000        6.000        6.000
  1225:        6.000        6.000        6.000        6.000        6.000
  1230:        6.000        6.000        6.000        6.000        6.000
  1235:        6.000        6.000        6.000        6.000        6.000
  1240:        6.000        6.000        6.000        6.000        6.000
  1245:        6.000        6.000        6.000        6.000        6.000
  1250:        6.000        6.000        6.000        6.000        6.000
  1255:        6.000        6.000        6.000        6.000        6.000
  1260:        6.000        6.000        6.000        6.000        6.000
  1265:        6.000        6.000        6.000        6.000        6.000
  1270:        6.000        6.000        6.000        6.000        6.000
  1275:        6.000        6.000        6.000        6.000        6.000
  1280:        6.000        6.000        6.000        6.000        6.000
  1285:        6.000        6.000        6.000        6.000        6.000
  1290:        6.000        6.000        6.000        6.000        6.000
  1295:        6.000        6.000        6.000        6.000        6.000
  1300:        6.000        6.000        6.000        6.000        6.000
  1305:        6.000        6.000        6.000        6.000        6.000
  1310:        6.000        6.000        6.000        6.000        6.000
  1315:        6.000        6.000        6.000        6.000        6.000
  1320:        6.000        6.000        6.000        6.000        6.000
  1325:        6.000        6.000        6.000        6.000        6.000
  1330:        6.000        6.000        6.000        6.000        6.000
  1335:        6.000        6.000        6.000        6.000        6.000
  1340:        6.000        6.000        6.000        6.000        6.000
  1345:        6.000        6.000        6.000        6.000        6.000
  1350:        6.000        6.000        6.000        6.000        6.000
  1355:        6.000        6.000        6.000        6.000        6.000
  1360:        6.000        6.000        6.000        6.000        6.000
  1365:        6.000        6.000        6.000        6.000        6.000
  1370:        6.000        6.000        6.000        6.000        6.000
  1375:        6.000        6.000        6.000        6.000        6.000
  1380:        6.000        6.000        6.000        6.000        6.000
  1385:        6.000        6.000        6.000        6.000        6.000
  1390:        6.000        6.000        6.000        6.000        6.000
  1395:        6.000        6.000        6.000        6.000        6.000
  1400:        6.000        6.000        6.000        6.000        6.000
  1405:        6.000        6.000        6.000        6.000        6.000
  1410:        6.000        6.000        6.000        6.000        6.000
  1415:        6.000        6.000        6.000        6.000        6.000
  1420:        6.000        6.000        6.000        6.000        6.000
  1425:        6.000        6.000        6.000        6.000        6.000
  1430:        6.000        6.000        6.000        6.000        6.000
  1435:        6.000        6.000        6.000        6.000        6.000
  1440:        6.000        6.000        6.000        6.000        6.000
  1445:        6.000        6.000        6.000        6.000        6.000
  1450:        6.000        6.000        6.000        6.000        6.000
  1455:        6.000        6.000        6.000        6.000        6.000
  1460:        6.000        6.000        6.000        6.000        6.000
  1465:        6.000        6.000        6.000        6.000        6.000
  1470:        6.000        6.000        6.000        6.000        6.000
  1475:        6.000        6.000        6.000        6.000        6.000
  1480:        6.000        6.000        6.000        6.000        6.000
  1485:        6.000        6.000        6.000        6.000        6.000
  1490:        6.000        6.000        6.000        6.000        6.000
  1495:        6.000        6.000        6.000        6.000        6.000
  1500:        6.000        6.000        6.000        6.000        6.000
  1505:        6.000        6.000        6.000        6.000        6.000
  1510:        6.000        6.000        6.000        6.000        6.000
  1515:        6.000        6.000        6.000        6.000        6.000
  1520:        6.000        6.000        6.000        6.000        6.000
  1525:        6.000        6.000        6.000        6.000        6.000
  1530:        6.000        6.000        6.000        6.000        6.000
  1535:        6.000        6.000        6.000        6.000        6.000
  1540:        6.000        6.000        6.000        6.000        6.000
  1545:        6.000        6.000        6.000        6.000        6.000
  1550:        6.000        6.000        6.000        6.000        6.000
  1555:        6.000        6.000        6.000        6.000        6.000
  1560:        6.000        6.000        6.000        6.000        6.000
  1565:        6.000        6.000        6.000        6.000        6.000
  1570:        6.000        6.000        6.000        6.000        6.000
  1575:        6.000        6.000        6.000        6.000        6.000
  1580:        6.000        6.000        6.000        6.000        6.000
  1585:        6.000        6.000        6.000        6.000        6.000
  1590:        6.000        6.000        6.000        6.000        6.000
  1595:        6.000        6.000        6.000        6.000        6.000
  1600:        6.000        6.000        6.000        6.000        6.000
  1605:        6.000        6.000        6.000        6.000        6.000
  1610:        1.000        1.000        1.000        1.000        1.000
  1615:        1.000        6.000        6.000        6.000        1.000
  1620:        6.000        6.000        6.000        6.000        6.000
  1625:        6.000        6.000        6.000        6.000        6.000
  1630:        6.000        6.000        6.000        6.000        6.000
  1635:        6.000        6.000        6.000        6.000        6.000
  1640:        6.000        6.000        6.000        6.000        6.000
  1645:        6.000        6.000        6.000        6.000        6.000
  1650:        6.000        6.000        6.000        6.000        6.000
  1655:        6.000        6.000        6.000        6.000        6.000
  1660:        6.000        6.000        6.000        6.000        6.000
  1665:        6.000        6.000        6.000        6.000        6.000
  1670:        6.000        6.000        6.000        6.000        6.000
  1675:        6.000        6.000        6.000        6.000        6.000
  1680:        6.000        6.000        6.000        6.000        6.000
  1685:        6.000        6.000        6.000        6.000        6.000
  1690:        6.000        6.000        6.000        6.000        6.000
  1695:        6.000        6.000        6.000        6.000        6.000
  1700:        6.000        6.000        6.000        6.000        6.000
  1705:        6.000        6.000        6.000        6.000        6.000
  1710:        6.000        6.000        6.000        6.000        6.000
  1715:        6.000        6.000        6.000        6.000        6.000
  1720:        6.000        6.000        6.000        6.000        6.000
  1725:        6.000        6.000        6.000        6.000        6.000
  1730:        6.000        6.000        6.000        6.000        6.000
  1735:        6.000        6.000        6.000        6.000        6.000
  1740:        6.000        6.000        6.000        6.000        6.000
  1745:        6.000        6.000        6.000        6.000        6.000
  1750:        6.000        6.000        6.000        6.000        6.000
  1755:        6.000        6.000        6.000        6.000        6.000
  1760:        6.000        6.000        6.000        6.000        6.000
  1765:        6.000        6.000        6.000        6.000        6.000
  1770:        6.000        6.000        6.000        6.000        6.000
  1775:        6.000        6.000        6.000        6.000        6.000
  1780:        6.000        6.000        6.000        6.000        6.000
  1785:        6.000        6.000        6.000        6.000        6.000
  1790:        6.000        6.000        6.000        6.000        6.000
  1795:        6.000        6.000        6.000        6.000        6.000
  1800:        6.000        6.000        6.000        6.000        6.000
  1805:        6.000        6.000        6.000        6.000        6.000
  1810:        6.000        6.000        6.000        6.000        6.000
  1815:        6.000        6.000        6.000        6.000        6.000
  1820:        6.000        6.000        6.000        6.000        6.000
  1825:        6.000        6.000        6.000        6.000        6.000
  1830:        6.000        6.000        6.000        6.000        6.000
  1835:        6.000        6.000        6.000        6.000        6.000
  1840:        6.000        6.000        6.000        6.000        6.000
  1845:        6.000        6.000        6.000        6.000        6.000
  1850:        6.000        6.000        6.000        6.000        6.000
  1855:        6.000        6.000        6.000        6.000        6.000
  1860:        6.000        6.000        6.000        6.000        6.000
  1865:        6.000        6.000        6.000        6.000        6.000
  1870:        6.000        6.000        6.000        6.000        6.000
  1875:        6.000        6.000        6.000        6.000        6.000
  1880:        6.000        6.000        6.000        6.000        6.000
  1885:        6.000        6.000        6.000        6.000        6.000
  1890:        6.000        6.000        6.000        6.000        6.000
  1895:        6.000        6.000        6.000        6.000        6.000
  1900:        6.000        6.000        6.000        6.000        6.000
  1905:        6.000        6.000        6.000        6.000        6.000
  1910:        6.000        6.000        6.000        6.000        6.000
  1915:        6.000        6.000        6.000        6.000        6.000
  1920:        6.000        6.000        6.000        6.000        6.000
  1925:        6.000        6.000        6.000        6.000        6.000
  1930:        6.000        6.000        6.000        6.000        6.000
  1935:        6.000        6.000        6.000        6.000        6.000
  1940:        6.000        6.000        6.000        6.000        6.000
  1945:        6.000        6.000        6.000        6.000        6.000
  1950:        6.000        6.000        6.000        6.000        6.000
  1955:        6.000        6.000        6.000        6.000        6.000
  1960:        6.000        6.000        6.000        6.000        6.000
  1965:        6.000        6.000        6.000        6.000        6.000
  1970:        6.000        6.000        6.000        6.000        6.000
  1975:        6.000        6.000        6.000        6.000        6.000
  1980:        6.000        6.000        6.000        6.000        6.000
  1985:        6.000        6.000        6.000        6.000        6.000
  1990:        6.000        6.000        6.000        6.000        6.000
  1995:        6.000        6.000        6.000        6.000        6.000
  2000:        6.000        6.000        6.000        6.000        6.000
  2005:        6.000        6.000        6.000        6.000        6.000
  2010:        6.000        6.000        6.000        6.000        6.000
  2015:        6.000        6.000        6.000        6.000        6.000
  2020:        6.000        6.000        6.000        6.000        6.000
  2025:        6.000        6.000        6.000        6.000        6.000
  2030:        6.000        6.000        6.000        6.000        6.000
  2035:        6.000        6.000        6.000        6.000        6.000
  2040:        6.000        6.000        6.000        6.000        6.000
  2045:        6.000        6.000        6.000        6.000        6.000
  2050:        6.000        6.000        6.000        6.000        6.000
  2055:        6.000        6.000        6.000        6.000        6.000
  2060:        6.000        6.000        6.000        6.000        6.000
  2065:        6.000        6.000        6.000        6.000        6.000
  2070:        6.000        6.000        6.000        6.000        6.000
  2075:        6.000        6.000        6.000        6.000        6.000
  2080:        6.000        6.000        6.000        6.000        6.000
  2085:        6.000        6.000        6.000        6.000        6.000
  2090:        6.000        6.000        6.000        6.000        6.000
  2095:        6.000        6.000        6.000        6.000        6.000
  2100:        6.000        6.000        6.000        6.000        6.000
  2105:        6.000        6.000        6.000        6.000        6.000
  2110:        6.000        6.000        6.000        6.000        6.000
  2115:        6.000        6.000        6.000        6.000        6.000
  2120:        6.000        6.000        6.000        6.000        6.000
  2125:        6.000        6.000        6.000        6.000        6.000
  2130:        6.000        6.000        6.000        6.000        6.000
  2135:        6.000        6.000        6.000        6.000        6.000
  2140:        6.000        6.000        6.000        6.000        6.000
  2145:        6.000        6.000        6.000        6.000        6.000
  2150:        6.000        6.000        6.000        6.000        6.000
  2155:        6.000        6.000        6.000        6.000        6.000
  2160:        6.000        6.000        6.000        6.000        1.000
  2165:        6.000        6.000        6.000        6.000        6.000
  2170:        6.000        6.000        6.000        6.000        6.000
  2175:        6.000        6.000        6.000        6.000        6.000
  2180:        6.000        6.000        6.000        6.000        6.000
  2185:        6.000        6.000        6.000        6.000        6.000
  2190:        6.000        6.000        6.000        6.000        6.000
  2195:        6.000        6.000        6.000        6.000        6.000
  2200:        6.000        6.000        6.000        6.000        6.000
  2205:        6.000        6.000        6.000        6.000        6.000
  2210:        6.000        6.000        6.000        6.000        6.000
  2215:        6.000        6.000        6.000        6.000        6.000
  2220:        6.000        6.000        6.000        6.000        6.000
  2225:        6.000        6.000        6.000        6.000        6.000
  2230:        6.000        6.000        6.000        6.000        6.000
  2235:        6.000        6.000        6.000        6.000        6.000
  2240:        6.000        6.000        6.000        6.000        6.000
  2245:        6.000        6.000        6.000        6.000        6.000
  2250:        6.000        6.000        6.000        6.000        6.000
  2255:        6.000        6.000        6.000        6.000        6.000
  2260:        6.000        6.000        6.000        6.000        6.000
  2265:        6.000        6.000        6.000        6.000        6.000
  2270:        6.000        6.000        6.000        6.000        6.000
  2275:        6.000        6.000        6.000        6.000        6.000
  2280:        6.000        6.000        6.000        6.000        6.000
  2285:        6.000        6.000        6.000        6.000        6.000
  2290:        6.000        6.000        6.000        6.000        6.000
  2295:        6.000        6.000        6.000        6.000        6.000
  2300:        6.000        6.000        6.000        6.000        6.000
  2305:        6.000        6.000        6.000        6.000        6.000
  2310:        6.000        6.000        6.000        6.000        6.000
  2315:        6.000        6.000        6.000        6.000        6.000
  2320:        6.000        6.000        6.000        6.000        6.000
  2325:        6.000        6.000        6.000        6.000        6.000
  2330:        6.000        6.000        6.000        6.000        6.000
  2335:        6.000        6.000        6.000        6.000        6.000
  2340:        6.000        6.000        6.000        6.000        6.000
  2345:        6.000        6.000        6.000        6.000        6.000
  2350:        6.000        6.000        6.000        6.000        6.000
  2355:        6.000        6.000        1.000        1.000        1.000
  2360:        1.000        6.000        6.000        6.000        6.000
  2365:        6.000        6.000        6.000        6.000        6.000
  2370:        6.000        6.000        6.000        6.000        6.000
  2375:        6.000        6.000        6.000        6.000        6.000
  2380:        6.000        6.000        6.000        6.000        6.000
  2385:        6.000        6.000        6.000        6.000        6.000
  2390:        6.000        6.000        6.000        6.000        6.000
  2395:        6.000        6.000        6.000        6.000        6.000
  2400:        6.000        6.000        6.000        6.000        6.000
  2405:        6.000        6.000        6.000        6.000        6.000
  2410:        6.000        1.000        6.000        6.000        6.000
  2415:        6.000        6.000        6.000        6.000        6.000
  2420:        6.000        6.000        6.000        6.000        6.000
  2425:        6.000        6.000        6.000        6.000        6.000
  2430:        6.000        6.000        6.000        6.000        6.000
  2435:        6.000        6.000        6.000        6.000        6.000
  2440:        6.000        6.000        6.000        6.000        6.000
  2445:        6.000        6.000        6.000        6.000        6.000
  2450:        6.000        6.000        6.000        6.000        6.000
  2455:        6.000        6.000        6.000        6.000        6.000
  2460:        6.000        6.000        6.000        6.000        6.000
  2465:        6.000        6.000        6.000        6.000        6.000
  2470:        6.000        6.000        6.000        6.000        6.000
  2475:        6.000        6.000        6.000        6.000        6.000
  2480:        6.000        6.000        6.000        6.000        6.000
  2485:        6.000        6.000        6.000        6.000        6.000
  2490:        6.000        6.000        6.000        6.000        6.000
  2495:        6.000        6.000        6.000        6.000        6.000
  2500:        6.000        6.000        6.000        6.000        6.000
  2505:        6.000        6.000        6.000        6.000        6.000
  2510:        6.000        6.000        6.000        6.000        6.000
  2515:        6.000        6.000        6.000        6.000        6.000
  2520:        6.000        6.000        6.000        6.000        6.000
  2525:        6.000        6.000        6.000        6.000        6.000
  2530:        6.000        6.000        6.000        6.000        6.000
  2535:        6.000        6.000        6.000        6.000        6.000
  2540:        6.000        6.000        6.000        6.000        6.000
  2545:        6.000        6.000        6.000        6.000        6.000
  2550:        6.000        6.000        6.000        6.000        6.000
  2555:        6.000        6.000        6.000        6.000        6.000
  2560:        6.000        6.000        6.000        6.000        6.000
  2565:        6.000        6.000        6.000        6.000        6.000
  2570:        6.000        6.000        6.000        6.000        6.000
  2575:        6.000        6.000        6.000        6.000        6.000
  2580:        6.000        6.000        6.000        6.000        6.000
  2585:        6.000        6.000        6.000        6.000        6.000
  2590:        6.000        6.000        6.000        6.000        6.000
  2595:        6.000        6.000        6.000        6.000        6.000
  2600:        6.000        6.000        6.000        6.000        6.000
  2605:        6.000        6.000        6.000        6.000        6.000
  2610:        6.000        6.000        6.000        6.000        6.000
  2615:        6.000        6.000        6.000        6.000        6.000
  2620:        6.000        6.000        6.000        6.000        6.000
  2625:        6.000        6.000        6.000        6.000        6.000
  2630:        6.000        6.000        6.000        6.000        6.000
  2635:        6.000        6.000        6.000        6.000        6.000
  2640:        6.000        6.000        6.000        6.000        6.000
  2645:        6.000        6.000        6.000        6.000        6.000
  2650:        6.000        6.000        6.000        6.000        6.000
  2655:        6.000        6.000        6.000        6.000        6.000
  2660:        6.000        6.000        6.000        6.000        6.000
  2665:        6.000        6.000        6.000        6.000        6.000
  2670:        6.000        6.000        6.000        6.000        6.000
  2675:        6.000        6.000        6.000        6.000        6.000
  2680:        6.000        6.000        6.000        6.000        6.000
  2685:        6.000        6.000        6.000        6.000        6.000
  2690:        6.000        6.000        6.000        6.000        6.000
  2695:        6.000        6.000        6.000        6.000        6.000
  2700:        6.000        6.000        6.000        6.000        6.000
  2705:        6.000        6.000        6.000        6.000        6.000
  2710:        6.000        6.000        6.000        6.000        6.000
  2715:        6.000        6.000        6.000        6.000        6.000
  2720:        6.000        6.000        6.000        6.000        6.000
  2725:        6.000        6.000        6.000        6.000        6.000
  2730:        6.000        6.000        6.000        6.000        6.000
  2735:        6.000        6.000        6.000        6.000        6.000
  2740:        6.000        6.000        6.000        6.000        6.000
  2745:        6.000        6.000        6.000        6.000        6.000
  2750:        1.000        1.000        1.000        1.000        6.000
  2755:        6.000        6.000        6.000        6.000        6.000
  2760:        6.000        6.000        6.000        6.000        6.000
  2765:        6.000        6.000        6.000        6.000        6.000
  2770:        6.000        6.000        6.000        6.000        6.000
  2775:        6.000        6.000        6.000        6.000        6.000
  2780:        6.000        6.000        6.000        6.000        6.000
  2785:        6.000        6.000        6.000        6.000        6.000
  2790:        6.000        6.000        6.000        6.000        6.000
  2795:        6.000        6.000        6.000        6.000        6.000
  2800:        6.000        6.000        6.000        6.000        6.000
  2805:        6.000        6.000        6.000        6.000        6.000
  2810:        6.000        6.000        6.000        6.000        6.000
  2815:        6.000        6.000        6.000        6.000        6.000
  2820:        6.000        6.000        6.000        6.000        6.000
  2825:        6.000        6.000        6.000        6.000        6.000
  2830:        2.000        4.000       22.000       24.000       12.000
  2835:       13.000        8.000        5.000       17.000       21.000
  2840:       22.000       18.000       14.000       10.000        6.000
  2845:       19.000       11.000        6.000        6.000        6.000
  2850:        6.000        1.000        1.000        1.000      100.000
T:
     0:        0.000        0.000        0.000        0.000      113.450
     5:      113.520      113.630      113.710      115.970      153.090
    10:      193.870      194.430      197.890      314.580      316.370
    15:      316.530      316.650      317.110      317.200      317.250
    20:      318.380      322.700      324.220      325.560      738.280
    25:      738.450      739.100      739.210      743.360      744.670
    30:      744.840      745.620      745.740      745.960      747.360
    35:      747.630      751.050      751.570      752.530      752.630
    40:      752.720      755.550      757.280      758.290      758.450
    45:      772.110      772.910      773.310      773.770      774.020
    50:      775.010      775.130      775.180      781.720      781.760
    55:      783.700      785.270      788.120      788.220      788.670
    60:      837.790      840.450      840.700      849.340      854.890
    65:      854.890      854.890      854.900      854.900      854.900
    70:      854.900      854.900      854.900      858.900      859.900
    75:      859.900      864.890      864.900      886.620      886.620
    80:      886.620      886.630      886.630      886.630      886.630
    85:      886.630      886.630      888.820      888.820      890.630
    90:      891.630      891.630      892.270      892.270      893.720
    95:      896.620      896.630      896.950      897.150      897.270
   100:      901.650      904.170      906.580      908.580      910.770
   105:      915.300      916.290      917.890      918.050      919.120
   110:      943.660      946.030      946.500      946.780      948.060
   115:      948.500      949.320      972.950     1030.810     1034.380
   120:     1527.580     1528.800     1530.890     1534.890     1578.280
   125:     1580.170     1598.670     1599.180     1600.340     1600.990
   130:     1601.050     1601.150     1601.940     1603.920     1604.040
   135:     1604.210     1604.360     1604.620     1610.300     1610.660
   140:     1610.810     1611.210     1611.330     1612.300     1612.670
   145:     1613.120     1613.210     1613.320     1615.600     1616.240
   150:     1616.300     1617.510     1623.700     1623.760     1623.860
   155:     1623.890     1624.080     1624.210     1625.350     1625.830
   160:     1626.700     1627.460     1631.620     1631.690     1631.740
   165:     1631.790     1634.550     1648.770     1649.960     1651.460
   170:     1651.530     1651.600     1679.780     1681.570     1682.420
   175:     1682.450     1683.170     1683.900     1683.930     1684.940
   180:     1685.210     1685.310     1685.510     1685.740     1686.860
   185:     1688.540     1688.600     1688.700     1689.150     1689.810
   190:     1690.290     1690.370     1691.260     1691.780     1693.420
   195:     1693.940     1697.640     1697.760     1697.840     1699.980
   200:     1701.980     1959.590     1969.260     1972.150     1974.200
   205:     1974.380     1975.030     1975.140     1975.340     1975.450
   210:     1977.620     1977.810     1978.140     1979.310     1979.460
   215:     1983.130     1983.610     1985.870     1986.490     1989.540
   220:     1990.740     1990.790     1991.230     1991.260     1991.800
   225:     1992.610     1993.220     1993.750     1993.890     1993.980
   230:     1994.940     1995.570     1996.150     1996.480     1996.580
   235:     2041.630     2044.200     2045.650     2047.620     2061.480
   240:     2063.020     2064.600     2065.630     2070.850     2071.010
   245:     2072.350     2073.060     2073.870     2076.800     2590.420
   250:     2591.570     2591.640     2591.850     2592.970     2593.210
   255:     2609.860     2617.720     2747.660     2753.570     2757.530
   260:     2760.350     2761.160     2761.520     2764.750     2767.270
   265:     2767.370     2768.020     2893.740     2896.160     2896.700
   270:     2897.590     2900.190     2900.380     2901.220     2902.730
   275:     2903.280     2909.290     2911.140     2911.340     2912.600
   280:     2914.230     2915.360     2920.320     2920.360     2921.040
   285:     2921.630     2925.070     2925.660     2931.040     2931.620
   290:     2931.760     2931.910     2932.300     2932.470     2932.530
   295:     2943.900     2952.100     2953.660     2956.490     2961.360
   300:     2962.610     2963.490     2963.540     2965.920     2977.510
   305:     2986.560     3010.390     3010.470     3010.580     3012.740
   310:     3012.860     3012.950     3013.010     3013.110     3015.170
   315:     3015.500     3015.560     3015.860     3016.990     3017.690
   320:     3017.770     3029.130     3030.130     3030.490     3046.380
   325:     3046.820     3047.290     3047.510     3047.540     3047.790
   330:     3048.110     3052.560     3052.860     3052.960     3053.500
   335:     3054.210     3071.480     3071.550     3166.470     3166.900
   340:     3320.160     3320.430     3322.620     3322.760     3324.210
   345:     3327.160     3330.180     3331.060     3341.380     3341.800
   350:     3346.560     3348.530     3349.110     3351.310     3353.690
   355:     3355.030     3358.930     3359.210     3359.800     3360.590
   360:     3360.860     3361.150     3361.600     3366.140     3367.360
   365:     3367.750     3368.730     3368.820     3368.880     3370.020
   370:     3389.290     3389.510     3390.270     3390.420     3390.530
   375:     3390.720     3391.050     3392.520     3392.720     3392.920
   380:     3393.280     3393.320     3393.400     3393.500     3394.260
   385:     3394.410     3394.590     3394.910     3396.390     3397.040
   390:     3399.200     3399.830     3402.040     3402.320     3406.070
   395:     3406.610     3406.810     3410.510     3418.020     3418.580
   400:     3421.310     3421.400     3534.610     3545.220     3545.820
   405:     3545.860     3546.660     3547.550     3551.640     3552.660
   410:     3552.830     3553.940     3555.400     3558.920     3573.700
   415:     3574.890     3575.520     3575.590     3581.400     3582.690
   420:     3583.480     3587.720     3590.370     3597.820     3598.260
   425:     3598.490     3598.750     3602.300     3605.900     3607.110
   430:     3630.680     3630.770     3630.820     3630.870     3631.500
   435:     3635.610     3639.250     3639.540     3639.620     3640.020
   440:     3640.360     3641.200     3660.610     3662.770     3663.890
   445:     3665.240     3673.240     3678.510     3678.800     3678.820
   450:     3679.170     3679.450     3679.780     3680.240     3682.050
   455:     3682.100     3682.740     3690.130     3690.290     3690.760
   460:     3690.980     3691.550     3692.180     3692.490     3693.160
   465:     3693.210     3693.350     3693.440     3696.260     3696.800
   470:     3697.370     3697.560     3697.730     3697.900     3698.230
   475:     3711.520     3717.020     3717.680     3718.110     3718.500
   480:     3719.900     3720.100     3748.130     3990.270     3991.830
   485:     3995.720     3997.290     3997.470     4002.940     4003.090
   490:     4003.320     4004.070     4004.120     4014.180     4014.650
   495:     4016.360     4016.600     4016.810     4017.160     4018.190
   500:     4020.090     4020.620     4020.860     4027.420     4028.880
   505:     4032.540     4033.910     4042.520     4042.870     4044.270
   510:     4052.830     4053.090     4056.160     4056.330     4057.760
   515:     4059.090     4059.220     4060.680     4062.810     4063.290
   520:     4063.570     4064.190     4064.480     4070.760     4071.010
   525:     4074.070     4074.110     4074.180     4074.360     4074.570
   530:     4084.300     4085.060     4090.600     4096.620     4102.910
   535:     4103.220     4103.950     4104.660     4105.150     4105.310
   540:     4108.480     4109.060     4109.760     4109.800     4210.740
   545:     4210.790     4211.250     4212.140     4212.660     4213.820
   550:     4213.950     4216.070     4218.740     4219.120     4219.240
   555:     4219.650     4223.930     4226.740     4227.210     4227.530
   560:     4228.050     4229.280     4238.510     4240.860     4241.020
   565:     4241.840     4241.880     4249.680     4249.970     4250.230
   570:     4250.290     4253.930     4255.220     4257.310     4257.400
   575:     4269.830     4278.290     4296.660     4299.250     4302.160
   580:     4303.040     4303.200     4303.470     4306.420     4307.080
   585:     4307.340     4312.060     4315.840     4326.590     4326.930
   590:     4329.080     4329.340     4329.480     4329.530     4329.860
   595:     4336.330     4341.120     4341.420     4341.590     4342.280
   600:     4342.970     4343.770     4344.840     4345.020     4345.850
   605:     4345.900     4346.660     4350.580     4351.010     4351.520
   610:     4352.550     4366.150     4377.110     4382.150     4505.160
   615:     4505.430     4509.690     4510.740     4511.410     4513.340
   620:     4514.740     4516.140     4517.010     4518.040     4518.180
   625:     4520.520     4521.470     4526.390     4527.660     4529.690
   630:     4531.570     4533.730     4537.010     4537.060     4537.550
   635:     4539.440     4539.730     4540.050     4544.120     4544.200
   640:     4546.300     4546.490     4546.880     4547.260     4548.160
   645:     4564.570     4566.080     4568.190     4569.410     4569.990
   650:     4570.140     4571.330     4571.590     4572.220     4572.580
   655:     4575.150     4577.520     4577.600     4577.810     4577.910
   660:     4578.590     4578.990     4579.450     4580.940     4581.680
   665:     4581.980     4582.190     4582.470     4584.950     4585.140
   670:     4585.220     4585.690     4587.190     4594.280     4594.930
   675:     4595.680     4598.950     4599.000     4599.260     4600.350
   680:     4601.440     4612.250     4612.430     4613.750     4614.300
   685:     4615.210     4615.400     4615.990     4616.110     4616.230
   690:     4616.420     4616.590     4616.750     4617.490     4618.070
   695:     4618.760     4619.180     4619.360     4620.600     4620.880
   700:     4621.030     4621.240     4621.420     4622.550     4622.580
   705:     4622.940     4624.690     4628.630     4629.570     4629.630
   710:     4630.170     4632.570     4633.310     4633.610     4633.720
   715:     4633.900     4634.100     4636.240     4636.300     4636.570
   720:     4636.750     4637.800     4637.990     4638.180     4638.470
   725:     4638.710     4638.950     4639.180     4639.500     4639.830
   730:     4640.050     4640.750     4641.100     4641.290     4649.980
   735:     4650.270     4650.430     4650.660     4650.820     4651.050
   740:     4651.210     4655.370     4659.060     4660.530     4660.750
   745:     4665.500     4665.570     4665.750     4666.630     4666.700
   750:     4667.340     4668.330     4668.770     4668.980     4669.150
   755:     4669.450     4669.540     4669.660     4670.190     4671.470
   760:     4671.570     4671.820     4671.930     4672.050     4672.200
   765:     4672.850     4673.610     4675.900     4675.930     4676.200
   770:     4676.460     4676.730     4676.950     4677.250     4677.460
   775:     4677.720     4677.980     4678.270     4678.600     4678.890
   780:     4679.120     4679.310     4679.540     4679.710     4679.880
   785:     4680.170     4680.460     4681.210     4681.380     4681.590
   790:     4681.960     4682.280     4682.910     4683.020     4683.600
   795:     4684.330     4684.550     4684.960     4684.980     4685.180
   800:     4685.360     4685.710     4685.930     4686.050     4686.100
   805:     4686.240     4686.360     4686.430     4686.570     4686.670
   810:     4687.380     4688.590     4689.650     4689.790     4690.060
   815:     4690.140     4690.300     4691.140     4691.330     4691.380
   820:     4691.600     4691.740     4692.150     4692.330     4695.890
   825:     4696.100     4696.170     4696.240     4696.320     4696.540
   830:     4697.210     4697.630     4701.900     4702.070     4702.230
   835:     4702.640     4702.840     4703.160     4703.340     4703.770
   840:     4705.140     4722.010     4722.680     4724.840     4724.930
   845:     4725.130     4725.510     4728.550     4728.650     4728.750
   850:     4730.760     4731.130     4742.930     4745.120     4765.580
   855:     4765.580     4765.580     4765.590     4765.590     4765.590
   860:     4765.590     4765.590     4765.590     4766.630     4767.030
   865:     4769.590     4770.590     4770.590     4773.330     4775.580
   870:     4775.590     4776.000     4776.020     4776.450     4776.790
   875:     4777.320     4783.650     4783.820     4784.890     4788.320
   880:     4791.360     4791.510     4791.720     4792.710     4792.780
   885:     4793.610     4795.060     4801.980     4802.200     4802.750
   890:     4803.310     4803.810     4804.470     4807.040     4807.220
   895:     4807.680     4810.540     4815.360     4815.510     4816.520
   900:     4818.190     4818.350     4819.010     4819.140     4819.370
   905:     4819.630     4819.960     4820.260     4820.450     4820.880
   910:     4822.750     4822.970     4823.240     4824.280     4827.490
   915:     4828.460     4828.910     4836.330     4836.630     4837.470
   920:     4838.220     4838.850     4839.030     4839.670     4841.550
   925:     4849.060     4852.980     4853.780     4854.050     4854.720
   930:     4854.830     4855.040     4866.360     4866.600     4866.780
   935:     4867.000     4869.160     4869.890     4870.030     4870.210
   940:     4871.850     4872.660     4874.060     4874.210     4875.050
   945:     4875.140     4875.340     4876.100     4877.480     4883.260
   950:     4883.610     4884.120     4888.680     4903.820     4904.020
   955:     4914.450     4915.070     4916.490     4919.680     4920.840
   960:     4922.490     4922.540     4923.090     4924.710     4924.890
   965:     4925.310     4925.340     4931.060     4931.260     4931.640
   970:     4941.100     4942.910     4943.940     4945.270     4945.450
   975:     4946.560     4946.630     4947.250     4947.960     4948.080
   980:     4948.320     4950.960     4951.270     4952.150     4970.300
   985:     4976.560     4976.670     4976.960     4980.120     4980.420
   990:     4980.970     4986.070     4986.170     4987.200     4987.650
   995:     4991.640     4992.050     4992.760     5016.820     5018.050
  1000:     5018.120     5023.100     5024.300     5024.680     5250.480
  1005:     5253.590     5254.530     5255.000     5259.850     5260.980
  1010:     5261.890     5263.650     5264.120     5267.590     5268.490
  1015:     5270.790     5270.930     5271.250     5272.030     5272.670
  1020:     5278.930     5279.590     5280.090     5280.490     5290.520
  1025:     5290.850     5299.630     5299.920     5300.240     5300.360
  1030:     5300.830     5300.890     5303.110     5303.310     5305.870
  1035:     5306.700     5306.940     5316.330     5316.400     5317.050
  1040:     5317.430     5319.020     5565.350     5565.350     5565.350
  1045:     5565.360     5565.360     5565.360     5565.360     5565.360
  1050:     5565.360     5569.360     5569.790     5570.360     5570.360
  1055:     5573.050     5575.350     5575.360     5585.410     5585.460
  1060:     5587.940     5590.960     5591.060     5592.250     5592.620
  1065:     5593.000     5674.910     6546.260     6546.840     6550.100
  1070:     6578.800     6582.700     6813.140     6815.460     6817.080
  1075:     6828.670     6828.790     6832.450     6835.460     6838.440
  1080:     6839.160     6840.620     6841.260     6841.500     6843.210
  1085:     6843.310     6843.520     6843.670     6845.010     6850.110
  1090:     6850.540     6851.370     6852.340     6861.200     6869.790
  1095:     6872.830     6872.970     6873.020     6874.360     6877.090
  1100:     6877.260     6877.390     6877.870     6881.830     6889.280
  1105:     6889.310     6889.440     6891.940     6892.270     6892.950
  1110:     6894.530     6894.930     6895.610     6895.880     6896.100
  1115:     6896.760     6896.950     6897.030     6897.420     6897.570
  1120:     6897.620     6902.820     6905.340     6907.380     6908.180
  1125:     6908.280     6908.360     6908.390     6908.910     6915.850
  1130:     6916.210     6925.530     6926.040     6926.110     6928.470
  1135:     6929.310     6929.480     6930.070     6930.290     6930.490
  1140:     6930.970     6931.350     6931.880     6931.930     6932.150
  1145:     6935.600     6938.730     6938.770     6938.810     6940.670
  1150:     6946.000     6955.130     6955.690     6957.720     6957.850
  1155:     6959.050     6964.730     6974.250     6974.490     6984.200
  1160:     6984.690     6986.150     6986.200     6986.290     6986.330
  1165:     6986.590     6986.720     6986.940     6987.190     6987.510
  1170:     6996.580     6996.910     6997.200     6999.060     6999.090
  1175:     6999.330     6999.430     6999.800     7001.350     7001.550
  1180:     7012.680     7012.780     7013.000     7013.030     7013.090
  1185:     7015.610     7015.770     7031.570     7032.240     7047.640
  1190:     7049.210     7050.300     7051.110     7055.140     7061.670
  1195:     7062.050     7062.150     7062.250     7066.910     7066.980
  1200:     7067.150     7067.780     7068.580     7069.220     7069.260
  1205:     7069.370     7070.570     7081.200     7083.790     7084.320
  1210:     7084.460     7085.050     7085.330     7085.800     7086.000
  1215:     7091.600     7091.760     7092.010     7092.690     7092.900
  1220:     7093.110     7093.420     7094.660     7095.810     7103.960
  1225:     7104.080     7104.200     7104.800     7105.040     7106.210
  1230:     7106.620     7106.660     7107.740     7108.000     7108.380
  1235:     7108.610     7108.760     7109.010     7109.300     7109.540
  1240:     7109.920     7110.200     7110.700     7111.290     7111.670
  1245:     7111.920     7112.170     7112.480     7112.530     7112.740
  1250:     7113.050     7113.100     7113.730     7113.930     7114.730
  1255:     7116.460     7116.650     7117.660     7117.950     7120.680
  1260:     7120.870     7121.090     7121.120     7121.310     7121.590
  1265:     7121.910     7122.160     7122.650     7122.980     7124.720
  1270:     7124.980     7125.350     7125.590     7125.830     7126.110
  1275:     7127.050     7127.770     7128.680     7129.280     7130.130
  1280:     7131.100     7133.840     7134.140     7134.680     7134.920
  1285:     7135.360     7135.600     7135.770     7136.000     7136.770
  1290:     7137.760     7138.070     7138.340     7138.500     7139.180
  1295:     7139.380     7139.410     7139.720     7141.290     7141.840
  1300:     7143.010     7143.450     7143.580     7144.260     7144.390
  1305:     7147.160     7147.530     7147.870     7148.100     7148.330
  1310:     7148.790     7149.140     7149.410     7150.080     7150.360
  1315:     7151.320     7153.350     7153.690     7153.980     7158.050
  1320:     7162.240     7163.350     7163.960     7166.250     7167.250
  1325:     7167.480     7167.760     7170.490     7172.390     7177.570
  1330:     7177.700     7177.840     7178.420     7179.440     7181.930
  1335:     7186.510     7187.520     7188.750     7189.340     7189.650
  1340:     7189.860     7190.010     7195.140     7196.700     7197.560
  1345:     7197.950     7199.090     7199.340     7199.500     7200.380
  1350:     7201.090     7201.360     7201.640     7201.700     7201.990
  1355:     7202.020     7202.230     7202.500     7202.810     7202.970
  1360:     7203.130     7203.540     7203.780     7206.530     7207.540
  1365:     7207.570     7207.730     7208.410     7208.660     7208.860
  1370:     7209.360     7213.180     7213.440     7213.820     7213.870
  1375:     7216.150     7216.360     7217.550     7218.480     7220.570
  1380:     7221.580     7221.800     7225.380     7227.660     7238.640
  1385:     7254.170     7254.700     7257.460     7262.060     7262.300
  1390:     7262.620     7270.840     7270.870     7270.990     7272.150
  1395:     7276.820     7278.900     7279.880     7282.740     7282.860
  1400:     7288.490     7288.580     7288.780     7289.240     7289.960
  1405:     7290.050     7290.590     7291.980     7292.210     7292.520
  1410:     7292.690     7297.060     7297.320     7297.590     7297.840
  1415:     7309.870     7310.260     7311.320     7311.980     7312.190
  1420:     7312.280     7313.990     7314.180     7314.340     7316.060
  1425:     7317.490     7317.920     7318.260     7318.320     7320.540
  1430:     7325.630     7325.740     7325.990     7326.160     7326.440
  1435:     7326.550     7327.220     7327.380     7328.290     7328.580
  1440:     7329.360     7330.140     7331.640     7334.990     7335.410
  1445:     7335.500     7336.060     7343.260     7356.370     7356.520
  1450:     7357.950     7358.430     7358.670     7358.960     7359.720
  1455:     7359.880     7370.490     7371.060     7375.420     7376.800
  1460:     7390.420     7390.790     7390.990     7391.270     7391.380
  1465:     7396.650     7399.570     7399.710     7403.210     7403.290
  1470:     7404.030     7404.350     7404.610     7404.740     7404.910
  1475:     7405.070     7410.240     7411.650     7411.780     7411.870
  1480:     7416.610     7416.810     7416.860     7416.990     7417.050
  1485:     7417.340     7421.060     7421.280     7422.460     7425.790
  1490:     7426.140     7426.350     7427.650     7428.640     7429.520
  1495:     7429.740     7436.110     7436.270     7436.670     7442.930
  1500:     7442.970     7443.160     7443.380     7444.650     7445.100
  1505:     7445.350     7445.490     7446.280     7446.930     7450.210
  1510:     7450.390     7453.290     7454.090     7454.430     7455.250
  1515:     7455.510     7455.870     7456.570     7457.380     7458.110
  1520:     7458.720     7463.250     7464.260     7471.740     7471.850
  1525:     7473.030     7473.590     7479.410     7486.350     7486.830
  1530:     7486.860     7487.950     7491.690     7491.750     7500.210
  1535:     7500.530     7500.760     7509.950     7510.170     7510.210
  1540:     7510.520     7512.050     7512.800     7512.970     7513.090
  1545:     7513.270     7514.210     7517.040     7526.660     7526.810
  1550:     7527.240     7529.530     7530.060     7530.190     7530.500
  1555:     7531.420     7531.920     7532.250     7532.340     7534.090
  1560:     7536.560     7536.880     7537.270     7537.480     7537.820
  1565:     7540.520     7540.810     7541.310     7541.450     7541.790
  1570:     7542.210     7542.490     7542.760     7545.330     7546.450
  1575:     7546.940     7548.640     7549.510     7550.080     7552.160
  1580:     7558.690     7558.930     7559.760     7561.200     7561.320
  1585:     7561.830     7562.760     7562.920     7563.560     7563.760
  1590:     7563.940     7566.630     7566.680     7570.800     7578.690
  1595:     7579.110     7580.150     7587.480     7587.590     7587.820
  1600:     7588.040     7597.600     7597.720     7605.280     7605.350
  1605:     7609.660     7609.940     7614.100     7622.040     7622.260
  1610:     7642.730     7649.630     7655.670     7656.830     7662.960
  1615:     7664.140     7715.390     7718.080     7719.890     7729.480
  1620:     7780.570     7780.750     7781.220     7782.790     7783.750
  1625:     7784.030     7784.510     7787.720     7789.010     7789.490
  1630:     7790.270     7790.780     7790.980     7791.100     7791.400
  1635:     7791.840     7795.720     7796.660     7796.920     7804.670
  1640:     7805.620     7805.870     7808.510     7810.410     7814.850
  1645:     7815.380     7815.810     7818.350     7818.520     7822.680
  1650:     7822.770     7824.010     7825.300     7828.150     7828.300
  1655:     7830.130     7830.270     7831.240     7831.550     7831.990
  1660:     7832.400     7832.630     7835.770     7840.790     7850.380
  1665:     7855.610     7856.680     7856.820     7857.060     7857.870
  1670:     7858.130     7858.380     7858.460     7858.630     7858.660
  1675:     7858.810     7859.080     7859.510     7859.660     7865.420
  1680:     7865.660     7867.870     7868.340     7871.370     7874.180
  1685:     7874.740     7874.950     7875.010     7875.250     7876.620
  1690:     7876.870     7878.070     7878.130     7878.190     7878.310
  1695:     7885.330     7885.960     7886.060     7886.720     7886.950
  1700:     7894.620     7894.790     7895.560     7896.160     7896.270
  1705:     7896.800     7897.580     7904.970     7905.060     7905.390
  1710:     7905.510     7906.640     7912.490     7913.830     7913.930
  1715:     7914.050     7914.240     7915.410     7915.510     7915.660
  1720:     7916.930     7918.050     7918.500     7918.820     7918.950
  1725:     7919.250     7920.660     7929.950     7930.300     7931.930
  1730:     7932.120     7932.260     7932.840     7933.060     7933.940
  1735:     7938.000     7940.560     7941.000     7941.140     7941.540
  1740:     7942.270     7947.760     7949.410     7949.970     7951.150
  1745:     7952.600     7953.140     7953.730     7954.040     7954.120
  1750:     7954.180     7954.230     7954.360     7955.550     7960.990
  1755:     7961.780     7962.980     7963.080     7963.450     7963.780
  1760:     7963.880     7967.530     7969.160     7969.210     7972.000
  1765:     7972.320     7973.630     7973.740     7973.830     7982.550
  1770:     7983.640     7986.400     7986.490     7987.170     7987.390
  1775:     7988.290     8007.480     8007.920     8008.070     8008.460
  1780:     8011.340     8012.270     8012.640     8012.710     8020.460
  1785:     8023.320     8023.610     8025.070     8025.900     8027.070
  1790:     8027.150     8027.520     8027.720     8028.920     8029.170
  1795:     8029.710     8029.950     8030.600     8030.990     8041.290
  1800:     8050.400     8050.890     8052.970     8053.120     8055.440
  1805:     8055.530     8062.580     8066.600     8067.780     8067.900
  1810:     8067.960     8068.180     8068.240     8068.690     8069.170
  1815:     8069.700     8079.890     8080.920     8081.390     8085.080
  1820:     8085.710     8086.330     8087.230     8087.520     8088.000
  1825:     8088.360     8088.520     8089.500     8089.610     8090.000
  1830:     8090.110     8094.910     8095.030     8095.220     8097.570
  1835:     8098.280     8098.750     8099.300     8101.310     8101.350
  1840:     8101.990     8102.780     8103.130     8103.250     8103.470
  1845:     8103.610     8103.740     8103.900     8104.030     8104.130
  1850:     8104.220     8104.340     8104.440     8104.500     8104.690
  1855:     8104.810     8104.900     8105.060     8105.180     8105.790
  1860:     8106.040     8106.260     8106.740     8107.830     8114.900
  1865:     8117.710     8117.920     8118.250     8118.530     8118.730
  1870:     8118.770     8119.040     8119.210     8121.260     8122.060
  1875:     8123.550     8124.130     8124.180     8124.290     8124.600
  1880:     8124.720     8124.770     8125.650     8125.950     8126.190
  1885:     8127.020     8128.030     8128.320     8128.600     8129.860
  1890:     8129.960     8130.700     8130.800     8130.890     8135.730
  1895:     8136.010     8136.920     8138.110     8139.730     8139.760
  1900:     8140.090     8141.670     8143.420     8143.640     8143.760
  1905:     8143.950     8144.030     8144.120     8144.600     8147.760
  1910:     8148.660     8148.960     8149.120     8149.580     8149.850
  1915:     8150.170     8150.520     8150.770     8151.310     8152.160
  1920:     8152.300     8152.940     8153.030     8153.100     8153.210
  1925:     8155.010     8155.050     8155.130     8155.770     8156.010
  1930:     8156.100     8159.590     8159.990     8160.610     8160.730
  1935:     8160.960     8161.150     8161.360     8162.010     8165.130
  1940:     8165.290     8166.360     8166.780     8167.020     8167.960
  1945:     8168.440     8168.490     8168.770     8168.990     8170.080
  1950:     8170.820     8171.550     8172.020     8173.460     8175.450
  1955:     8175.900     8175.970     8176.190     8179.220     8182.230
  1960:     8183.270     8183.340     8183.840     8184.170     8184.300
  1965:     8185.590     8191.140     8191.790     8192.800     8193.440
  1970:     8218.260     8220.480     8220.560     8220.970     8221.540
  1975:     8222.240     8222.480     8222.550     8222.600     8228.020
  1980:     8228.180     8228.250     8228.630     8231.210     8231.850
  1985:     8233.750     8234.180     8234.310     8234.620     8237.830
  1990:     8237.910     8249.740     8250.720     8251.500     8251.900
  1995:     8252.060     8253.020     8253.080     8256.290     8258.250
  2000:     8260.490     8261.550     8261.880     8262.790     8263.270
  2005:     8264.120     8269.740     8271.260     8274.500     8279.400
  2010:     8280.110     8280.930     8281.200     8281.400     8281.470
  2015:     8281.960     8282.120     8282.250     8282.790     8289.490
  2020:     8289.820     8290.950     8291.470     8291.990     8301.930
  2025:     8306.900     8307.020     8307.700     8308.110     8308.600
  2030:     8309.390     8309.660     8309.740     8311.970     8313.610
  2035:     8313.890     8314.430     8314.780     8315.030     8315.430
  2040:     8323.140     8393.710     8394.830     8395.270     8406.410
  2045:     8406.580     8407.070     8407.550     8407.720     8412.350
  2050:     8413.800     8416.160     8416.210     8417.070     8423.640
  2055:     8426.890     8431.650     8432.320     8442.860     8443.500
  2060:     8444.890     8458.390     8458.540     8458.600     8459.880
  2065:     8459.980     8460.090     8462.960     8468.380     8468.800
  2070:     8469.470     8477.300     8478.000     8478.050     8479.460
  2075:     8479.820     8483.930     8486.570     8487.500     8487.610
  2080:     8488.360     8491.430     8493.730     8494.350     8501.830
  2085:     8502.970     8504.110     8504.560     8505.780     8505.950
  2090:     8508.320     8508.410     8508.730     8508.980     8509.180
  2095:     8509.300     8518.790     8519.350     8521.180     8523.050
  2100:     8523.360     8527.440     8533.160     8533.700     8536.690
  2105:     8537.140     8538.250     8539.890     8539.970     8540.340
  2110:     8540.490     8540.560     8540.930     8541.020     8542.700
  2115:     8542.820     8542.960     8543.000     8543.330     8543.880
  2120:     8544.480     8544.660     8545.580     8545.670     8545.950
  2125:     8546.020     8546.300     8547.060     8547.230     8547.450
  2130:     8547.610     8547.810     8548.380     8548.560     8557.800
  2135:     8568.190     8569.090     8569.180     8569.980     8570.970
  2140:     8572.580     8572.700     8573.090     8581.220     8586.110
  2145:     8586.450     8586.940     8587.100     8587.610     8587.930
  2150:     8599.720     8601.040     8601.100     8602.370     8602.660
  2155:     8602.760     8602.800     8604.430     8606.010     8609.590
  2160:     8616.040     8617.210     8619.150     8627.030     8646.200
  2165:     8735.620     8737.140     8738.010     8741.960     8743.130
  2170:     8743.900     8743.980     8744.150     8744.220     8744.460
  2175:     8746.350     8746.660     8749.630     8759.220     8759.600
  2180:     8759.850     8760.670     8761.800     8762.340     8763.020
  2185:     8763.190     8763.970     8770.970     8773.290     8774.390
  2190:     8779.220     8779.600     8780.560     8780.640     8785.790
  2195:     8786.880     8794.410     8795.230     8804.210     8804.760
  2200:     8805.350     8805.440     8806.390     8811.090     8811.910
  2205:     8820.700     8820.940     8826.760     8826.790     8829.010
  2210:     8829.570     8830.320     8832.290     8840.950     8843.410
  2215:     8851.280     8851.890     8858.160     8861.990     8862.650
  2220:     8862.740     8862.960     8863.000     8881.240     8881.490
  2225:     8881.730     8882.440     8887.260     8887.410     8887.720
  2230:     8888.920     8894.890     8895.030     8895.460     8896.710
  2235:     8897.180     8897.600     8897.930     8898.090     8898.250
  2240:     8898.440     8898.560     8899.200     8912.880     8913.640
  2245:     8914.510     8927.190     8927.330     8931.380     8935.760
  2250:     8935.930     8936.060     8936.150     8936.410     8936.810
  2255:     8937.730     8938.350     8946.470     8948.790     8950.500
  2260:     8950.620     8950.950     8955.390     8956.090     8956.130
  2265:     8956.760     8956.860     8957.270     8957.420     8957.490
  2270:     8957.580     8957.640     8957.810     8958.040     8960.100
  2275:     8960.630     8961.400     8962.870     8963.550     8963.640
  2280:     8963.900     8964.120     8964.290     8964.770     8964.940
  2285:     8965.220     8965.260     8965.470     8965.690     8972.390
  2290:     8972.650     8973.280     8973.450     8974.340     8975.320
  2295:     8977.060     8977.350     8977.410     8977.720     8977.870
  2300:     8978.130     8978.480     8978.520     8978.770     8978.960
  2305:     8979.300     8979.700     8979.870     8980.010     8980.520
  2310:     8980.830     8981.130     8982.810     8982.920     8983.060
  2315:     8983.140     8983.280     8983.390     8983.550     8983.690
  2320:     8983.860     8984.010     8984.310     8984.350     8984.630
  2325:     8984.790     8984.880     8984.950     8985.060     8985.770
  2330:     8986.870     8987.160     8987.220     8987.340     8987.510
  2335:     8987.580     8987.690     8987.920     8988.040     8988.240
  2340:     8988.370     8988.480     8988.650     8990.300     8990.360
  2345:     8990.440     8990.710     8990.850     8990.930     8991.070
  2350:     8995.000     8996.980     9041.050     9043.770     9044.820
  2355:     9045.100     9124.190     9185.860     9190.650     9192.710
  2360:     9195.380     9201.410     9201.490     9204.660     9209.460
  2365:     9209.700     9210.530     9211.720     9212.720     9217.400
  2370:     9227.860     9231.690     9232.510     9232.690     9234.370
  2375:     9234.420     9240.210     9242.300     9246.600     9247.100
  2380:     9247.180     9247.470     9247.930     9248.530     9248.870
  2385:     9252.050     9253.600     9254.160     9255.530     9256.650
  2390:     9256.720     9256.800     9257.240     9257.620     9258.310
  2395:     9258.790     9258.930     9259.040     9259.150     9259.840
  2400:     9261.960     9263.390     9264.340     9270.400     9272.220
  2405:     9272.520     9274.250     9276.180     9289.580     9289.930
  2410:     9320.080     9400.800     9441.260     9441.340     9445.320
  2415:     9445.430     9446.300     9446.460     9446.740     9448.050
  2420:     9448.110     9448.500     9451.210     9451.370     9451.410
  2425:     9451.850     9452.290     9455.190     9456.260     9457.130
  2430:     9457.460     9458.780     9458.860     9468.910     9468.960
  2435:     9493.270     9493.410     9493.490     9493.700     9493.780
  2440:     9494.000     9494.570     9503.160     9505.140     9505.850
  2445:     9506.500     9509.540     9510.250     9510.310     9510.750
  2450:     9510.890     9512.900     9513.440     9515.060     9515.280
  2455:     9516.010     9516.100     9519.730     9520.300     9521.070
  2460:     9529.240     9529.450     9529.520     9530.670     9530.720
  2465:     9530.950     9531.040     9531.420     9531.540     9531.630
  2470:     9531.840     9531.900     9532.040     9532.640     9537.410
  2475:     9540.480     9543.450     9543.630     9543.960     9546.000
  2480:     9546.220     9546.630     9547.440     9548.320     9548.400
  2485:     9550.570     9554.170     9556.210     9556.560     9558.670
  2490:     9558.770     9564.210     9567.910     9568.780     9585.630
  2495:     9590.910     9593.510     9593.800     9612.340     9630.520
  2500:     9630.790     9631.260     9631.410     9633.050     9633.150
  2505:     9633.690     9633.770     9637.340     9637.790     9640.550
  2510:     9641.090     9641.670     9642.070     9655.500     9663.560
  2515:     9664.870     9665.000     9665.120     9665.250     9665.770
  2520:     9666.550     9666.740     9667.190     9670.300     9670.380
  2525:     9670.510     9670.660     9671.020     9671.180     9671.390
  2530:     9671.500     9671.710     9671.870     9672.570     9672.660
  2535:     9672.790     9673.170     9673.250     9673.600     9673.960
  2540:     9674.160     9674.250     9675.020     9677.270     9677.560
  2545:     9826.870     9827.380     9827.460     9828.520     9828.770
  2550:     9829.080     9829.720     9830.930     9831.220     9831.730
  2555:     9837.220     9845.300     9845.430     9845.470     9845.720
  2560:     9846.370     9846.640     9847.070     9848.270     9848.520
  2565:     9848.700     9848.950     9849.410     9849.550     9849.700
  2570:     9850.210     9850.300     9850.680     9850.860     9851.060
  2575:     9851.090     9851.510     9851.760     9853.170     9854.370
  2580:     9854.450     9854.500     9854.700     9854.810     9854.910
  2585:     9855.000     9855.070     9861.840     9862.110     9865.320
  2590:     9865.950     9866.420     9869.510     9871.050     9872.000
  2595:     9873.240     9873.750     9873.930     9876.660     9876.790
  2600:     9877.130     9877.260     9877.510     9877.750     9877.800
  2605:     9877.850     9878.250     9878.320     9878.460     9878.560
  2610:     9878.650     9878.930     9879.490     9879.620     9880.810
  2615:     9880.970     9881.410     9881.550     9881.600     9882.010
  2620:     9882.630     9882.770     9883.680     9883.910     9884.590
  2625:     9884.840     9884.940     9885.110     9885.260     9885.290
  2630:     9885.570     9885.650     9885.790     9886.680     9887.730
  2635:     9888.340     9888.560     9892.070     9892.150     9892.650
  2640:     9892.840     9893.070     9893.280     9893.480     9894.680
  2645:     9896.920     9898.670     9898.820     9899.580     9909.700
  2650:     9912.330     9912.420     9912.960     9913.220     9913.560
  2655:     9917.550     9918.210     9918.680     9918.860     9919.230
  2660:     9919.270     9919.430     9919.780     9920.290     9920.690
  2665:     9921.420     9921.680     9922.060     9922.140     9922.410
  2670:     9923.990     9924.210     9924.600     9925.000     9927.350
  2675:     9927.830     9928.090     9928.240     9928.550     9930.180
  2680:     9930.580     9930.770     9931.860     9932.400     9932.510
  2685:     9932.820     9936.040     9936.270     9936.510     9937.490
  2690:     9944.450     9945.020     9950.230     9951.210     9952.270
  2695:     9957.670     9957.860     9959.200     9966.030     9966.900
  2700:     9967.110     9969.910     9970.320     9971.000     9971.120
  2705:     9973.440     9974.040     9992.620     9992.960     9993.280
  2710:     9993.430     9993.970     9995.720     9995.900     9996.300
  2715:    10001.140    10001.410    10002.340    10006.080    10006.970
  2720:    10008.420    10008.910    10013.480    10014.430    10014.850
  2725:    10017.910    10018.050    10018.350    10018.570    10018.630
  2730:    10018.730    10029.390    10036.480    10037.150    10041.000
  2735:    10043.770    10044.660    10044.870    10047.610    10047.760
  2740:    10052.020    10052.370    10052.480    10052.710    10061.220
  2745:    10066.170    10070.700    10072.980    10076.800    10077.230
  2750:    10255.170    10296.810    10346.120    10346.250    10357.510
  2755:    10358.990    10359.270    10359.320    10359.970    10360.930
  2760:    10363.140    10364.240    10365.130    10368.950    10372.420
  2765:    10373.590    10375.610    10380.630    10380.860    10380.960
  2770:    10382.100    10382.300    10382.640    10382.760    10382.830
  2775:    10383.090    10383.390    10383.670    10383.850    10383.870
  2780:    10383.930    10388.540    10390.180    10390.490    10390.720
  2785:    10390.870    10390.970    10391.070    10391.220    10391.290
  2790:    10394.150    10394.200    10396.060    10400.880    10401.400
  2795:    10401.500    10401.920    10402.530    10402.620    10403.710
  2800:    10404.030    10404.440    10404.730    10404.810    10406.830
  2805:    10406.920    10407.150    10407.300    10410.600    10414.690
  2810:    10414.870    10415.210    10416.040    10416.380    10417.070
  2815:    10417.560    10420.610    10422.590    10422.680    10422.830
  2820:    10424.280    10427.310    10427.340    10430.960    10431.370
  2825:    10431.410    10431.790    10435.990    10605.240    10606.200
  2830:    10628.850    10628.850    10628.850    10628.860    10628.860
  2835:    10628.860    10628.860    10628.860    10628.860    10630.850
  2840:    10630.850    10632.860    10633.860    10633.860    10637.140
  2845:    10638.850    10638.860    10640.130    10641.400    10641.930
  2850:    10643.090    10767.670    10773.870    10777.660    10800.000
