File: C:\MED-PC\Data\2024-10-29_12h50m_Subject 48.txt


Start Date: 10/29/24
End Date: 10/29/24
Subject: 48
Experiment: OralFentSA
Group: One
Box: 4
Start Time: 12:50:16
End Time: 15:50:51
MSN: 20241014_Golden_Liq_SelfAdmin
F:       0.000
G:    1327.000
H:   10800.000
I:       0.000
J:       0.000
K:       0.000
L:       0.000
M:       0.000
N:       0.000
O:       0.000
P:       0.000
Q:       0.000
R:       0.000
S:       0.000
U:       0.000
V:       0.000
W:       0.000
X:       0.000
Y:       0.000
Z:       0.000
A:
     0:        0.000        0.000      180.000        4.000        0.000
     5:        5.000        0.000        5.000        0.000        0.000
    10:        1.000        0.000       10.000   100000.000       21.400
    15:        7.000      640.000        0.000        0.000        0.000
    20:        0.000
B:
     0:        0.000        0.000        0.000      400.000        0.000
     5:      500.000        0.000      500.000        0.000        0.000
    10:        0.000        0.000     1000.000 10000000.000        0.000
    15:        0.000        0.000        0.000        0.000        0.000
    20:        0.000
C:
     0:       24.000       25.000        3.000       33.000      966.000
     5:    10580.430        1.000       24.000       57.040        2.377
    10:       33.000        3.000        0.000        0.000        0.000
    15:        0.000        0.000        0.000        0.000        0.000
    20:        0.000
D:
     0:        1.660        1.050        3.400        1.560        1.560
     5:        1.700        1.030        3.330        1.900        3.610
    10:        2.730       13.080        0.830        2.370        1.340
    15:        2.940        3.210        1.070        1.300        1.790
    20:        1.660        1.510        1.410        1.000
E:
     0:       19.000       11.000       26.000       27.000        6.000
     5:        6.000        6.000        6.000        6.000        6.000
    10:        6.000        6.000        6.000        6.000        6.000
    15:        6.000        6.000        6.000        6.000        6.000
    20:        6.000        6.000        6.000        6.000        6.000
    25:        6.000        6.000        6.000        6.000        6.000
    30:        6.000        6.000        6.000        6.000        6.000
    35:        6.000        6.000        6.000        6.000        6.000
    40:        6.000        6.000        6.000        6.000        6.000
    45:        6.000        6.000        6.000        6.000        6.000
    50:        6.000        6.000        6.000        6.000        6.000
    55:        6.000        6.000        6.000        6.000        6.000
    60:        6.000        6.000        6.000        6.000        6.000
    65:        6.000        6.000        6.000        6.000        6.000
    70:        6.000        6.000        6.000        6.000        6.000
    75:        6.000        6.000        6.000        6.000        6.000
    80:        6.000        6.000        6.000        6.000        6.000
    85:        6.000        6.000        6.000        6.000        6.000
    90:        6.000        6.000        6.000        6.000        6.000
    95:        6.000        6.000        6.000        6.000        6.000
   100:        6.000        6.000        6.000        6.000        6.000
   105:        6.000        6.000        6.000        6.000        6.000
   110:        6.000        6.000        6.000        6.000        6.000
   115:        6.000        6.000        6.000        6.000        6.000
   120:        6.000        6.000        6.000        6.000        6.000
   125:        6.000        6.000        6.000        6.000        6.000
   130:        6.000        6.000        6.000        6.000        6.000
   135:        6.000        6.000        6.000        6.000        6.000
   140:        6.000        6.000        6.000        6.000        6.000
   145:        6.000        6.000        6.000        6.000        6.000
   150:        6.000        6.000        6.000        6.000        6.000
   155:        6.000        6.000        6.000        6.000        6.000
   160:        6.000        6.000        6.000        6.000        6.000
   165:        6.000        6.000        2.000        4.000       22.000
   170:       24.000       12.000       13.000        8.000        5.000
   175:       17.000        6.000       18.000       14.000       10.000
   180:        6.000        6.000        6.000        6.000       19.000
   185:       11.000        6.000        6.000        6.000        6.000
   190:        6.000        1.000        1.000        6.000        6.000
   195:        6.000        6.000        2.000        4.000       22.000
   200:       24.000       12.000       13.000        8.000        5.000
   205:       17.000        6.000       18.000       14.000       10.000
   210:        6.000        6.000        6.000       19.000       11.000
   215:        2.000        4.000       22.000       24.000       12.000
   220:       13.000        8.000        5.000       17.000       21.000
   225:       22.000        6.000       18.000       14.000       10.000
   230:        6.000        6.000        6.000       19.000       11.000
   235:        2.000        4.000       22.000       24.000       12.000
   240:       13.000        8.000        5.000       17.000       21.000
   245:       22.000        6.000       18.000       14.000       10.000
   250:       21.000       22.000        6.000       19.000       11.000
   255:        6.000        6.000        6.000        6.000        6.000
   260:        6.000        6.000        6.000        6.000        6.000
   265:        6.000        6.000        6.000        6.000        6.000
   270:        6.000        6.000        6.000        6.000        6.000
   275:        6.000        6.000        6.000        6.000        6.000
   280:        6.000        6.000        6.000        6.000        6.000
   285:        6.000        6.000        6.000        6.000        6.000
   290:        6.000        6.000        6.000        6.000        6.000
   295:        6.000        6.000        6.000        6.000        6.000
   300:        6.000        6.000        6.000        6.000        6.000
   305:        6.000        6.000        6.000        6.000        6.000
   310:        6.000        6.000        6.000        6.000        6.000
   315:        6.000        6.000        6.000        6.000        6.000
   320:        6.000        6.000        6.000        6.000        6.000
   325:        6.000        6.000        6.000        6.000        6.000
   330:        6.000        6.000        6.000        6.000        6.000
   335:        6.000        6.000        6.000        6.000        6.000
   340:        6.000        6.000        6.000        6.000        6.000
   345:        6.000        6.000        6.000        6.000        6.000
   350:        6.000        6.000        6.000        6.000        6.000
   355:        6.000        6.000        6.000        6.000        6.000
   360:        6.000        6.000        6.000        6.000        6.000
   365:        6.000        6.000        6.000        6.000        6.000
   370:        6.000        6.000        6.000        6.000        6.000
   375:        6.000        6.000        6.000        6.000        6.000
   380:        6.000        6.000        6.000        6.000        2.000
   385:        4.000       22.000       24.000       12.000       13.000
   390:        8.000        5.000       17.000        6.000       18.000
   395:       14.000       10.000        6.000       19.000       11.000
   400:        6.000        6.000        6.000        6.000        6.000
   405:        6.000        6.000        6.000        6.000        6.000
   410:        6.000        6.000        6.000        6.000        6.000
   415:        6.000        6.000        6.000        6.000        6.000
   420:        6.000        6.000        6.000        6.000        6.000
   425:        6.000        6.000        6.000        6.000        6.000
   430:        6.000        6.000        6.000        6.000        6.000
   435:        6.000        6.000        6.000        6.000        6.000
   440:        6.000        6.000        6.000        6.000        6.000
   445:        6.000        6.000        6.000        6.000        6.000
   450:        6.000        6.000        6.000        6.000        2.000
   455:        4.000       22.000       24.000       12.000       13.000
   460:        8.000        5.000       17.000        6.000       18.000
   465:       14.000       10.000        6.000       19.000       11.000
   470:        2.000        4.000       22.000       24.000       12.000
   475:       13.000        8.000        5.000       17.000        6.000
   480:       18.000       14.000       10.000        6.000        6.000
   485:        6.000       19.000       11.000        6.000        6.000
   490:        6.000        6.000        6.000        6.000        6.000
   495:        6.000        2.000        4.000       22.000       24.000
   500:       12.000       13.000        8.000        5.000       17.000
   505:       21.000       22.000        6.000       18.000       14.000
   510:       10.000        6.000       19.000       11.000        6.000
   515:        2.000        4.000       22.000       24.000       12.000
   520:       13.000        8.000        5.000       17.000       21.000
   525:       22.000        6.000       18.000       14.000       10.000
   530:        6.000        6.000        6.000        6.000       19.000
   535:       11.000        2.000        4.000       22.000       24.000
   540:       12.000       13.000        8.000        5.000       17.000
   545:       21.000       22.000        6.000       18.000       14.000
   550:       10.000        6.000       19.000       11.000        6.000
   555:        6.000        6.000        6.000        6.000        6.000
   560:        6.000        6.000        6.000        1.000        6.000
   565:        6.000        6.000        6.000        6.000        6.000
   570:        6.000        6.000        6.000        6.000        6.000
   575:        6.000        6.000        6.000        6.000        6.000
   580:        6.000        6.000        6.000        6.000        6.000
   585:        6.000        6.000        6.000        6.000        6.000
   590:        6.000        6.000        6.000        6.000        6.000
   595:        6.000        6.000        6.000        6.000        6.000
   600:        6.000        6.000        6.000        6.000        6.000
   605:        6.000        6.000        6.000        6.000        6.000
   610:        6.000        6.000        6.000        6.000        6.000
   615:        6.000        6.000        6.000        6.000        6.000
   620:        6.000        6.000        6.000        6.000        6.000
   625:        6.000        6.000        6.000        6.000        6.000
   630:        6.000        6.000        6.000        6.000        6.000
   635:        6.000        6.000        6.000        6.000        6.000
   640:        6.000        6.000        6.000        6.000        6.000
   645:        6.000        6.000        6.000        6.000        6.000
   650:        6.000        6.000        2.000        4.000       22.000
   655:       24.000       12.000       13.000        8.000        5.000
   660:       17.000        6.000       18.000       14.000       10.000
   665:        6.000       19.000       11.000        6.000        6.000
   670:        6.000        6.000        6.000        6.000        6.000
   675:        6.000        6.000        6.000        6.000        6.000
   680:        6.000        2.000        4.000       22.000       24.000
   685:       12.000       13.000        8.000        5.000       17.000
   690:       18.000       14.000       10.000       19.000       11.000
   695:        6.000        6.000        6.000        6.000        6.000
   700:        6.000        6.000        6.000        6.000        6.000
   705:        6.000        6.000        6.000        6.000        6.000
   710:        6.000        6.000        6.000        6.000        6.000
   715:        6.000        6.000        6.000        6.000        6.000
   720:        6.000        6.000        6.000        6.000        6.000
   725:        6.000        6.000        6.000        6.000        6.000
   730:        6.000        6.000        6.000        6.000        6.000
   735:        6.000        6.000        6.000        6.000        6.000
   740:        6.000        6.000        6.000        6.000        6.000
   745:        6.000        6.000        6.000        6.000        6.000
   750:        6.000        6.000        6.000        6.000        6.000
   755:        6.000        6.000        6.000        6.000        6.000
   760:        6.000        6.000        6.000        6.000        6.000
   765:        6.000        6.000        6.000        6.000        6.000
   770:        6.000        6.000        6.000        6.000        6.000
   775:        6.000        6.000        6.000        6.000        6.000
   780:        6.000        6.000        6.000        6.000        6.000
   785:        6.000        6.000        6.000        6.000        6.000
   790:        6.000        6.000        6.000        6.000        6.000
   795:        6.000        6.000        6.000        6.000        6.000
   800:        6.000        6.000        6.000        6.000        6.000
   805:        6.000        6.000        6.000        6.000        6.000
   810:        6.000        6.000        6.000        6.000        6.000
   815:        6.000        6.000        6.000        6.000        6.000
   820:        6.000        6.000        6.000        6.000        6.000
   825:        6.000        6.000        6.000        6.000        6.000
   830:        6.000        6.000        6.000        6.000        6.000
   835:        6.000        6.000        6.000        6.000        6.000
   840:        6.000        6.000        6.000        6.000        6.000
   845:        6.000        6.000        6.000        6.000        6.000
   850:        6.000        6.000        6.000        6.000        6.000
   855:        2.000        4.000       22.000       24.000       12.000
   860:       13.000        8.000        5.000       17.000        6.000
   865:       18.000        6.000       14.000       10.000       19.000
   870:       11.000        6.000        6.000        6.000        6.000
   875:        6.000        6.000        6.000        6.000        2.000
   880:        4.000       22.000       24.000       12.000       13.000
   885:        8.000        5.000       17.000        6.000        6.000
   890:       18.000        6.000       14.000       10.000        6.000
   895:       19.000       11.000        6.000        6.000        6.000
   900:        6.000        6.000        6.000        6.000        6.000
   905:        2.000        4.000       22.000       24.000       12.000
   910:       13.000        8.000        5.000       17.000        6.000
   915:       18.000       14.000       10.000        6.000        6.000
   920:       19.000       11.000        2.000        4.000       22.000
   925:       24.000       12.000       13.000        8.000        5.000
   930:       17.000       21.000       22.000        6.000       18.000
   935:       14.000       10.000        6.000       19.000       11.000
   940:        6.000        6.000        6.000        6.000        6.000
   945:        6.000        6.000        6.000        6.000        6.000
   950:        6.000        6.000        6.000        6.000        6.000
   955:        2.000        4.000       22.000       24.000       12.000
   960:       13.000        8.000        5.000       17.000        6.000
   965:        6.000       18.000       14.000       10.000        6.000
   970:        6.000       19.000       11.000        6.000        6.000
   975:        2.000        4.000       22.000       24.000       12.000
   980:       13.000        8.000        5.000       17.000        6.000
   985:       18.000        6.000       14.000       10.000        6.000
   990:       19.000       11.000        6.000        2.000        4.000
   995:       22.000       24.000       12.000       13.000        8.000
  1000:        5.000       17.000        6.000        6.000        6.000
  1005:       18.000       14.000       10.000        6.000       19.000
  1010:       11.000        6.000        6.000        6.000        6.000
  1015:        6.000        6.000        2.000        4.000       22.000
  1020:       24.000       12.000       13.000        8.000        5.000
  1025:       17.000        6.000       18.000       14.000       10.000
  1030:        6.000       19.000       11.000        6.000        6.000
  1035:        6.000        6.000        6.000        6.000        6.000
  1040:        6.000        6.000        6.000        6.000        6.000
  1045:        6.000        6.000        6.000        6.000        6.000
  1050:        6.000        6.000        6.000        6.000        6.000
  1055:        6.000        6.000        6.000        6.000        6.000
  1060:        6.000        6.000        6.000        6.000        6.000
  1065:        6.000        6.000        6.000        6.000        6.000
  1070:        6.000        6.000        6.000        6.000        6.000
  1075:        6.000        6.000        6.000        6.000        6.000
  1080:        6.000        6.000        6.000        6.000        6.000
  1085:        6.000        6.000        6.000        6.000        6.000
  1090:        6.000        6.000        6.000        6.000        6.000
  1095:        6.000        6.000        6.000        6.000        6.000
  1100:        6.000        6.000        6.000        6.000        6.000
  1105:        6.000        6.000        6.000        6.000        6.000
  1110:        6.000        6.000        6.000        6.000        6.000
  1115:        6.000        6.000        6.000        6.000        6.000
  1120:        6.000        6.000        6.000        6.000        6.000
  1125:        6.000        6.000        6.000        6.000        6.000
  1130:        6.000        6.000        6.000        6.000        6.000
  1135:        6.000        6.000        6.000        6.000        6.000
  1140:        6.000        6.000        6.000        6.000        6.000
  1145:        6.000        6.000        6.000        6.000        6.000
  1150:        6.000        6.000        6.000        6.000        6.000
  1155:        6.000        6.000        6.000        6.000        6.000
  1160:        6.000        6.000        6.000        6.000        6.000
  1165:        6.000        6.000        6.000        6.000        6.000
  1170:        6.000        6.000        6.000        2.000        4.000
  1175:       22.000       24.000       12.000       13.000        8.000
  1180:        5.000       17.000        6.000       18.000       14.000
  1185:       10.000        6.000       19.000       11.000        6.000
  1190:        2.000        4.000       22.000       24.000       12.000
  1195:       13.000        8.000        5.000       17.000        6.000
  1200:       18.000       14.000       10.000        6.000        6.000
  1205:        6.000       19.000       11.000        6.000        6.000
  1210:        6.000        6.000        6.000        6.000        6.000
  1215:        6.000        6.000        6.000        6.000        6.000
  1220:        6.000        2.000        4.000       22.000       24.000
  1225:       12.000       13.000        8.000        5.000       17.000
  1230:       21.000       22.000       21.000       22.000        6.000
  1235:       18.000       14.000       10.000        6.000       19.000
  1240:       11.000        6.000        6.000        2.000        4.000
  1245:       22.000       24.000       12.000       13.000        8.000
  1250:        5.000       17.000        6.000       18.000       14.000
  1255:       10.000        6.000        6.000       19.000        6.000
  1260:       11.000        6.000        6.000        6.000        6.000
  1265:        6.000        6.000        6.000        6.000        6.000
  1270:        6.000        6.000        6.000        6.000        6.000
  1275:        6.000        6.000        6.000        6.000        6.000
  1280:        6.000        6.000        6.000        6.000        6.000
  1285:        6.000        6.000        6.000        6.000        6.000
  1290:        6.000        6.000        6.000        6.000        6.000
  1295:        6.000        6.000        6.000        6.000        6.000
  1300:        6.000        6.000        6.000        6.000        6.000
  1305:        6.000        6.000        6.000        6.000        6.000
  1310:        6.000        6.000        6.000        6.000        6.000
  1315:        6.000        6.000        6.000        6.000        6.000
  1320:        6.000        6.000        6.000        6.000        6.000
  1325:        6.000        6.000      100.000
T:
     0:        0.000        0.000        0.000        0.000        8.960
     5:        9.110        9.910       15.870       16.070       69.510
    10:      101.910      282.460      282.500      299.370      299.590
    15:      312.190      351.470     1115.230     1115.520     1169.580
    20:     1294.370     1314.980     1331.800     1356.590     1357.660
    25:     1551.110     1551.490     1633.570     1633.910     1635.630
    30:     1659.790     1678.860     1679.060     1679.540     1680.380
    35:     1681.550     1682.190     2242.230     2242.390     2242.650
    40:     2242.980     2243.980     2245.870     2249.200     2254.860
    45:     2255.080     2258.560     2260.220     2284.330     2303.810
    50:     2315.010     2361.770     2366.450     2396.320     2404.460
    55:     2405.110     2405.140     2418.280     2421.540     2430.340
    60:     2430.500     2430.640     2445.060     2473.630     2484.220
    65:     2485.900     2487.670     2523.550     2535.290     2613.260
    70:     2613.940     2615.410     2618.720     2620.030     2620.990
    75:     2621.020     2622.090     2624.200     2624.220     2626.200
    80:     2627.250     2629.990     2630.560     2631.180     2668.550
    85:     2668.950     2669.030     2669.050     2669.810     2671.460
    90:     2672.500     2672.860     2684.760     2684.810     2684.930
    95:     2686.620     2688.490     2692.950     2693.360     2694.750
   100:     2697.560     2698.040     2701.450     2702.720     2702.910
   105:     2703.130     2703.190     2703.230     2703.550     2703.710
   110:     2709.390     2710.000     2713.350     2713.510     2715.520
   115:     2715.610     2716.780     2757.580     2763.170     2763.410
   120:     2766.480     2768.110     2768.790     2788.930     2792.210
   125:     2814.910     2815.470     2816.830     2825.070     2828.540
   130:     2855.260     2874.860     2876.580     2917.600     2918.650
   135:     2918.940     2961.560     2961.740     3662.000     3663.770
   140:     3667.780     3690.760     3694.330     3696.360     3698.130
   145:     3698.200     3700.910     3703.250     3705.420     3705.810
   150:     3707.730     3712.490     3713.090     3714.680     3717.380
   155:     3720.090     3720.860     3724.010     3726.220     3726.250
   160:     3727.680     3729.840     3730.700     3732.690     3735.630
   165:     3736.610     3747.440     3753.870     3753.870     3753.870
   170:     3753.880     3753.880     3753.880     3753.880     3753.880
   175:     3753.880     3755.540     3757.880     3758.880     3758.880
   180:     3759.250     3760.240     3762.540     3762.730     3763.870
   185:     3763.880     3764.940     3766.680     3770.570     3772.750
   190:     3773.520     3803.850     3805.520     3819.100     3819.220
   195:     3821.450     3823.550     3828.120     3828.120     3828.120
   200:     3828.130     3828.130     3828.130     3828.130     3828.130
   205:     3828.130     3829.180     3832.130     3833.130     3833.130
   210:     3833.550     3836.780     3836.810     3838.120     3838.130
   215:     3846.450     3846.450     3846.450     3846.460     3846.460
   220:     3846.460     3846.460     3846.460     3846.460     3847.420
   225:     3847.420     3849.860     3850.460     3851.460     3851.460
   230:     3853.910     3853.980     3856.050     3856.450     3856.460
   235:     3861.980     3861.980     3861.980     3861.990     3861.990
   240:     3861.990     3861.990     3861.990     3861.990     3862.470
   245:     3862.470     3863.550     3865.990     3866.990     3866.990
   250:     3869.260     3869.260     3871.390     3871.980     3871.990
   255:     3876.970     3881.980     3888.710     3894.780     3894.980
   260:     3895.090     3918.820     3919.320     3969.580     3971.000
   265:     3971.360     3971.480     3972.250     3973.950     3974.010
   270:     3976.460     3979.870     3984.030     3985.470     3988.450
   275:     3989.510     3990.090     3990.880     3991.310     3992.210
   280:     4328.850     4336.370     4349.050     4349.790     4384.840
   285:     4388.080     4394.340     4395.100     4395.160     4395.610
   290:     4396.900     4397.120     4397.660     4398.690     4401.870
   295:     4403.880     4404.710     4406.720     4449.280     4459.990
   300:     4460.280     4460.740     4460.920     4528.170     4855.830
   305:     4855.940     4856.000     4856.140     4857.740     4867.970
   310:     4868.480     4868.800     4889.330     4890.010     4890.400
   315:     4969.380     4969.800     4971.700     4973.460     4976.170
   320:     4976.310     4978.870     4979.870     4981.490     5020.750
   325:     5022.770     5025.510     5027.200     5028.980     5030.830
   330:     5032.230     5035.860     5035.910     5036.030     5050.030
   335:     5050.460     5051.060     5055.250     5055.950     5056.040
   340:     5058.150     5061.880     5064.010     5066.940     5067.180
   345:     5069.120     5077.860     5078.880     5082.260     5082.370
   350:     5086.660     5087.370     5087.550     5090.500     5096.710
   355:     5101.720     5102.870     5104.590     5166.800     5168.490
   360:     5170.370     5171.690     5174.920     5175.460     5175.500
   365:     5184.350     5197.010     5197.050     5197.150     5197.560
   370:     5197.790     5198.140     5199.880     5254.820     5255.080
   375:     5264.260     5274.170     5274.280     5284.350     5290.630
   380:     5291.200     5315.420     5340.960     5350.770     5358.370
   385:     5358.370     5358.370     5358.380     5358.380     5358.380
   390:     5358.380     5358.380     5358.380     5359.940     5362.380
   395:     5363.380     5363.380     5366.120     5368.370     5368.380
   400:     5368.710     5368.780     5368.810     5371.660     5401.790
   405:     5402.010     5440.460     5442.240     5447.150     5451.940
   410:     5454.120     5454.240     5459.850     5459.990     5493.490
   415:     5494.130     5494.500     5495.640     5499.520     5500.980
   420:     5566.700     5566.790     5567.430     6085.290     6086.970
   425:     6087.480     6092.360     6094.450     6100.360     6102.540
   430:     6107.130     6108.090     6108.440     6108.470     6110.530
   435:     6111.850     6113.790     6113.890     6114.230     6116.430
   440:     6118.570     6119.790     6120.140     6122.420     6124.140
   445:     6129.990     6166.950     6167.020     6167.200     6167.550
   450:     6169.980     6172.740     6173.150     6173.440     6179.030
   455:     6179.030     6179.030     6179.040     6179.040     6179.040
   460:     6179.040     6179.040     6179.040     6180.740     6183.040
   465:     6184.040     6184.040     6184.750     6189.030     6189.040
   470:     6192.240     6192.240     6192.240     6192.250     6192.250
   475:     6192.250     6192.250     6192.250     6192.250     6193.280
   480:     6196.250     6197.250     6197.250     6197.620     6198.720
   485:     6201.710     6202.240     6202.250     6203.150     6204.110
   490:     6204.290     6206.110     6207.960     6208.910     6215.660
   495:     6216.870     6219.680     6219.680     6219.680     6219.690
   500:     6219.690     6219.690     6219.690     6219.690     6219.690
   505:     6221.040     6221.040     6223.020     6223.690     6224.690
   510:     6224.690     6226.350     6229.680     6229.690     6231.980
   515:     6234.670     6234.670     6234.670     6234.680     6234.680
   520:     6234.680     6234.680     6234.680     6234.680     6235.050
   525:     6235.050     6236.580     6238.680     6239.680     6239.680
   530:     6241.840     6243.450     6243.930     6244.520     6244.670
   535:     6244.680     6248.540     6248.540     6248.540     6248.550
   540:     6248.550     6248.550     6248.550     6248.550     6248.550
   545:     6250.030     6250.030     6252.160     6252.550     6253.550
   550:     6253.550     6257.390     6258.540     6258.550     6259.430
   555:     6259.940     6261.600     6299.400     6299.730     6299.890
   560:     6408.680     6408.760     6412.680     6444.390     6495.440
   565:     6495.790     6495.970     6496.040     6497.610     6497.890
   570:     6498.810     6499.530     6501.950     6503.200     6504.720
   575:     6511.920     6516.800     6517.430     6517.910     6518.310
   580:     6519.880     6519.920     6521.970     6522.710     6523.510
   585:     6530.240     6532.830     6533.550     6534.110     6534.150
   590:     6539.550     6541.150     6550.540     6554.390     6554.430
   595:     6564.490     6568.760     6568.930     6568.970     6570.380
   600:     6573.340     6573.410     6573.480     6573.540     6578.000
   605:     6587.300     6587.320     6589.560     6592.390     6593.090
   610:     6623.550     6627.640     6633.530     6637.180     6643.270
   615:     6643.310     6646.490     6950.050     6951.820     6954.180
   620:     6958.030     6959.320     7006.720     7006.780     7008.170
   625:     7014.950     7017.220     7018.300     7025.760     7029.410
   630:     7037.430     7045.200     7046.300     7051.010     7051.080
   635:     7051.110     7053.400     7107.520     7107.680     7127.920
   640:     7130.740     7194.590     7204.310     7204.480     7206.810
   645:     7207.850     7217.020     7243.800     7252.820     7253.810
   650:     7265.600     7270.570     7283.020     7283.020     7283.020
   655:     7283.030     7283.030     7283.030     7283.030     7283.030
   660:     7283.030     7285.760     7287.030     7288.030     7288.030
   665:     7290.200     7293.020     7293.030     7321.490     7321.610
   670:     7321.800     7323.390     7326.600     7336.270     7336.730
   675:     7336.970     7362.360     7362.600     7399.450     7406.780
   680:     7410.270     7414.850     7414.850     7414.850     7414.860
   685:     7414.860     7414.860     7414.860     7414.860     7414.860
   690:     7418.860     7419.860     7419.860     7424.850     7424.860
   695:     7427.940     7428.050     7431.740     7433.260     7433.280
   700:     7437.790     7439.570     7447.910     7480.010     7480.600
   705:     7482.070     7483.010     7484.420     7486.340     7489.770
   710:     7491.430     7495.400     7496.400     7496.760     7496.930
   715:     7497.010     7497.230     7498.280     7499.520     7499.980
   720:     7500.210     7500.260     7505.270     7506.340     7513.820
   725:     7514.230     7518.400     7520.690     7526.760     7528.020
   730:     7528.700     7533.390     7534.160     7538.850     7540.500
   735:     7544.870     7594.130     7595.510     7597.490     7599.950
   740:     7599.980     7604.610     7612.990     7615.680     7618.270
   745:     7623.490     7623.610     7624.720     7624.890     7628.170
   750:     7630.810     7631.050     7636.590     7637.110     7637.360
   755:     7638.760     7638.900     7638.970     7638.990     7640.300
   760:     7640.460     7644.230     7644.310     7647.280     7649.620
   765:     7652.970     7653.330     7655.070     7658.210     7660.240
   770:     7663.910     7664.800     7669.990     7670.940     7676.490
   775:     7684.630     7684.720     7686.880     7689.130     7689.300
   780:     7689.340     7690.750     7691.840     7904.300     7904.670
   785:     7904.880     7905.270     7905.920     7907.260     7908.060
   790:     7908.800     7910.070     7911.400     7912.750     7917.410
   795:     7917.440     7917.530     7918.010     7984.080     8012.220
   800:     8015.720     8015.810     8018.260     8039.810     8041.740
   805:     8043.100     8049.190     8049.330     8114.270     8115.740
   810:     8115.760     8115.880     8117.860     8120.650     8120.680
   815:     8128.910     8136.230     8139.900     8140.240     8143.410
   820:     8146.390     8153.740     8158.080     8166.290     8173.990
   825:     8176.580     8178.270     8182.000     8182.300     8185.400
   830:     8187.310     8187.350     8190.330     8190.470     8195.550
   835:     8199.320     8203.440     8239.510     8241.090     8426.720
   840:     8427.040     8434.310     8434.680     8438.600     8462.750
   845:     8462.890     8474.980     8475.120     8486.630     8487.480
   850:     8488.420     8490.180     8490.360     8494.060     8494.570
   855:     8498.740     8498.740     8498.740     8498.750     8498.750
   860:     8498.750     8498.750     8498.750     8498.750     8499.580
   865:     8502.750     8503.330     8503.750     8503.750     8508.740
   870:     8508.750     8511.320     8511.360     8516.830     8518.060
   875:     8518.340     8519.220     8521.140     8522.480     8534.560
   880:     8534.560     8534.560     8534.570     8534.570     8534.570
   885:     8534.570     8534.570     8534.570     8536.940     8538.480
   890:     8538.570     8538.770     8539.570     8539.570     8541.710
   895:     8544.560     8544.570     8545.270     8546.780     8548.680
   900:     8549.360     8550.060     8553.840     8553.910     8554.240
   905:     8563.380     8563.380     8563.380     8563.390     8563.390
   910:     8563.390     8563.390     8563.390     8563.390     8564.730
   915:     8567.390     8568.390     8568.390     8569.550     8572.200
   920:     8573.380     8573.390     8577.890     8577.890     8577.890
   925:     8577.900     8577.900     8577.900     8577.900     8577.900
   930:     8577.900     8580.000     8580.000     8580.840     8581.900
   935:     8582.900     8582.900     8584.010     8587.890     8587.900
   940:     8588.050     8589.600     8612.920     8613.290     8645.220
   945:     8647.600     8647.880     8648.200     8656.290     8666.760
   950:     8667.340     8669.630     8677.550     8678.380     8678.560
   955:     8681.720     8681.720     8681.720     8681.730     8681.730
   960:     8681.730     8681.730     8681.730     8681.730     8684.940
   965:     8685.010     8685.730     8686.730     8686.730     8688.250
   970:     8691.020     8691.720     8691.730     8692.560     8709.600
   975:     8711.730     8711.730     8711.730     8711.740     8711.740
   980:     8711.740     8711.740     8711.740     8711.740     8712.810
   985:     8715.740     8716.450     8716.740     8716.740     8719.060
   990:     8721.730     8721.740     8723.190     8726.910     8726.910
   995:     8726.910     8726.920     8726.920     8726.920     8726.920
  1000:     8726.920     8726.920     8728.220     8730.220     8730.870
  1005:     8730.920     8731.920     8731.920     8735.320     8736.910
  1010:     8736.920     8737.320     8737.580     8737.750     8737.790
  1015:     8738.020     8739.230     8745.100     8745.100     8745.100
  1020:     8745.110     8745.110     8745.110     8745.110     8745.110
  1025:     8745.110     8746.900     8749.110     8750.110     8750.110
  1030:     8754.010     8755.100     8755.110     8755.580     8755.950
  1035:     8756.920     8759.430     8759.620     8759.720     8763.750
  1040:     8770.250     8772.180     8818.310     8819.070     8819.420
  1045:     8821.880     8821.940     8823.670     8830.170     8832.930
  1050:     8835.740     8835.860     8836.040     8841.300     8841.550
  1055:     8842.540     8843.650     8850.480     8850.520     8856.890
  1060:     8861.090     8866.100     8866.840     8866.940     8866.970
  1065:     8872.520     9415.720     9472.680     9509.100     9526.590
  1070:     9527.420     9527.570     9529.410     9627.790     9627.900
  1075:     9629.050     9800.420     9801.520     9923.360     9923.680
  1080:    10011.760    10011.940    10012.220    10012.810    10013.740
  1085:    10013.900    10014.720    10016.230    10016.930    10022.260
  1090:    10025.800    10029.750    10034.980    10037.720    10037.890
  1095:    10039.200    10040.100    10040.200    10040.640    10043.740
  1100:    10045.180    10046.420    10048.370    10051.610    10054.080
  1105:    10054.130    10056.110    10057.290    10059.350    10091.030
  1110:    10091.740    10096.050    10101.860    10101.950    10103.190
  1115:    10105.130    10111.100    10122.850    10123.210    10127.130
  1120:    10127.330    10127.380    10128.310    10131.780    10132.540
  1125:    10135.190    10135.300    10136.040    10136.410    10137.200
  1130:    10139.070    10142.810    10142.950    10147.590    10151.600
  1135:    10153.130    10153.160    10156.520    10159.130    10160.580
  1140:    10161.020    10161.290    10161.380    10163.260    10163.470
  1145:    10166.540    10169.940    10169.980    10176.860    10177.600
  1150:    10179.050    10180.910    10181.860    10185.050    10188.140
  1155:    10188.310    10188.720    10190.250    10190.600    10192.120
  1160:    10196.330    10204.140    10452.000    10452.270    10456.110
  1165:    10457.210    10461.570    10462.250    10492.480    10492.630
  1170:    10493.980    10494.400    10496.780    10500.210    10500.210
  1175:    10500.210    10500.220    10500.220    10500.220    10500.220
  1180:    10500.220    10500.220    10501.880    10504.220    10505.220
  1185:    10505.220    10509.130    10510.210    10510.220    10512.620
  1190:    10516.430    10516.430    10516.430    10516.440    10516.440
  1195:    10516.440    10516.440    10516.440    10516.440    10517.950
  1200:    10520.440    10521.440    10521.440    10522.180    10524.640
  1205:    10524.730    10526.430    10526.440    10526.750    10526.830
  1210:    10527.670    10527.700    10528.440    10529.050    10529.090
  1215:    10531.310    10531.650    10544.840    10546.930    10547.520
  1220:    10547.760    10551.700    10551.700    10551.700    10551.710
  1225:    10551.710    10551.710    10551.710    10551.710    10551.710
  1230:    10551.800    10551.800    10552.060    10552.060    10553.120
  1235:    10555.710    10556.710    10556.710    10557.220    10561.700
  1240:    10561.710    10573.430    10575.430    10580.420    10580.420
  1245:    10580.420    10580.430    10580.430    10580.430    10580.430
  1250:    10580.430    10580.430    10581.430    10584.430    10585.430
  1255:    10585.430    10586.320    10589.520    10590.420    10590.420
  1260:    10590.430    10592.390    10594.540    10594.660    10595.740
  1265:    10595.800    10595.940    10596.250    10596.500    10599.450
  1270:    10602.420    10610.550    10622.160    10624.850    10628.940
  1275:    10633.630    10637.000    10642.420    10642.710    10643.250
  1280:    10643.580    10643.730    10645.270    10645.490    10647.530
  1285:    10649.320    10719.740    10723.540    10726.110    10726.780
  1290:    10728.920    10729.490    10729.560    10729.640    10729.920
  1295:    10730.910    10730.950    10732.790    10733.280    10733.300
  1300:    10733.860    10735.000    10741.550    10742.280    10743.910
  1305:    10746.050    10747.870    10748.990    10749.270    10749.690
  1310:    10750.810    10751.600    10753.270    10754.450    10758.140
  1315:    10758.730    10767.160    10775.280    10780.180    10780.210
  1320:    10781.130    10781.250    10781.430    10782.680    10787.920
  1325:    10787.940    10792.160    10800.000
