File: C:\MED-PC\Data\2024-11-05_08h54m_Subject 43.txt


Start Date: 11/05/24
End Date: 11/05/24
Subject: 43
Experiment: OralFentSA
Group: One
Box: 11
Start Time: 08:54:49
End Time: 11:55:00
MSN: 20241014_Golden_Liq_SelfAdmin
F:       0.000
G:    3292.000
H:   10800.000
I:       0.000
J:       0.000
K:       0.000
L:       0.000
M:       0.000
N:       0.000
O:       0.000
P:       0.000
Q:       0.000
R:       0.000
S:       0.000
U:       0.000
V:       0.000
W:       0.000
X:       0.000
Y:       0.000
Z:       0.000
A:
     0:        0.000        0.000      180.000        4.000        0.000
     5:        5.000        0.000        5.000        0.000        0.000
    10:        1.000        0.000       10.000   100000.000       21.000
    15:       12.000      640.000        0.000        0.000        0.000
    20:        0.000
B:
     0:        0.000        0.000        0.000      400.000        0.000
     5:      500.000        0.000      500.000        0.000        0.000
    10:        0.000        0.000     1000.000 10000000.000        0.000
    15:        0.000        0.000        0.000        0.000        0.000
    20:        0.000
C:
     0:       11.000       11.000        1.000       26.000     3108.000
     5:    10797.010        1.020       11.000      233.260       21.205
    10:       26.000        1.000        0.000        0.000        0.000
    15:        0.000        0.000        0.000        0.000        0.000
    20:        0.000
D:
     0:        4.220        6.690       58.820        1.320       19.100
     5:        7.430        3.910        6.170        5.650      118.930
    10:        1.020
E:
     0:       19.000       11.000       26.000       27.000        1.000
     5:        6.000        6.000        6.000        6.000        6.000
    10:        2.000        4.000       22.000       24.000       12.000
    15:       13.000        8.000        5.000       17.000       21.000
    20:       22.000       21.000       22.000       18.000        6.000
    25:        6.000        6.000       14.000       10.000        6.000
    30:       19.000       11.000        6.000        6.000        6.000
    35:        6.000        6.000        6.000        6.000        6.000
    40:        2.000        4.000       22.000       24.000       12.000
    45:       13.000        8.000        5.000       17.000       18.000
    50:       21.000       22.000       21.000       22.000       21.000
    55:       22.000       14.000       10.000        6.000        6.000
    60:       19.000       11.000        6.000        6.000        6.000
    65:        2.000        4.000       22.000       24.000       12.000
    70:       13.000        8.000        5.000       17.000       18.000
    75:       14.000       10.000       19.000       11.000        6.000
    80:        6.000        6.000        6.000        6.000        6.000
    85:        6.000        6.000        6.000        6.000        6.000
    90:        6.000        6.000        6.000        6.000        6.000
    95:        6.000        6.000        6.000        6.000        6.000
   100:        6.000        6.000        6.000        6.000        6.000
   105:        6.000        6.000        6.000        2.000        4.000
   110:       22.000       24.000       12.000       13.000        8.000
   115:        5.000       17.000        6.000        6.000       18.000
   120:       14.000       10.000       19.000       11.000        6.000
   125:        6.000        6.000        6.000        6.000        6.000
   130:        6.000        6.000        6.000        6.000        6.000
   135:        6.000        6.000        6.000        6.000        6.000
   140:        6.000        6.000        6.000        6.000        6.000
   145:        6.000        6.000        6.000        6.000        6.000
   150:        6.000        6.000        6.000        6.000        6.000
   155:        6.000        6.000        2.000        4.000       22.000
   160:       24.000       12.000       13.000        8.000        5.000
   165:       17.000       21.000       22.000       21.000       22.000
   170:       18.000       14.000       10.000       19.000       11.000
   175:        6.000        6.000        6.000        6.000        6.000
   180:        6.000        6.000        6.000        6.000        6.000
   185:        6.000        6.000        6.000        6.000        6.000
   190:        6.000        6.000        6.000        6.000        6.000
   195:        6.000        6.000        6.000        6.000        6.000
   200:        6.000        6.000        6.000        6.000        6.000
   205:        6.000        6.000        6.000        6.000        6.000
   210:        6.000        6.000        6.000        6.000        2.000
   215:        4.000       22.000       24.000       12.000       13.000
   220:        8.000        5.000       17.000       18.000       14.000
   225:       10.000        6.000       19.000       11.000        6.000
   230:        6.000        6.000        6.000        6.000        6.000
   235:        6.000        6.000        6.000        6.000        6.000
   240:        6.000        6.000        2.000        4.000       22.000
   245:       24.000       12.000       13.000        8.000        5.000
   250:       17.000       21.000       22.000       21.000       22.000
   255:       21.000       22.000       21.000       22.000        6.000
   260:       18.000       14.000       10.000        6.000        6.000
   265:        6.000        6.000        6.000        6.000       19.000
   270:       11.000        6.000        6.000        6.000        6.000
   275:        6.000        6.000        6.000        6.000        6.000
   280:        6.000        6.000        6.000        6.000        6.000
   285:        6.000        6.000        6.000        6.000        6.000
   290:        6.000        6.000        6.000        6.000        6.000
   295:        6.000        6.000        6.000        6.000        6.000
   300:        6.000        6.000        6.000        6.000        6.000
   305:        6.000        6.000        6.000        6.000        6.000
   310:        6.000        6.000        6.000        6.000        6.000
   315:        6.000        6.000        6.000        6.000        6.000
   320:        6.000        6.000        6.000        6.000        6.000
   325:        6.000        6.000        6.000        6.000        6.000
   330:        6.000        6.000        6.000        6.000        6.000
   335:        6.000        6.000        6.000        6.000        6.000
   340:        6.000        6.000        6.000        6.000        6.000
   345:        6.000        6.000        6.000        6.000        6.000
   350:        6.000        6.000        6.000        6.000        6.000
   355:        6.000        6.000        6.000        6.000        6.000
   360:        6.000        6.000        6.000        6.000        6.000
   365:        6.000        6.000        6.000        6.000        6.000
   370:        6.000        6.000        6.000        6.000        6.000
   375:        6.000        6.000        6.000        6.000        6.000
   380:        6.000        6.000        6.000        6.000        6.000
   385:        6.000        6.000        6.000        6.000        6.000
   390:        6.000        6.000        6.000        6.000        6.000
   395:        6.000        6.000        6.000        6.000        6.000
   400:        6.000        6.000        6.000        6.000        6.000
   405:        6.000        6.000        6.000        6.000        6.000
   410:        6.000        6.000        6.000        6.000        6.000
   415:        6.000        6.000        6.000        6.000        6.000
   420:        6.000        6.000        6.000        6.000        6.000
   425:        6.000        6.000        6.000        6.000        6.000
   430:        6.000        6.000        6.000        6.000        6.000
   435:        6.000        6.000        6.000        6.000        6.000
   440:        6.000        6.000        6.000        6.000        6.000
   445:        6.000        6.000        6.000        6.000        6.000
   450:        6.000        6.000        6.000        6.000        6.000
   455:        6.000        6.000        6.000        6.000        6.000
   460:        6.000        6.000        6.000        6.000        6.000
   465:        6.000        6.000        6.000        6.000        6.000
   470:        6.000        6.000        6.000        6.000        6.000
   475:        6.000        6.000        6.000        6.000        6.000
   480:        6.000        6.000        6.000        6.000        6.000
   485:        6.000        6.000        6.000        6.000        6.000
   490:        6.000        6.000        6.000        6.000        6.000
   495:        6.000        6.000        6.000        6.000        6.000
   500:        6.000        6.000        6.000        6.000        6.000
   505:        6.000        6.000        6.000        6.000        6.000
   510:        6.000        6.000        6.000        6.000        6.000
   515:        6.000        6.000        6.000        6.000        6.000
   520:        6.000        6.000        6.000        6.000        6.000
   525:        6.000        6.000        6.000        6.000        6.000
   530:        6.000        6.000        6.000        6.000        6.000
   535:        6.000        6.000        6.000        6.000        6.000
   540:        6.000        6.000        6.000        6.000        6.000
   545:        6.000        6.000        6.000        6.000        6.000
   550:        6.000        6.000        6.000        6.000        6.000
   555:        6.000        6.000        6.000        6.000        6.000
   560:        6.000        6.000        6.000        6.000        6.000
   565:        6.000        6.000        6.000        6.000        6.000
   570:        6.000        6.000        6.000        6.000        6.000
   575:        6.000        6.000        6.000        6.000        6.000
   580:        6.000        6.000        6.000        6.000        6.000
   585:        6.000        6.000        6.000        6.000        6.000
   590:        6.000        6.000        6.000        6.000        6.000
   595:        6.000        6.000        6.000        6.000        6.000
   600:        6.000        6.000        6.000        6.000        6.000
   605:        6.000        6.000        6.000        6.000        6.000
   610:        6.000        6.000        6.000        6.000        6.000
   615:        6.000        6.000        6.000        6.000        6.000
   620:        6.000        6.000        6.000        6.000        6.000
   625:        6.000        6.000        6.000        6.000        6.000
   630:        6.000        6.000        6.000        6.000        6.000
   635:        6.000        6.000        6.000        6.000        6.000
   640:        6.000        6.000        6.000        6.000        6.000
   645:        6.000        6.000        6.000        6.000        6.000
   650:        6.000        6.000        6.000        6.000        6.000
   655:        6.000        6.000        6.000        6.000        6.000
   660:        6.000        6.000        6.000        6.000        6.000
   665:        6.000        6.000        6.000        6.000        6.000
   670:        6.000        6.000        6.000        6.000        6.000
   675:        6.000        6.000        6.000        6.000        6.000
   680:        6.000        6.000        6.000        6.000        6.000
   685:        6.000        6.000        6.000        6.000        6.000
   690:        6.000        6.000        6.000        6.000        6.000
   695:        6.000        6.000        6.000        6.000        6.000
   700:        6.000        6.000        6.000        6.000        6.000
   705:        6.000        6.000        6.000        6.000        6.000
   710:        6.000        6.000        6.000        6.000        6.000
   715:        6.000        6.000        6.000        6.000        6.000
   720:        6.000        6.000        6.000        6.000        6.000
   725:        6.000        6.000        6.000        6.000        6.000
   730:        6.000        6.000        6.000        6.000        6.000
   735:        6.000        6.000        6.000        6.000        6.000
   740:        6.000        6.000        6.000        6.000        6.000
   745:        6.000        6.000        6.000        6.000        6.000
   750:        6.000        6.000        6.000        6.000        6.000
   755:        6.000        6.000        6.000        6.000        6.000
   760:        6.000        6.000        6.000        6.000        6.000
   765:        6.000        6.000        6.000        6.000        6.000
   770:        6.000        6.000        6.000        6.000        6.000
   775:        6.000        6.000        6.000        6.000        6.000
   780:        6.000        6.000        6.000        6.000        6.000
   785:        6.000        6.000        6.000        6.000        6.000
   790:        6.000        6.000        6.000        6.000        6.000
   795:        6.000        6.000        6.000        6.000        6.000
   800:        6.000        6.000        6.000        6.000        6.000
   805:        6.000        6.000        6.000        6.000        6.000
   810:        6.000        6.000        6.000        6.000        6.000
   815:        6.000        6.000        6.000        6.000        6.000
   820:        6.000        6.000        6.000        6.000        6.000
   825:        6.000        6.000        6.000        6.000        6.000
   830:        6.000        6.000        6.000        6.000        6.000
   835:        6.000        6.000        6.000        6.000        6.000
   840:        6.000        6.000        6.000        6.000        6.000
   845:        6.000        6.000        6.000        6.000        6.000
   850:        6.000        6.000        6.000        6.000        6.000
   855:        6.000        6.000        6.000        6.000        6.000
   860:        6.000        6.000        6.000        6.000        6.000
   865:        6.000        6.000        6.000        6.000        6.000
   870:        6.000        6.000        6.000        6.000        6.000
   875:        6.000        6.000        6.000        6.000        6.000
   880:        6.000        6.000        6.000        6.000        6.000
   885:        6.000        6.000        6.000        6.000        6.000
   890:        6.000        6.000        6.000        6.000        6.000
   895:        6.000        6.000        6.000        6.000        6.000
   900:        6.000        6.000        6.000        6.000        6.000
   905:        6.000        6.000        6.000        6.000        6.000
   910:        6.000        6.000        6.000        6.000        6.000
   915:        6.000        6.000        6.000        6.000        6.000
   920:        6.000        6.000        6.000        6.000        6.000
   925:        6.000        6.000        6.000        6.000        6.000
   930:        6.000        6.000        6.000        6.000        6.000
   935:        6.000        6.000        6.000        6.000        6.000
   940:        6.000        6.000        6.000        6.000        6.000
   945:        6.000        6.000        6.000        6.000        6.000
   950:        6.000        6.000        6.000        6.000        6.000
   955:        6.000        6.000        6.000        6.000        6.000
   960:        6.000        6.000        6.000        6.000        6.000
   965:        6.000        6.000        6.000        6.000        6.000
   970:        6.000        6.000        6.000        6.000        6.000
   975:        6.000        6.000        6.000        6.000        6.000
   980:        6.000        6.000        6.000        6.000        6.000
   985:        6.000        6.000        6.000        6.000        6.000
   990:        6.000        6.000        6.000        6.000        6.000
   995:        6.000        6.000        6.000        6.000        6.000
  1000:        6.000        6.000        6.000        6.000        6.000
  1005:        6.000        6.000        6.000        6.000        6.000
  1010:        6.000        6.000        6.000        6.000        6.000
  1015:        6.000        6.000        6.000        6.000        6.000
  1020:        6.000        6.000        6.000        6.000        6.000
  1025:        6.000        6.000        6.000        6.000        6.000
  1030:        6.000        6.000        6.000        6.000        6.000
  1035:        6.000        6.000        6.000        6.000        6.000
  1040:        6.000        6.000        6.000        6.000        6.000
  1045:        6.000        6.000        6.000        6.000        6.000
  1050:        6.000        6.000        6.000        6.000        6.000
  1055:        6.000        6.000        6.000        6.000        6.000
  1060:        6.000        6.000        6.000        6.000        6.000
  1065:        6.000        6.000        6.000        6.000        6.000
  1070:        6.000        6.000        6.000        6.000        6.000
  1075:        6.000        6.000        6.000        6.000        6.000
  1080:        6.000        6.000        6.000        6.000        6.000
  1085:        6.000        6.000        6.000        6.000        6.000
  1090:        6.000        6.000        6.000        6.000        6.000
  1095:        6.000        6.000        6.000        6.000        6.000
  1100:        6.000        6.000        6.000        6.000        6.000
  1105:        6.000        6.000        6.000        6.000        6.000
  1110:        6.000        6.000        6.000        6.000        6.000
  1115:        6.000        6.000        6.000        6.000        6.000
  1120:        6.000        6.000        6.000        6.000        6.000
  1125:        6.000        6.000        6.000        6.000        6.000
  1130:        6.000        6.000        6.000        6.000        6.000
  1135:        6.000        6.000        6.000        6.000        6.000
  1140:        6.000        6.000        6.000        6.000        6.000
  1145:        6.000        6.000        6.000        6.000        6.000
  1150:        6.000        6.000        6.000        6.000        6.000
  1155:        6.000        6.000        6.000        6.000        6.000
  1160:        6.000        6.000        6.000        6.000        6.000
  1165:        6.000        6.000        6.000        6.000        6.000
  1170:        6.000        6.000        6.000        6.000        6.000
  1175:        6.000        6.000        6.000        6.000        6.000
  1180:        6.000        6.000        6.000        6.000        6.000
  1185:        6.000        6.000        6.000        6.000        6.000
  1190:        6.000        6.000        2.000        4.000       22.000
  1195:       24.000       12.000       13.000        8.000        5.000
  1200:       17.000       18.000       14.000       10.000        6.000
  1205:        6.000       19.000       11.000        6.000        6.000
  1210:        6.000        6.000        6.000        6.000        6.000
  1215:        6.000        6.000        6.000        6.000        6.000
  1220:        6.000        6.000        6.000        6.000        6.000
  1225:        6.000        6.000        6.000        6.000        6.000
  1230:        6.000        6.000        6.000        6.000        6.000
  1235:        6.000        6.000        6.000        6.000        6.000
  1240:        6.000        6.000        6.000        6.000        6.000
  1245:        6.000        6.000        6.000        6.000        6.000
  1250:        6.000        6.000        6.000        6.000        6.000
  1255:        6.000        6.000        6.000        6.000        6.000
  1260:        6.000        6.000        6.000        6.000        6.000
  1265:        6.000        6.000        6.000        6.000        6.000
  1270:        6.000        6.000        6.000        6.000        6.000
  1275:        6.000        6.000        6.000        6.000        6.000
  1280:        6.000        6.000        6.000        6.000        6.000
  1285:        6.000        6.000        6.000        6.000        6.000
  1290:        6.000        6.000        6.000        6.000        6.000
  1295:        6.000        6.000        6.000        6.000        6.000
  1300:        6.000        6.000        6.000        6.000        6.000
  1305:        6.000        6.000        6.000        6.000        6.000
  1310:        6.000        6.000        6.000        6.000        6.000
  1315:        6.000        6.000        6.000        6.000        6.000
  1320:        6.000        6.000        6.000        6.000        6.000
  1325:        6.000        6.000        6.000        6.000        6.000
  1330:        6.000        6.000        6.000        6.000        6.000
  1335:        6.000        6.000        6.000        6.000        6.000
  1340:        6.000        6.000        6.000        6.000        6.000
  1345:        6.000        6.000        6.000        6.000        6.000
  1350:        6.000        6.000        6.000        6.000        6.000
  1355:        6.000        6.000        6.000        6.000        6.000
  1360:        6.000        6.000        6.000        6.000        6.000
  1365:        6.000        6.000        6.000        6.000        6.000
  1370:        6.000        6.000        6.000        6.000        6.000
  1375:        6.000        6.000        6.000        6.000        6.000
  1380:        6.000        6.000        6.000        6.000        6.000
  1385:        6.000        6.000        6.000        6.000        6.000
  1390:        6.000        6.000        6.000        6.000        6.000
  1395:        6.000        6.000        6.000        6.000        6.000
  1400:        6.000        6.000        6.000        6.000        6.000
  1405:        6.000        6.000        6.000        6.000        6.000
  1410:        6.000        6.000        6.000        6.000        6.000
  1415:        6.000        6.000        6.000        6.000        6.000
  1420:        6.000        6.000        6.000        6.000        6.000
  1425:        6.000        6.000        6.000        6.000        6.000
  1430:        6.000        6.000        6.000        6.000        6.000
  1435:        6.000        6.000        6.000        6.000        6.000
  1440:        6.000        6.000        6.000        6.000        6.000
  1445:        6.000        6.000        6.000        6.000        6.000
  1450:        6.000        6.000        6.000        6.000        6.000
  1455:        6.000        6.000        6.000        6.000        6.000
  1460:        6.000        6.000        6.000        6.000        6.000
  1465:        6.000        6.000        6.000        6.000        6.000
  1470:        6.000        6.000        6.000        6.000        6.000
  1475:        6.000        6.000        6.000        6.000        6.000
  1480:        6.000        6.000        6.000        6.000        6.000
  1485:        6.000        6.000        6.000        6.000        6.000
  1490:        6.000        6.000        6.000        6.000        6.000
  1495:        6.000        6.000        6.000        6.000        6.000
  1500:        6.000        6.000        6.000        6.000        6.000
  1505:        6.000        6.000        6.000        6.000        6.000
  1510:        6.000        6.000        6.000        6.000        6.000
  1515:        6.000        6.000        6.000        6.000        6.000
  1520:        6.000        6.000        6.000        6.000        6.000
  1525:        6.000        6.000        6.000        6.000        6.000
  1530:        6.000        6.000        6.000        6.000        6.000
  1535:        6.000        6.000        6.000        6.000        6.000
  1540:        6.000        6.000        6.000        6.000        6.000
  1545:        6.000        6.000        6.000        6.000        6.000
  1550:        6.000        6.000        6.000        6.000        6.000
  1555:        6.000        6.000        6.000        6.000        6.000
  1560:        6.000        6.000        6.000        6.000        6.000
  1565:        6.000        6.000        6.000        6.000        6.000
  1570:        6.000        6.000        6.000        6.000        6.000
  1575:        6.000        6.000        6.000        6.000        6.000
  1580:        6.000        6.000        6.000        6.000        6.000
  1585:        6.000        6.000        6.000        6.000        6.000
  1590:        6.000        6.000        6.000        6.000        6.000
  1595:        6.000        6.000        6.000        6.000        6.000
  1600:        6.000        6.000        6.000        6.000        6.000
  1605:        6.000        6.000        6.000        6.000        6.000
  1610:        6.000        6.000        6.000        6.000        6.000
  1615:        6.000        6.000        6.000        6.000        6.000
  1620:        6.000        6.000        6.000        6.000        6.000
  1625:        6.000        6.000        6.000        6.000        6.000
  1630:        6.000        6.000        6.000        6.000        6.000
  1635:        6.000        6.000        6.000        6.000        6.000
  1640:        6.000        6.000        6.000        6.000        6.000
  1645:        6.000        6.000        6.000        6.000        6.000
  1650:        6.000        6.000        6.000        6.000        6.000
  1655:        6.000        6.000        6.000        6.000        6.000
  1660:        6.000        6.000        6.000        6.000        6.000
  1665:        6.000        6.000        6.000        6.000        6.000
  1670:        6.000        6.000        6.000        6.000        6.000
  1675:        6.000        6.000        6.000        6.000        6.000
  1680:        6.000        6.000        6.000        6.000        6.000
  1685:        6.000        6.000        6.000        6.000        6.000
  1690:        6.000        6.000        6.000        6.000        6.000
  1695:        6.000        6.000        6.000        6.000        6.000
  1700:        6.000        6.000        6.000        6.000        6.000
  1705:        6.000        6.000        6.000        6.000        6.000
  1710:        6.000        6.000        6.000        6.000        6.000
  1715:        6.000        6.000        6.000        6.000        6.000
  1720:        6.000        6.000        6.000        6.000        6.000
  1725:        6.000        6.000        6.000        6.000        6.000
  1730:        6.000        6.000        6.000        6.000        6.000
  1735:        6.000        6.000        6.000        6.000        6.000
  1740:        6.000        6.000        6.000        6.000        6.000
  1745:        6.000        6.000        6.000        6.000        6.000
  1750:        6.000        6.000        6.000        6.000        6.000
  1755:        6.000        6.000        6.000        6.000        6.000
  1760:        6.000        6.000        6.000        6.000        6.000
  1765:        6.000        6.000        6.000        6.000        6.000
  1770:        6.000        6.000        6.000        6.000        6.000
  1775:        6.000        6.000        6.000        6.000        6.000
  1780:        6.000        6.000        6.000        6.000        6.000
  1785:        6.000        6.000        6.000        6.000        6.000
  1790:        6.000        6.000        6.000        6.000        6.000
  1795:        6.000        6.000        6.000        6.000        6.000
  1800:        6.000        6.000        6.000        6.000        6.000
  1805:        6.000        6.000        6.000        6.000        6.000
  1810:        6.000        6.000        6.000        6.000        6.000
  1815:        6.000        6.000        6.000        6.000        6.000
  1820:        6.000        6.000        6.000        6.000        6.000
  1825:        6.000        6.000        6.000        6.000        6.000
  1830:        6.000        6.000        6.000        6.000        6.000
  1835:        6.000        6.000        6.000        6.000        6.000
  1840:        6.000        6.000        6.000        6.000        6.000
  1845:        6.000        6.000        6.000        6.000        6.000
  1850:        6.000        6.000        6.000        6.000        6.000
  1855:        6.000        6.000        6.000        6.000        6.000
  1860:        6.000        6.000        6.000        6.000        6.000
  1865:        6.000        6.000        6.000        6.000        6.000
  1870:        6.000        6.000        6.000        6.000        6.000
  1875:        6.000        6.000        6.000        6.000        6.000
  1880:        6.000        6.000        6.000        6.000        6.000
  1885:        6.000        6.000        6.000        6.000        6.000
  1890:        6.000        6.000        6.000        6.000        6.000
  1895:        6.000        6.000        6.000        6.000        6.000
  1900:        6.000        6.000        6.000        6.000        6.000
  1905:        6.000        6.000        6.000        6.000        6.000
  1910:        6.000        6.000        6.000        6.000        6.000
  1915:        6.000        6.000        6.000        6.000        6.000
  1920:        6.000        6.000        6.000        6.000        6.000
  1925:        6.000        6.000        6.000        6.000        6.000
  1930:        6.000        6.000        6.000        6.000        6.000
  1935:        6.000        6.000        6.000        6.000        6.000
  1940:        6.000        6.000        6.000        6.000        6.000
  1945:        6.000        6.000        6.000        6.000        6.000
  1950:        6.000        6.000        6.000        6.000        6.000
  1955:        6.000        6.000        6.000        6.000        6.000
  1960:        6.000        6.000        6.000        6.000        6.000
  1965:        6.000        6.000        6.000        6.000        6.000
  1970:        6.000        6.000        6.000        6.000        6.000
  1975:        6.000        6.000        6.000        6.000        6.000
  1980:        6.000        6.000        6.000        6.000        6.000
  1985:        6.000        6.000        6.000        6.000        6.000
  1990:        6.000        6.000        6.000        6.000        6.000
  1995:        6.000        6.000        6.000        6.000        6.000
  2000:        6.000        6.000        6.000        6.000        6.000
  2005:        6.000        6.000        6.000        6.000        6.000
  2010:        6.000        6.000        6.000        6.000        6.000
  2015:        6.000        6.000        6.000        6.000        6.000
  2020:        6.000        6.000        6.000        6.000        6.000
  2025:        6.000        6.000        6.000        6.000        6.000
  2030:        6.000        6.000        6.000        6.000        6.000
  2035:        6.000        6.000        6.000        6.000        6.000
  2040:        6.000        6.000        6.000        6.000        6.000
  2045:        6.000        6.000        6.000        6.000        6.000
  2050:        6.000        6.000        6.000        6.000        6.000
  2055:        6.000        6.000        6.000        6.000        6.000
  2060:        6.000        6.000        6.000        6.000        6.000
  2065:        6.000        6.000        6.000        6.000        6.000
  2070:        6.000        6.000        6.000        6.000        6.000
  2075:        6.000        6.000        6.000        6.000        6.000
  2080:        6.000        6.000        6.000        6.000        6.000
  2085:        6.000        6.000        6.000        6.000        6.000
  2090:        6.000        6.000        6.000        6.000        6.000
  2095:        6.000        6.000        6.000        6.000        6.000
  2100:        6.000        6.000        6.000        6.000        6.000
  2105:        6.000        6.000        6.000        6.000        6.000
  2110:        6.000        6.000        6.000        6.000        6.000
  2115:        6.000        6.000        6.000        6.000        6.000
  2120:        6.000        6.000        6.000        6.000        6.000
  2125:        6.000        6.000        6.000        6.000        6.000
  2130:        6.000        6.000        6.000        6.000        6.000
  2135:        6.000        6.000        6.000        6.000        6.000
  2140:        6.000        6.000        6.000        6.000        6.000
  2145:        6.000        6.000        6.000        6.000        6.000
  2150:        6.000        6.000        6.000        6.000        6.000
  2155:        6.000        6.000        6.000        6.000        6.000
  2160:        6.000        6.000        6.000        6.000        6.000
  2165:        6.000        6.000        6.000        6.000        6.000
  2170:        6.000        6.000        6.000        6.000        6.000
  2175:        6.000        6.000        6.000        6.000        6.000
  2180:        6.000        6.000        6.000        6.000        6.000
  2185:        6.000        6.000        6.000        6.000        6.000
  2190:        6.000        6.000        6.000        6.000        6.000
  2195:        6.000        6.000        6.000        6.000        6.000
  2200:        6.000        6.000        6.000        6.000        6.000
  2205:        6.000        6.000        6.000        6.000        6.000
  2210:        6.000        6.000        6.000        6.000        6.000
  2215:        6.000        6.000        6.000        6.000        6.000
  2220:        6.000        6.000        6.000        6.000        6.000
  2225:        6.000        6.000        6.000        6.000        6.000
  2230:        6.000        6.000        6.000        6.000        6.000
  2235:        6.000        6.000        6.000        6.000        6.000
  2240:        6.000        6.000        6.000        6.000        6.000
  2245:        6.000        6.000        6.000        6.000        6.000
  2250:        6.000        6.000        6.000        6.000        6.000
  2255:        6.000        6.000        6.000        6.000        6.000
  2260:        6.000        6.000        6.000        6.000        6.000
  2265:        6.000        6.000        6.000        6.000        6.000
  2270:        6.000        6.000        6.000        6.000        6.000
  2275:        6.000        6.000        6.000        6.000        6.000
  2280:        6.000        6.000        6.000        6.000        6.000
  2285:        6.000        6.000        6.000        6.000        6.000
  2290:        6.000        6.000        6.000        6.000        6.000
  2295:        6.000        6.000        6.000        6.000        6.000
  2300:        6.000        6.000        6.000        6.000        6.000
  2305:        6.000        6.000        6.000        6.000        6.000
  2310:        6.000        6.000        6.000        6.000        6.000
  2315:        6.000        6.000        6.000        6.000        6.000
  2320:        6.000        6.000        6.000        6.000        6.000
  2325:        6.000        6.000        6.000        6.000        6.000
  2330:        6.000        6.000        6.000        6.000        6.000
  2335:        6.000        6.000        6.000        6.000        6.000
  2340:        6.000        6.000        6.000        6.000        6.000
  2345:        6.000        6.000        6.000        6.000        6.000
  2350:        6.000        6.000        6.000        6.000        6.000
  2355:        6.000        6.000        6.000        6.000        6.000
  2360:        6.000        6.000        6.000        6.000        6.000
  2365:        6.000        6.000        6.000        6.000        6.000
  2370:        6.000        6.000        6.000        6.000        6.000
  2375:        6.000        6.000        6.000        6.000        6.000
  2380:        6.000        6.000        6.000        6.000        6.000
  2385:        6.000        6.000        6.000        6.000        6.000
  2390:        6.000        6.000        6.000        6.000        6.000
  2395:        6.000        6.000        6.000        6.000        6.000
  2400:        6.000        6.000        6.000        6.000        6.000
  2405:        6.000        6.000        6.000        6.000        6.000
  2410:        6.000        6.000        6.000        6.000        6.000
  2415:        6.000        6.000        6.000        6.000        6.000
  2420:        6.000        6.000        6.000        6.000        6.000
  2425:        6.000        6.000        6.000        6.000        6.000
  2430:        6.000        6.000        6.000        6.000        6.000
  2435:        6.000        6.000        6.000        6.000        6.000
  2440:        6.000        6.000        6.000        6.000        6.000
  2445:        6.000        6.000        6.000        6.000        6.000
  2450:        6.000        6.000        6.000        6.000        6.000
  2455:        6.000        6.000        6.000        6.000        6.000
  2460:        6.000        6.000        6.000        6.000        6.000
  2465:        6.000        6.000        6.000        6.000        6.000
  2470:        6.000        6.000        6.000        6.000        6.000
  2475:        6.000        6.000        6.000        6.000        6.000
  2480:        6.000        6.000        6.000        6.000        6.000
  2485:        6.000        6.000        6.000        2.000        4.000
  2490:       22.000       24.000       12.000       13.000        8.000
  2495:        5.000       17.000       18.000       14.000       10.000
  2500:        6.000       19.000       11.000        6.000        6.000
  2505:        6.000        6.000        6.000        6.000        6.000
  2510:        6.000        6.000        6.000        6.000        6.000
  2515:        6.000        6.000        6.000        6.000        6.000
  2520:        6.000        6.000        6.000        6.000        6.000
  2525:        6.000        6.000        6.000        6.000        6.000
  2530:        6.000        6.000        6.000        6.000        6.000
  2535:        6.000        6.000        6.000        6.000        6.000
  2540:        6.000        6.000        6.000        6.000        6.000
  2545:        6.000        6.000        6.000        6.000        6.000
  2550:        6.000        6.000        6.000        6.000        6.000
  2555:        6.000        6.000        6.000        6.000        6.000
  2560:        6.000        6.000        6.000        6.000        6.000
  2565:        6.000        6.000        6.000        6.000        6.000
  2570:        6.000        6.000        6.000        6.000        6.000
  2575:        6.000        6.000        6.000        6.000        6.000
  2580:        6.000        6.000        6.000        6.000        6.000
  2585:        6.000        6.000        6.000        6.000        6.000
  2590:        6.000        6.000        6.000        6.000        6.000
  2595:        6.000        6.000        6.000        6.000        6.000
  2600:        6.000        6.000        6.000        6.000        6.000
  2605:        6.000        6.000        6.000        6.000        6.000
  2610:        6.000        6.000        6.000        6.000        6.000
  2615:        6.000        6.000        6.000        6.000        6.000
  2620:        6.000        6.000        6.000        6.000        6.000
  2625:        6.000        6.000        6.000        6.000        6.000
  2630:        6.000        6.000        6.000        6.000        6.000
  2635:        6.000        6.000        6.000        6.000        6.000
  2640:        6.000        6.000        6.000        6.000        6.000
  2645:        6.000        6.000        6.000        6.000        6.000
  2650:        6.000        6.000        6.000        6.000        6.000
  2655:        6.000        6.000        6.000        6.000        6.000
  2660:        6.000        6.000        6.000        6.000        6.000
  2665:        6.000        6.000        6.000        6.000        6.000
  2670:        6.000        6.000        6.000        6.000        6.000
  2675:        6.000        6.000        6.000        6.000        6.000
  2680:        6.000        6.000        6.000        6.000        6.000
  2685:        6.000        6.000        6.000        6.000        6.000
  2690:        6.000        6.000        6.000        6.000        6.000
  2695:        6.000        6.000        6.000        6.000        6.000
  2700:        6.000        6.000        6.000        6.000        6.000
  2705:        6.000        6.000        6.000        6.000        6.000
  2710:        6.000        6.000        6.000        6.000        6.000
  2715:        6.000        6.000        6.000        6.000        6.000
  2720:        6.000        6.000        6.000        6.000        6.000
  2725:        6.000        6.000        6.000        6.000        6.000
  2730:        6.000        6.000        6.000        6.000        6.000
  2735:        6.000        6.000        6.000        6.000        6.000
  2740:        6.000        6.000        6.000        6.000        6.000
  2745:        6.000        6.000        6.000        6.000        6.000
  2750:        6.000        6.000        6.000        6.000        6.000
  2755:        6.000        6.000        6.000        6.000        6.000
  2760:        6.000        6.000        6.000        6.000        6.000
  2765:        6.000        6.000        6.000        6.000        6.000
  2770:        6.000        6.000        6.000        6.000        6.000
  2775:        6.000        6.000        6.000        6.000        6.000
  2780:        6.000        6.000        6.000        6.000        6.000
  2785:        6.000        6.000        6.000        6.000        6.000
  2790:        6.000        6.000        6.000        6.000        6.000
  2795:        6.000        6.000        6.000        6.000        6.000
  2800:        6.000        6.000        6.000        6.000        6.000
  2805:        6.000        6.000        6.000        6.000        6.000
  2810:        6.000        6.000        6.000        6.000        6.000
  2815:        6.000        6.000        6.000        6.000        6.000
  2820:        6.000        6.000        6.000        6.000        6.000
  2825:        6.000        6.000        6.000        6.000        6.000
  2830:        6.000        6.000        6.000        6.000        6.000
  2835:        6.000        6.000        6.000        6.000        6.000
  2840:        6.000        6.000        6.000        6.000        6.000
  2845:        6.000        6.000        6.000        6.000        6.000
  2850:        6.000        6.000        6.000        6.000        6.000
  2855:        6.000        6.000        6.000        6.000        6.000
  2860:        6.000        6.000        6.000        6.000        6.000
  2865:        6.000        6.000        6.000        6.000        6.000
  2870:        6.000        6.000        6.000        6.000        6.000
  2875:        6.000        6.000        6.000        6.000        6.000
  2880:        6.000        6.000        6.000        6.000        6.000
  2885:        6.000        6.000        6.000        6.000        6.000
  2890:        6.000        6.000        6.000        6.000        6.000
  2895:        6.000        6.000        6.000        6.000        6.000
  2900:        6.000        6.000        6.000        6.000        6.000
  2905:        6.000        6.000        6.000        6.000        6.000
  2910:        6.000        6.000        6.000        6.000        6.000
  2915:        6.000        6.000        6.000        6.000        6.000
  2920:        6.000        6.000        6.000        6.000        6.000
  2925:        6.000        6.000        6.000        6.000        6.000
  2930:        6.000        6.000        6.000        6.000        6.000
  2935:        6.000        6.000        6.000        6.000        6.000
  2940:        6.000        6.000        6.000        6.000        6.000
  2945:        6.000        6.000        6.000        6.000        6.000
  2950:        6.000        6.000        6.000        6.000        6.000
  2955:        6.000        6.000        6.000        6.000        6.000
  2960:        6.000        6.000        6.000        6.000        6.000
  2965:        6.000        6.000        6.000        6.000        6.000
  2970:        6.000        6.000        6.000        6.000        6.000
  2975:        6.000        6.000        6.000        6.000        6.000
  2980:        6.000        6.000        6.000        6.000        6.000
  2985:        6.000        6.000        6.000        6.000        6.000
  2990:        6.000        6.000        6.000        6.000        6.000
  2995:        6.000        6.000        6.000        6.000        6.000
  3000:        6.000        6.000        6.000        6.000        6.000
  3005:        6.000        6.000        6.000        6.000        6.000
  3010:        6.000        6.000        6.000        6.000        6.000
  3015:        6.000        6.000        6.000        6.000        6.000
  3020:        6.000        6.000        6.000        6.000        6.000
  3025:        6.000        6.000        6.000        6.000        6.000
  3030:        6.000        6.000        6.000        6.000        6.000
  3035:        6.000        6.000        6.000        6.000        6.000
  3040:        6.000        6.000        6.000        6.000        6.000
  3045:        6.000        6.000        6.000        6.000        6.000
  3050:        6.000        6.000        6.000        6.000        6.000
  3055:        6.000        6.000        6.000        6.000        6.000
  3060:        6.000        6.000        6.000        6.000        6.000
  3065:        6.000        6.000        6.000        6.000        6.000
  3070:        6.000        6.000        6.000        6.000        6.000
  3075:        6.000        6.000        6.000        6.000        6.000
  3080:        6.000        6.000        6.000        6.000        6.000
  3085:        6.000        6.000        6.000        6.000        6.000
  3090:        6.000        6.000        6.000        6.000        6.000
  3095:        6.000        6.000        6.000        6.000        6.000
  3100:        6.000        6.000        6.000        6.000        6.000
  3105:        6.000        6.000        6.000        6.000        6.000
  3110:        6.000        6.000        6.000        6.000        6.000
  3115:        6.000        6.000        6.000        6.000        6.000
  3120:        6.000        6.000        6.000        6.000        6.000
  3125:        6.000        6.000        6.000        6.000        6.000
  3130:        6.000        6.000        6.000        6.000        6.000
  3135:        6.000        6.000        6.000        6.000        6.000
  3140:        6.000        6.000        6.000        6.000        6.000
  3145:        6.000        6.000        6.000        6.000        6.000
  3150:        6.000        6.000        6.000        6.000        6.000
  3155:        6.000        6.000        6.000        6.000        6.000
  3160:        6.000        6.000        6.000        6.000        6.000
  3165:        6.000        6.000        6.000        6.000        6.000
  3170:        6.000        6.000        6.000        6.000        6.000
  3175:        6.000        6.000        6.000        6.000        6.000
  3180:        6.000        6.000        6.000        6.000        6.000
  3185:        6.000        6.000        6.000        6.000        6.000
  3190:        6.000        6.000        6.000        6.000        6.000
  3195:        6.000        6.000        6.000        6.000        6.000
  3200:        6.000        6.000        6.000        6.000        6.000
  3205:        6.000        6.000        6.000        6.000        6.000
  3210:        6.000        6.000        6.000        6.000        6.000
  3215:        6.000        6.000        6.000        6.000        6.000
  3220:        2.000        4.000       22.000       24.000       12.000
  3225:       13.000        8.000        5.000       17.000       21.000
  3230:       22.000       21.000       22.000       21.000       22.000
  3235:       18.000       14.000       10.000       19.000       11.000
  3240:        6.000        6.000        6.000        6.000        6.000
  3245:        6.000        6.000        6.000        6.000        6.000
  3250:        6.000        6.000        6.000        6.000        6.000
  3255:        6.000        6.000        6.000        6.000        6.000
  3260:        6.000        6.000        6.000        6.000        6.000
  3265:        6.000        6.000        6.000        6.000        6.000
  3270:        6.000        6.000        6.000        6.000        6.000
  3275:        6.000        6.000        6.000        6.000        6.000
  3280:        2.000        4.000       22.000       24.000       12.000
  3285:       13.000        8.000        5.000       17.000       21.000
  3290:       22.000        6.000      100.000
T:
     0:        0.000        0.000        0.000        0.000       29.840
     5:       50.030       51.410       51.970       58.560       59.360
    10:       62.820       62.820       62.820       62.830       62.830
    15:       62.830       62.830       62.830       62.830       63.000
    20:       63.000       63.280       63.280       66.830       67.050
    25:       67.590       67.710       67.830       67.830       70.790
    30:       72.820       72.830       75.220       76.670       84.120
    35:       88.620       89.120       90.810       92.790       93.850
    40:      101.720      101.720      101.720      101.730      101.730
    45:      101.730      101.730      101.730      101.730      105.730
    50:      105.740      105.740      106.420      106.420      106.680
    55:      106.680      106.730      106.730      108.420      111.320
    60:      111.720      111.730      113.210      115.000      117.850
    65:      129.900      129.900      129.900      129.910      129.910
    70:      129.910      129.910      129.910      129.910      133.910
    75:      134.910      134.910      139.900      139.910      188.730
    80:      188.860      198.390      200.900      201.550      201.770
    85:      201.800      204.440      206.230      206.260      206.470
    90:      208.230      208.650      209.520      278.050      390.380
    95:      390.820      418.660      420.000      422.380      424.030
   100:      424.800      428.670      428.770     1426.670     1429.290
   105:     1430.390     1436.110     1438.960     1571.260     1571.260
   110:     1571.260     1571.270     1571.270     1571.270     1571.270
   115:     1571.270     1571.270     1572.590     1573.330     1575.270
   120:     1576.270     1576.270     1581.260     1581.270     1643.020
   125:     1646.810     1741.070     1742.200     1748.020     1749.690
   130:     1749.720     1753.940     1755.000     1906.650     1907.440
   135:     1909.720     1910.400     1912.610     1921.850     1931.750
   140:     1936.700     1938.180     1938.320     4232.890     4237.190
   145:     4238.710     4240.310     4273.370     4281.940     4284.330
   150:     4290.460     4290.520     4291.160     4292.220     4317.750
   155:     4318.790     4320.750     4392.930     4392.930     4392.930
   160:     4392.940     4392.940     4392.940     4392.940     4392.940
   165:     4392.940     4393.610     4393.610     4393.760     4393.760
   170:     4396.940     4397.940     4397.940     4402.930     4402.940
   175:     4412.040     4415.690     4416.940     4420.410     4420.790
   180:     4421.130     4421.200     4421.380     4421.560     4421.660
   185:     4421.820     4422.200     4422.410     4424.080     4425.970
   190:     4426.120     4426.590     4439.660     4439.920     4441.100
   195:     4447.960     4451.240     4452.430     4452.460     4453.370
   200:     4454.410     4454.860     4455.040     4455.150     4457.400
   205:     4458.350     4463.100     4463.620     4464.640     4467.340
   210:     5872.750     5873.010     5899.900     5901.180     5906.700
   215:     5906.700     5906.700     5906.710     5906.710     5906.710
   220:     5906.710     5906.710     5906.710     5910.710     5911.710
   225:     5911.710     5914.140     5916.700     5916.710     5922.720
   230:     5924.600     5926.020     5956.810     5957.870     6002.640
   235:     6014.600     6078.180     6093.630     6093.860     6093.900
   240:     6094.940     6095.950     6102.380     6102.380     6102.380
   245:     6102.390     6102.390     6102.390     6102.390     6102.390
   250:     6102.390     6102.590     6102.590     6102.760     6102.760
   255:     6103.170     6103.170     6103.430     6103.430     6106.300
   260:     6106.390     6107.390     6107.390     6109.530     6109.580
   265:     6109.630     6109.710     6109.870     6109.960     6112.380
   270:     6112.390     6120.940     6122.070     6122.100     6123.020
   275:     6123.240     6123.760     6124.060     6125.160     6127.840
   280:     6239.090     6244.050     6244.410     6244.470     6247.440
   285:     6251.530     6253.090     6256.580     6257.890     6262.400
   290:     6266.320     6266.770     6274.820     6275.480     6279.620
   295:     6280.060     6281.040     6282.660     6286.610     6287.400
   300:     6287.510     6289.600     6290.640     6291.200     6291.720
   305:     6293.720     6293.840     6300.260     6301.890     6302.400
   310:     6302.830     6303.900     6304.140     6304.280     6305.280
   315:     6305.400     6305.470     6307.790     6312.990     6313.060
   320:     6313.710     6319.020     6330.690     6331.520     6332.240
   325:     6332.310     6333.210     6333.630     6334.450     6334.530
   330:     6334.990     6335.680     6343.500     6343.700     6350.410
   335:     6352.000     6360.730     6366.230     6366.280     6366.990
   340:     6367.120     6378.180     6384.940     6385.090     6385.230
   345:     6386.420     6387.490     6387.710     6387.770     6387.840
   350:     6394.660     6394.840     6397.300     6398.090     6398.390
   355:     6399.210     6409.620     6410.090     6410.560     6412.210
   360:     6412.510     6412.600     6416.260     6419.090     6419.650
   365:     6419.780     6420.550     6420.710     6421.890     6423.740
   370:     6425.010     6426.130     6426.160     6428.730     6428.980
   375:     6429.080     6431.720     6432.620     6447.560     6447.950
   380:     6448.010     6451.830     6454.180     6458.690     6462.580
   385:     6463.150     6463.740     6468.900     6470.900     6471.260
   390:     6471.550     6471.850     6472.740     6474.040     6474.790
   395:     6475.570     6476.010     6477.190     6478.010     6478.690
   400:     6478.980     6481.460     6491.530     6495.800     6495.830
   405:     6495.980     6496.020     6496.220     6504.720     6504.920
   410:     6513.280     6536.730     6767.870     6767.910     6767.990
   415:     6769.530     6769.630     6769.760     6769.990     6770.480
   420:     6771.070     6771.450     6773.310     6773.520     6774.380
   425:     6774.630     6777.620     6784.490     6785.180     6787.510
   430:     6790.910     6796.330     6797.910     6797.960     6798.550
   435:     6798.690     6800.130     6801.390     6802.230     6802.460
   440:     6802.860     6803.280     6803.700     6804.250     6804.370
   445:     6804.810     6804.850     6805.220     6805.340     6805.560
   450:     6806.390     6808.060     6808.650     6814.380     6814.480
   455:     6818.010     6818.220     6820.770     6821.140     6822.250
   460:     6822.740     6822.900     6823.080     6823.870     6824.080
   465:     6824.600     6825.230     6825.260     6825.380     6825.440
   470:     6825.910     6826.070     6826.140     6826.380     6841.630
   475:     6842.250     6844.020     6844.490     6844.610     6845.370
   480:     6845.400     6847.900     6848.420     6849.080     6849.310
   485:     6849.470     6850.210     6850.470     6854.790     6855.060
   490:     6855.300     6855.350     6855.460     6855.940     6856.150
   495:     6856.330     6856.530     6856.830     6857.070     6857.550
   500:     6857.720     6857.910     6858.360     6858.590     6858.680
   505:     6858.720     6859.010     6859.610     6859.680     6861.570
   510:     6862.140     6862.320     6863.660     6863.960     6869.360
   515:     6869.530     6869.750     6869.810     6870.010     6872.650
   520:     6872.700     6873.230     6873.440     6875.760     6877.200
   525:     6877.620     6878.030     6878.090     6878.260     6878.310
   530:     6878.920     6881.190     6883.320     6883.790     6883.920
   535:     6884.310     6884.780     6885.270     6885.470     6885.610
   540:     6900.220     6900.440     6903.260     6903.590     6903.670
   545:     6903.780     6906.710     6907.420     6907.610     6908.540
   550:     6908.910     6909.030     6909.180     6909.280     6909.380
   555:     6909.970     6910.320     6910.390     6910.600     6910.710
   560:     6910.840     6911.920     6913.880     6914.000     6914.180
   565:     6914.320     6914.790     6916.500     6917.980     6918.310
   570:     6918.560     6918.760     6919.890     6921.520     6922.820
   575:     6925.750     6926.060     6926.100     6926.250     6927.100
   580:     6928.060     6928.500     6932.740     6933.010     6933.230
   585:     6933.660     6934.020     6934.520     6934.560     6934.650
   590:     6934.810     6942.210     6942.430     6947.390     6948.040
   595:     6952.460     6952.620     6952.850     6954.250     6954.340
   600:     6954.400     6954.480     6959.400     6960.520     6964.990
   605:     6972.720     6974.650     6975.820     6975.850     6976.160
   610:     6976.260     6976.380     6984.050     6988.490     6991.670
   615:     6991.890     6992.150     6992.750     6992.970     6994.280
   620:     6994.500     6996.290     6996.400     6996.500     6996.850
   625:     6997.430     6997.770     6997.920     6998.270     6999.370
   630:     7004.080     7005.010     7005.280     7016.610     7020.500
   635:     7022.900     7027.780     7028.100     7028.210     7038.960
   640:     7045.270     7049.570     7049.780     7057.360     7057.530
   645:     7057.730     7059.470     7068.300     7068.870     7070.400
   650:     7070.850     7077.520     7077.890     7081.080     7100.780
   655:     7101.720     7103.950     7104.090     7105.760     7105.820
   660:     7106.030     7106.210     7107.730     7111.170     7111.750
   665:     7111.800     7111.970     7112.200     7112.400     7112.560
   670:     7115.410     7115.840     7116.000     7116.130     7116.370
   675:     7116.500     7116.720     7117.030     7117.100     7117.390
   680:     7117.450     7117.700     7117.860     7118.040     7118.250
   685:     7118.690     7119.600     7121.940     7124.890     7125.250
   690:     7135.500     7135.760     7144.280     7144.420     7144.920
   695:     7145.260     7145.390     7146.740     7149.520     7151.120
   700:     7151.320     7153.550     7160.990     7164.280     7164.870
   705:     7170.580     7170.990     7172.770     7174.470     7174.500
   710:     7175.230     7175.320     7175.470     7175.580     7175.890
   715:     7176.630     7182.580     7183.570     7183.720     7183.920
   720:     7183.980     7184.450     7184.820     7185.090     7188.340
   725:     7190.930     7191.100     7191.780     7191.900     7192.100
   730:     7192.250     7192.410     7196.290     7208.250     7208.600
   735:     7209.460     7209.730     7212.530     7212.950     7213.200
   740:     7213.320     7213.870     7214.340     7216.290     7220.260
   745:     7221.580     7222.030     7222.100     7222.330     7222.400
   750:     7222.920     7223.180     7223.320     7224.670     7225.250
   755:     7229.700     7229.860     7230.120     7230.220     7230.340
   760:     7230.530     7230.770     7230.900     7231.260     7231.870
   765:     7231.960     7232.100     7232.490     7232.630     7232.750
   770:     7233.120     7234.350     7235.610     7235.710     7235.870
   775:     7236.050     7236.170     7236.400     7239.550     7240.290
   780:     7240.510     7241.410     7241.960     7251.470     7251.880
   785:     7253.630     7253.820     7255.470     7259.360     7259.850
   790:     7260.510     7260.590     7261.570     7263.370     7266.600
   795:     7267.840     7267.890     7268.010     7268.280     7268.690
   800:     7268.920     7271.730     7274.230     7275.320     7276.100
   805:     7277.120     7277.300     7278.170     7278.260     7278.330
   810:     7278.490     7278.630     7279.040     7280.960     7287.280
   815:     7292.030     7292.370     7292.650     7293.300     7297.730
   820:     7297.800     7298.260     7298.640     7300.410     7300.580
   825:     7301.790     7301.990     7317.230     7317.990     7318.290
   830:     7319.000     7320.830     7327.680     7331.490     7339.920
   835:     7341.230     7341.460     7345.520     7349.740     7351.620
   840:     7352.240     7354.320     7354.770     7355.280     7357.940
   845:     7358.040     7362.280     7362.970     7372.010     7374.790
   850:     7381.970     7383.360     7384.270     7392.420     7393.250
   855:     7393.630     7395.080     7400.510     7400.620     7401.510
   860:     7402.470     7402.880     7409.930     7410.150     7410.350
   865:     7410.880     7418.190     7419.080     7423.850     7425.090
   870:     7431.060     7432.150     7436.400     7437.800     7437.990
   875:     7438.150     7438.330     7438.680     7438.780     7439.550
   880:     7439.600     7440.120     7441.610     7442.720     7442.970
   885:     7444.240     7449.540     7450.340     7450.390     7451.230
   890:     7451.620     7452.730     7454.950     7455.770     7455.800
   895:     7456.040     7456.260     7456.970     7459.050     7459.860
   900:     7464.380     7465.960     7469.020     7474.520     7475.800
   905:     7475.900     7482.260     7482.870     7485.300     7488.490
   910:     7488.880     7493.000     7494.420     7494.510     7494.790
   915:     7495.290     7495.510     7496.880     7498.280     7504.880
   920:     7505.300     7505.380     7505.530     7508.580     7509.360
   925:     7514.350     7515.720     7515.940     7516.300     7519.450
   930:     7520.100     7520.430     7520.630     7522.010     7522.200
   935:     7523.450     7524.850     7525.160     7525.310     7525.400
   940:     7525.660     7525.740     7526.300     7531.010     7532.700
   945:     7533.000     7537.420     7538.470     7538.730     7538.940
   950:     7540.570     7541.600     7544.740     7546.430     7547.680
   955:     7547.850     7549.570     7549.630     7554.610     7556.210
   960:     7556.770     7557.290     7557.440     7557.610     7558.510
   965:     7561.910     7574.990     7577.700     7578.140     7581.590
   970:     7582.400     7582.450     7582.880     7583.030     7583.150
   975:     7583.320     7584.010     7584.270     7585.010     7586.590
   980:     7596.150     7596.270     7596.510     7598.760     7600.050
   985:     7601.640     7601.840     7603.810     7604.340     7604.440
   990:     7609.060     7612.270     7613.080     7614.020     7614.300
   995:     7614.490     7614.660     7616.240     7617.020     7617.100
  1000:     7617.220     7617.330     7618.920     7620.310     7620.650
  1005:     7620.910     7620.980     7621.680     7621.770     7622.080
  1010:     7623.440     7632.920     7635.780     7635.880     7638.050
  1015:     7639.430     7641.010     7646.610     7647.790     7678.640
  1020:     7679.260     7680.000     7680.320     7683.570     7683.950
  1025:     7684.790     7687.320     7687.590     7688.180     7688.230
  1030:     7688.260     7688.500     7688.600     7689.070     7689.820
  1035:     7692.190     7693.030     7697.510     7701.720     7707.840
  1040:     7708.890     7710.420     7713.590     7721.690     7723.600
  1045:     7727.670     7727.900     7728.850     7728.950     7729.670
  1050:     7730.260     7731.530     7731.820     7731.980     7733.230
  1055:     7735.330     7736.460     7738.990     7739.850     7740.030
  1060:     7740.110     7740.370     7741.990     7742.020     7742.510
  1065:     7745.910     7747.010     7747.220     7747.630     7749.180
  1070:     7749.580     7753.190     7759.090     7759.940     7766.160
  1075:     7769.680     7774.740     7775.220     7776.240     7783.520
  1080:     7784.790     7785.000     7785.290     7785.320     7790.700
  1085:     7791.780     7791.980     7792.140     7792.380     7792.640
  1090:     7792.830     7793.010     7797.030     7799.330     7800.600
  1095:     7801.500     7801.630     7801.670     7802.200     7802.420
  1100:     7802.760     7803.450     7804.790     7805.890     7806.560
  1105:     7806.840     7806.990     7807.100     7807.440     7807.820
  1110:     7807.890     7807.980     7808.270     7808.440     7808.780
  1115:     7809.430     7816.040     7816.110     7817.110     7818.120
  1120:     7819.420     7821.140     7822.310     7826.200     7828.270
  1125:     7828.530     7828.800     7837.650     7842.580     7843.720
  1130:     7855.010     7855.120     7856.150     7856.620     7857.720
  1135:     7858.630     7862.450     7862.610     7863.460     7863.700
  1140:     7863.980     7867.810     7869.270     7870.000     7872.910
  1145:     7873.020     7873.200     7873.380     7873.580     7874.420
  1150:     7875.170     7875.400     7876.690     7885.340     7890.120
  1155:     7898.590     7904.720     7904.920     7904.980     7908.440
  1160:     7910.350     7911.660     7919.150     7919.930     7922.150
  1165:     7926.090     7929.700     7930.390     7931.360     7931.550
  1170:     7931.610     7933.160     7938.490     7939.350     7940.270
  1175:     7940.630     7941.160     7941.500     7941.610     7942.570
  1180:     7949.260     7949.720     7950.140     7950.290     7950.660
  1185:     7950.790     7951.700     7952.710     7953.050     7954.270
  1190:     7954.990     7955.570     7958.110     7958.110     7958.110
  1195:     7958.120     7958.120     7958.120     7958.120     7958.120
  1200:     7958.120     7962.120     7963.120     7963.120     7964.290
  1205:     7965.910     7968.110     7968.120     7968.620     7972.580
  1210:     7973.060     7974.870     7975.100     7978.130     7981.580
  1215:     7983.390     7986.030     7987.990     7988.570     7989.030
  1220:     7989.550     7989.720     7989.760     7989.800     7990.260
  1225:     7990.610     7991.090     7992.780     7993.140     7993.230
  1230:     7996.900     7997.100     7997.390     7997.530     7998.280
  1235:     7999.720     8001.520     8003.740     8003.980     8004.030
  1240:     8004.300     8005.300     8009.790     8009.870     8010.120
  1245:     8010.590     8010.760     8011.270     8013.550     8014.600
  1250:     8018.540     8019.430     8021.560     8022.680     8023.110
  1255:     8025.710     8029.860     8032.670     8034.370     8034.440
  1260:     8035.740     8035.870     8036.170     8036.450     8037.440
  1265:     8040.860     8041.050     8042.960     8043.010     8043.070
  1270:     8043.250     8083.470     8084.440     8085.550     8099.590
  1275:     8100.690     8103.540     8103.700     8105.490     8105.640
  1280:     8106.380     8106.620     8106.750     8107.100     8107.270
  1285:     8107.430     8107.500     8108.490     8109.230     8110.460
  1290:     8112.420     8112.560     8113.260     8117.070     8119.110
  1295:     8119.240     8121.800     8121.880     8122.100     8127.120
  1300:     8127.570     8129.160     8130.640     8131.880     8131.970
  1305:     8132.000     8134.400     8135.600     8136.020     8138.290
  1310:     8139.550     8139.660     8140.640     8141.170     8144.010
  1315:     8146.680     8147.620     8150.910     8151.880     8152.480
  1320:     8152.580     8152.870     8153.170     8153.880     8154.550
  1325:     8154.590     8155.380     8156.750     8157.090     8157.300
  1330:     8157.660     8158.020     8158.300     8158.330     8158.480
  1335:     8158.780     8159.330     8159.630     8159.930     8167.800
  1340:     8167.950     8171.250     8176.610     8177.660     8178.300
  1345:     8178.370     8179.720     8180.510     8183.570     8186.550
  1350:     8189.050     8198.150     8198.660     8208.380     8208.940
  1355:     8209.750     8209.910     8210.240     8210.370     8210.690
  1360:     8211.250     8216.670     8216.730     8217.450     8219.120
  1365:     8224.510     8225.730     8226.680     8234.540     8234.820
  1370:     8236.720     8240.070     8240.960     8241.060     8241.440
  1375:     8254.220     8255.180     8262.370     8265.300     8265.510
  1380:     8267.930     8269.850     8271.990     8273.550     8273.880
  1385:     8274.450     8274.530     8274.580     8275.110     8275.230
  1390:     8275.350     8275.700     8277.030     8279.410     8279.550
  1395:     8279.840     8280.460     8281.490     8282.240     8283.070
  1400:     8283.180     8287.250     8288.150     8288.440     8292.610
  1405:     8294.010     8294.880     8294.940     8295.330     8296.390
  1410:     8296.530     8296.670     8296.830     8296.910     8297.070
  1415:     8297.500     8298.850     8298.940     8299.040     8299.200
  1420:     8299.570     8300.450     8300.680     8301.190     8302.420
  1425:     8308.810     8310.070     8310.740     8311.490     8311.870
  1430:     8312.210     8312.260     8316.110     8317.970     8322.710
  1435:     8324.070     8324.200     8330.910     8332.990     8342.980
  1440:     8343.660     8344.220     8350.780     8352.240     8353.630
  1445:     8355.750     8360.860     8361.100     8361.180     8361.230
  1450:     8362.700     8362.880     8363.070     8364.580     8367.160
  1455:     8367.460     8369.930     8370.030     8372.540     8373.630
  1460:     8373.810     8374.040     8380.310     8383.590     8385.960
  1465:     8386.650     8387.350     8388.270     8388.510     8390.500
  1470:     8393.820     8394.830     8394.970     8395.470     8395.680
  1475:     8398.990     8399.700     8399.850     8400.560     8400.830
  1480:     8401.770     8404.130     8404.350     8405.060     8405.120
  1485:     8405.800     8411.670     8414.560     8414.670     8414.970
  1490:     8415.100     8415.170     8415.250     8418.970     8419.510
  1495:     8419.700     8419.940     8420.790     8420.830     8422.500
  1500:     8424.520     8426.090     8428.220     8429.270     8434.970
  1505:     8435.320     8435.900     8436.070     8436.400     8436.570
  1510:     8436.770     8439.860     8442.510     8443.300     8443.820
  1515:     8445.960     8446.040     8446.230     8453.660     8454.890
  1520:     8462.710     8462.950     8464.100     8464.180     8464.430
  1525:     8465.570     8468.230     8469.680     8469.740     8471.180
  1530:     8471.280     8474.300     8474.820     8474.960     8475.110
  1535:     8475.270     8475.830     8476.280     8479.370     8480.370
  1540:     8483.350     8484.560     8485.080     8487.680     8491.060
  1545:     8491.710     8491.880     8492.040     8492.850     8493.840
  1550:     8494.270     8494.390     8494.690     8494.750     8494.830
  1555:     8495.110     8495.580     8496.470     8498.040     8498.490
  1560:     8498.790     8499.040     8499.100     8502.800     8503.630
  1565:     8503.800     8504.660     8504.720     8505.090     8506.260
  1570:     8510.740     8511.920     8512.310     8513.210     8514.790
  1575:     8514.820     8514.960     8515.500     8515.580     8515.730
  1580:     8515.950     8516.060     8516.170     8516.390     8517.950
  1585:     8518.850     8519.620     8523.920     8524.020     8581.790
  1590:     8581.830     8596.090     8596.970     8598.300     8602.140
  1595:     8604.190     8604.280     8604.360     8604.530     8604.740
  1600:     8605.860     8606.040     8608.900     8609.120     8610.200
  1605:     8612.480     8614.300     8615.040     8615.780     8616.930
  1610:     8620.760     8624.020     8624.340     8624.430     8624.690
  1615:     8626.400     8628.910     8629.200     8629.470     8629.920
  1620:     8630.030     8631.970     8635.380     8636.410     8636.650
  1625:     8640.610     8643.440     8644.430     8648.230     8652.390
  1630:     8655.630     8656.740     8664.650     8665.920     8666.420
  1635:     8667.400     8668.170     8670.270     8670.500     8674.540
  1640:     8674.780     8686.770     8687.950     8693.320     8694.550
  1645:     8694.770     8694.930     8695.020     8695.230     8695.730
  1650:     8696.270     8697.900     8700.350     8707.830     8708.390
  1655:     8709.010     8709.780     8714.880     8715.230     8720.000
  1660:     8720.320     8723.700     8723.720     8729.300     8731.030
  1665:     8731.110     8735.160     8735.490     8736.530     8736.800
  1670:     8738.130     8738.860     8739.160     8740.310     8740.430
  1675:     8752.630     8754.260     8754.870     8754.990     8760.000
  1680:     8760.150     8760.580     8761.520     8761.560     8767.070
  1685:     8772.480     8777.040     8777.800     8778.580     8779.610
  1690:     8779.780     8779.830     8779.990     8781.340     8782.010
  1695:     8783.470     8783.840     8785.440     8786.400     8787.730
  1700:     8788.340     8789.340     8789.660     8790.200     8791.980
  1705:     8792.250     8794.130     8796.030     8796.370     8798.850
  1710:     8800.900     8801.880     8802.800     8802.880     8805.960
  1715:     8806.190     8806.310     8807.370     8807.990     8808.010
  1720:     8813.710     8814.760     8815.700     8819.950     8822.930
  1725:     8825.110     8826.140     8826.510     8829.710     8831.370
  1730:     8833.390     8834.190     8838.860     8839.300     8845.290
  1735:     8853.840     8854.810     8855.010     8855.330     8855.490
  1740:     8855.710     8856.900     8859.690     8860.600     8860.760
  1745:     8860.970     8862.160     8862.520     8865.610     8865.700
  1750:     8866.050     8868.620     8869.820     8870.170     8871.980
  1755:     8872.100     8872.210     8872.300     8872.410     8875.820
  1760:     8876.140     8876.460     8877.340     8877.620     8877.930
  1765:     8904.570     8906.790     8907.290     8908.600     8911.180
  1770:     8913.510     8914.020     8914.150     8914.220     8914.350
  1775:     8915.090     8915.230     8915.360     8915.480     8916.020
  1780:     8918.760     8919.360     8919.790     8920.300     8920.460
  1785:     8920.720     8921.020     8922.090     8922.390     8922.460
  1790:     8922.670     8923.760     8925.180     8926.380     8928.460
  1795:     8933.490     8934.760     8935.150     8935.510     8935.890
  1800:     8936.160     8936.340     8936.370     8936.460     8937.900
  1805:     8942.310     8942.450     8942.910     8944.050     8945.190
  1810:     8945.900     8945.990     8946.140     8946.340     8946.800
  1815:     8949.550     8949.900     8957.770     8959.130     8960.410
  1820:     8960.640     8961.230     8961.580     8961.710     8962.170
  1825:     8962.470     8964.480     8964.740     8965.630     8965.980
  1830:     8966.130     8966.400     8968.020     8968.810     8969.590
  1835:     8970.400     8970.560     8970.720     8973.260     8976.750
  1840:     8981.200     8981.590     8982.120     8982.310     8982.850
  1845:     8984.050     8984.250     8984.950     8985.730     8985.780
  1850:     8986.370     8986.470     8986.540     8986.760     8988.600
  1855:     8988.910     8989.820     8993.780     8994.090     8994.960
  1860:     8997.650     8997.740     8997.900     8999.430     9002.010
  1865:     9003.420     9003.590     9004.460     9006.980     9007.090
  1870:     9007.790     9009.460     9009.690     9010.700     9010.930
  1875:     9011.240     9013.960     9014.500     9014.800     9014.870
  1880:     9014.940     9015.170     9015.460     9016.230     9016.450
  1885:     9016.930     9018.030     9020.270     9020.680     9021.210
  1890:     9021.360     9021.650     9022.290     9023.880     9024.150
  1895:     9024.480     9025.140     9025.340     9025.600     9025.890
  1900:     9027.640     9028.120     9029.260     9029.460     9030.740
  1905:     9031.040     9032.870     9033.400     9033.590     9033.980
  1910:     9034.980     9035.160     9036.990     9037.090     9037.510
  1915:     9037.710     9037.800     9039.030     9039.080     9039.800
  1920:     9039.970     9040.450     9042.570     9044.190     9044.900
  1925:     9045.600     9054.280     9054.830     9054.890     9088.490
  1930:     9089.480     9091.130     9091.980     9092.150     9092.310
  1935:     9092.440     9092.570     9092.830     9093.090     9095.370
  1940:     9095.560     9095.630     9095.750     9096.450     9096.600
  1945:     9097.090     9097.390     9098.650     9098.880     9099.050
  1950:     9099.280     9103.110     9104.580     9105.350     9105.750
  1955:     9105.870     9106.160     9106.290     9106.810     9106.990
  1960:     9107.110     9107.270     9108.870     9109.910     9110.640
  1965:     9111.820     9112.100     9112.240     9114.400     9114.810
  1970:     9116.290     9116.670     9117.210     9117.320     9118.340
  1975:     9120.560     9120.980     9122.740     9124.860     9124.930
  1980:     9124.970     9125.140     9125.540     9125.690     9126.260
  1985:     9134.010     9135.450     9135.860     9136.060     9136.290
  1990:     9136.480     9137.970     9139.290     9139.490     9139.660
  1995:     9141.210     9144.310     9146.300     9149.070     9150.100
  2000:     9153.420     9153.970     9154.580     9155.100     9155.300
  2005:     9155.350     9155.680     9156.450     9156.550     9156.770
  2010:     9156.950     9157.610     9158.450     9158.690     9158.900
  2015:     9159.290     9160.840     9163.610     9164.910     9167.200
  2020:     9168.420     9168.470     9168.540     9168.810     9169.520
  2025:     9169.860     9169.940     9170.350     9170.420     9170.530
  2030:     9170.650     9170.860     9170.990     9172.050     9173.050
  2035:     9173.150     9174.840     9177.020     9177.520     9177.720
  2040:     9177.950     9178.150     9178.340     9178.630     9178.810
  2045:     9178.990     9179.200     9179.400     9179.710     9180.200
  2050:     9182.810     9183.250     9185.670     9186.440     9186.850
  2055:     9186.900     9186.980     9187.630     9188.060     9188.150
  2060:     9189.140     9190.240     9190.590     9190.740     9190.890
  2065:     9193.080     9193.410     9193.510     9193.590     9194.150
  2070:     9194.820     9196.360     9196.550     9201.970     9204.450
  2075:     9206.340     9208.090     9208.190     9208.830     9210.360
  2080:     9212.420     9217.670     9218.510     9219.140     9219.490
  2085:     9219.840     9220.530     9220.970     9222.470     9222.590
  2090:     9222.710     9222.760     9222.890     9223.160     9225.360
  2095:     9225.480     9228.420     9228.760     9229.260     9229.320
  2100:     9229.470     9229.660     9231.500     9232.730     9232.940
  2105:     9233.050     9233.250     9234.840     9235.020     9236.730
  2110:     9236.900     9239.270     9240.230     9241.500     9241.660
  2115:     9241.760     9241.900     9242.060     9242.210     9242.340
  2120:     9243.470     9244.770     9247.080     9247.420     9248.170
  2125:     9249.120     9249.730     9252.600     9253.270     9253.590
  2130:     9260.510     9260.920     9261.320     9263.590     9264.310
  2135:     9264.570     9264.870     9268.770     9269.000     9269.160
  2140:     9269.460     9269.610     9269.720     9270.100     9271.090
  2145:     9271.190     9271.490     9272.280     9273.290     9273.470
  2150:     9273.670     9273.940     9275.330     9275.430     9277.160
  2155:     9277.540     9277.800     9278.010     9279.140     9279.890
  2160:     9280.040     9280.160     9280.520     9282.320     9282.470
  2165:     9283.440     9283.500     9284.040     9287.310     9291.590
  2170:     9294.680     9295.840     9296.000     9299.660     9300.720
  2175:     9302.700     9309.510     9311.250     9312.750     9322.350
  2180:     9322.840     9322.970     9323.130     9326.350     9327.520
  2185:     9330.320     9330.620     9330.840     9331.030     9331.190
  2190:     9333.460     9333.610     9334.060     9334.180     9334.940
  2195:     9335.210     9335.530     9335.730     9335.820     9336.010
  2200:     9336.290     9336.670     9336.880     9338.240     9338.760
  2205:     9339.860     9345.430     9346.170     9346.490     9346.690
  2210:     9352.030     9352.120     9352.520     9354.460     9357.470
  2215:     9358.320     9358.930     9359.740     9360.170     9366.070
  2220:     9366.410     9366.540     9366.790     9366.900     9366.960
  2225:     9367.020     9367.270     9367.370     9367.730     9368.530
  2230:     9368.850     9374.660     9374.770     9376.110     9376.900
  2235:     9377.410     9377.710     9377.850     9378.040     9378.200
  2240:     9378.330     9378.770     9378.970     9380.000     9380.680
  2245:     9381.160     9381.450     9383.260     9386.670     9387.060
  2250:     9387.590     9388.270     9388.560     9388.840     9389.070
  2255:     9389.130     9389.560     9389.820     9390.020     9390.830
  2260:     9391.430     9391.950     9392.280     9392.420     9396.450
  2265:     9397.000     9398.270     9400.620     9400.690     9401.500
  2270:     9401.970     9402.170     9402.390     9402.610     9405.870
  2275:     9406.070     9407.230     9407.360     9407.390     9407.530
  2280:     9407.570     9408.210     9408.420     9409.780     9409.920
  2285:     9410.490     9410.550     9413.700     9416.450     9416.680
  2290:     9416.900     9417.420     9422.740     9423.170     9423.540
  2295:     9423.630     9424.390     9424.540     9424.820     9424.920
  2300:     9424.990     9425.570     9425.720     9426.250     9426.900
  2305:     9427.200     9427.220     9427.390     9427.840     9428.130
  2310:     9429.130     9432.680     9438.290     9439.400     9440.900
  2315:     9441.780     9446.090     9446.720     9449.870     9451.430
  2320:     9451.500     9451.880     9452.110     9452.260     9453.400
  2325:     9454.110     9454.510     9455.170     9455.550     9457.750
  2330:     9458.700     9459.310     9464.590     9466.550     9466.960
  2335:     9467.120     9467.210     9467.250     9467.660     9468.030
  2340:     9469.080     9472.910     9473.880     9474.010     9474.220
  2345:     9474.720     9474.910     9475.260     9479.870     9480.000
  2350:     9487.470     9487.540     9488.110     9488.430     9489.300
  2355:     9490.900     9491.180     9494.780     9495.380     9495.450
  2360:     9495.900     9498.240     9498.810     9498.910     9499.010
  2365:     9499.100     9499.590     9499.930     9500.040     9500.890
  2370:     9501.060     9501.630     9501.790     9502.040     9502.360
  2375:     9502.680     9503.650     9504.750     9504.840     9504.930
  2380:     9505.420     9505.800     9506.040     9506.180     9506.240
  2385:     9506.430     9506.500     9506.630     9506.890     9507.090
  2390:     9507.130     9508.530     9508.710     9509.080     9509.240
  2395:     9509.430     9509.920     9510.160     9510.530     9511.130
  2400:     9513.110     9513.620     9513.840     9514.530     9515.310
  2405:     9515.600     9516.020     9516.120     9516.280     9517.270
  2410:     9517.340     9517.490     9518.230     9520.530     9525.350
  2415:     9528.750     9530.610     9530.970     9532.220     9532.680
  2420:     9532.840     9532.960     9533.000     9533.100     9534.690
  2425:     9535.540     9536.790     9538.320     9540.320     9540.620
  2430:     9541.600     9545.080     9546.520     9546.730     9546.880
  2435:     9546.960     9547.250     9547.700     9547.840     9548.560
  2440:     9548.830     9549.380     9557.060     9557.630     9558.840
  2445:     9560.100     9569.510     9574.630     9576.000     9576.070
  2450:     9576.240     9576.490     9576.730     9576.980     9577.450
  2455:     9578.460     9579.250     9579.720     9582.600     9582.810
  2460:     9583.230     9588.150     9588.230     9589.020     9589.360
  2465:     9589.390     9590.090     9590.150     9595.510     9596.280
  2470:     9597.890     9599.070     9599.550     9601.190     9601.370
  2475:     9602.320     9611.090     9687.630     9689.860     9690.120
  2480:     9691.980     9692.310     9692.840     9693.510     9693.810
  2485:     9693.980     9694.010     9703.570     9716.090     9716.090
  2490:     9716.090     9716.100     9716.100     9716.100     9716.100
  2495:     9716.100     9716.100     9720.100     9721.100     9721.100
  2500:     9721.750     9726.090     9726.100     9726.190     9727.380
  2505:     9730.310     9731.930     9732.330     9733.030     9733.070
  2510:     9733.720     9737.410     9740.310     9743.910     9747.670
  2515:     9749.950     9754.170     9756.510     9758.230     9758.910
  2520:     9760.600     9760.850     9761.660     9761.760     9761.950
  2525:     9762.080     9765.630     9768.260     9768.990     9770.500
  2530:     9770.960     9771.120     9771.280     9771.430     9774.000
  2535:     9778.490     9778.720     9779.460     9779.630     9779.830
  2540:     9781.170     9786.830     9787.870     9789.000     9791.450
  2545:     9793.070     9794.770     9798.320     9800.110     9800.840
  2550:     9801.010     9801.160     9801.690     9804.090     9807.090
  2555:     9808.890     9812.910     9813.650     9813.860     9814.540
  2560:     9816.670     9816.750     9816.810     9816.910     9817.660
  2565:     9818.230     9824.000     9826.540     9827.270     9832.690
  2570:     9835.010     9835.900     9836.040     9836.420     9836.610
  2575:     9838.630     9844.650     9844.810     9845.190     9846.360
  2580:     9853.000     9855.320     9855.680     9865.160     9866.050
  2585:     9868.860     9877.270     9878.400     9880.200     9880.390
  2590:     9880.550     9880.680     9883.220     9884.360     9884.620
  2595:     9884.690     9884.790     9884.860     9884.960     9885.130
  2600:     9886.380     9886.550     9886.710     9887.000     9887.360
  2605:     9887.890     9893.170     9893.860     9894.190     9900.280
  2610:     9900.580     9900.750     9901.200     9901.220     9901.370
  2615:     9902.390     9906.470     9907.050     9907.150     9907.270
  2620:     9907.350     9907.420     9907.510     9907.810     9910.380
  2625:     9910.850     9917.260     9918.270     9919.900     9926.350
  2630:     9927.270     9933.430     9936.060     9941.490     9941.940
  2635:     9942.800     9942.970     9943.240     9943.300     9943.710
  2640:     9946.080     9946.710     9946.950     9947.490     9947.660
  2645:     9947.850     9948.030     9948.280     9949.350     9949.850
  2650:     9950.400     9951.290     9954.310     9954.510     9955.060
  2655:     9956.420     9956.620     9956.730     9957.120     9957.400
  2660:     9957.570     9957.720     9957.950     9958.170     9958.450
  2665:     9958.910     9959.100     9959.300     9960.860     9961.660
  2670:     9961.850     9962.350     9962.790     9963.740     9964.020
  2675:     9964.390     9965.750     9965.970     9966.220     9966.410
  2680:     9966.710     9967.360     9967.790     9968.000     9968.310
  2685:     9968.540     9968.750     9968.980     9969.720     9971.360
  2690:     9972.050     9973.440     9973.500     9974.480     9975.530
  2695:     9977.520     9978.390     9982.030     9982.280     9984.740
  2700:     9984.800     9986.420     9988.330     9988.490     9988.600
  2705:     9988.720     9988.850     9988.930     9989.010     9989.060
  2710:     9989.510     9997.640     9997.710     9997.800     9998.240
  2715:     9998.440     9998.990     9999.230     9999.560     9999.920
  2720:    10000.020    10000.070    10000.150    10000.190    10000.390
  2725:    10000.560    10000.620    10000.740    10000.900    10001.780
  2730:    10003.800    10004.130    10005.200    10007.210    10008.230
  2735:    10008.450    10008.540    10012.630    10014.030    10016.540
  2740:    10024.190    10024.260    10025.070    10027.240    10028.130
  2745:    10028.800    10029.060    10030.670    10031.100    10031.200
  2750:    10031.450    10031.480    10031.530    10033.090    10033.260
  2755:    10033.470    10033.840    10034.010    10034.350    10034.950
  2760:    10035.070    10035.500    10035.570    10036.200    10036.840
  2765:    10040.090    10041.330    10045.610    10045.820    10046.330
  2770:    10046.690    10050.400    10050.500    10051.040    10051.220
  2775:    10051.470    10051.680    10052.200    10052.410    10053.390
  2780:    10053.560    10054.990    10055.990    10056.510    10056.920
  2785:    10057.060    10057.420    10057.770    10058.680    10065.890
  2790:    10066.440    10067.860    10074.170    10075.070    10077.830
  2795:    10080.010    10080.490    10082.810    10089.670    10090.650
  2800:    10090.930    10092.050    10093.330    10094.420    10095.030
  2805:    10095.160    10095.460    10095.700    10096.850    10097.070
  2810:    10097.260    10097.320    10098.480    10103.860    10196.720
  2815:    10199.310    10201.880    10202.900    10208.390    10210.380
  2820:    10210.860    10214.600    10216.580    10216.730    10217.000
  2825:    10217.100    10217.340    10217.510    10217.640    10217.790
  2830:    10218.050    10219.250    10219.320    10222.870    10222.980
  2835:    10224.000    10224.210    10224.650    10224.700    10225.110
  2840:    10226.110    10228.270    10229.640    10229.870    10229.970
  2845:    10231.760    10232.510    10232.700    10232.850    10233.350
  2850:    10241.390    10243.320    10245.200    10245.650    10245.880
  2855:    10246.100    10246.510    10247.140    10249.780    10249.960
  2860:    10251.580    10251.680    10251.810    10254.160    10254.220
  2865:    10254.250    10254.330    10257.210    10257.320    10257.390
  2870:    10259.390    10259.740    10260.280    10263.330    10263.720
  2875:    10265.400    10265.730    10265.890    10267.340    10267.690
  2880:    10268.390    10268.760    10269.300    10269.740    10269.970
  2885:    10270.280    10270.530    10270.840    10271.010    10271.180
  2890:    10271.410    10271.640    10272.030    10274.390    10274.640
  2895:    10276.660    10276.800    10277.820    10280.030    10280.090
  2900:    10280.290    10280.750    10280.980    10281.170    10281.340
  2905:    10282.130    10282.300    10284.810    10285.600    10286.000
  2910:    10286.280    10286.630    10286.850    10286.880    10287.100
  2915:    10287.300    10287.920    10288.290    10294.760    10295.100
  2920:    10295.310    10295.430    10295.710    10296.240    10296.540
  2925:    10301.210    10301.990    10303.390    10304.120    10304.170
  2930:    10304.300    10305.600    10307.070    10307.250    10307.890
  2935:    10308.270    10310.780    10313.460    10314.700    10315.670
  2940:    10316.010    10321.230    10322.410    10328.910    10329.430
  2945:    10329.630    10330.680    10330.940    10331.390    10333.580
  2950:    10334.220    10335.750    10339.760    10340.080    10340.630
  2955:    10340.770    10341.740    10342.240    10346.170    10346.360
  2960:    10346.990    10347.230    10347.570    10347.700    10347.900
  2965:    10347.920    10348.140    10348.660    10349.710    10351.970
  2970:    10352.210    10352.420    10352.810    10353.000    10353.380
  2975:    10353.530    10353.690    10353.800    10355.560    10355.760
  2980:    10357.410    10357.710    10359.230    10359.300    10359.580
  2985:    10359.660    10359.730    10359.750    10360.120    10360.260
  2990:    10360.480    10360.510    10360.570    10360.620    10361.250
  2995:    10362.110    10362.410    10362.930    10364.060    10367.320
  3000:    10372.970    10373.440    10375.260    10381.310    10381.490
  3005:    10381.580    10381.950    10383.090    10386.250    10386.290
  3010:    10386.370    10386.460    10386.530    10387.220    10388.540
  3015:    10388.720    10388.890    10391.850    10393.040    10393.810
  3020:    10394.590    10399.120    10399.260    10400.280    10400.350
  3025:    10402.410    10405.110    10405.290    10405.370    10406.280
  3030:    10406.710    10407.140    10408.330    10408.630    10408.780
  3035:    10408.880    10409.510    10409.730    10409.930    10410.390
  3040:    10410.950    10411.190    10412.070    10412.260    10413.490
  3045:    10413.570    10414.030    10414.340    10415.640    10415.900
  3050:    10416.880    10420.600    10420.870    10421.590    10422.000
  3055:    10422.320    10422.610    10422.930    10423.040    10424.160
  3060:    10424.240    10424.910    10425.000    10425.860    10425.910
  3065:    10426.610    10426.950    10427.040    10427.180    10427.820
  3070:    10429.690    10436.240    10436.920    10437.060    10437.370
  3075:    10443.940    10444.270    10444.340    10444.710    10445.950
  3080:    10446.210    10446.470    10446.670    10446.950    10448.290
  3085:    10450.010    10453.970    10454.310    10455.390    10455.850
  3090:    10456.080    10456.360    10456.920    10459.920    10461.850
  3095:    10465.250    10465.270    10465.690    10465.950    10466.100
  3100:    10466.370    10466.520    10466.670    10466.990    10469.280
  3105:    10470.230    10471.710    10471.900    10472.130    10472.330
  3110:    10478.710    10481.390    10481.550    10482.280    10483.810
  3115:    10484.370    10484.500    10485.610    10485.850    10486.090
  3120:    10487.740    10487.990    10488.300    10492.220    10494.240
  3125:    10500.350    10500.490    10502.140    10502.430    10502.990
  3130:    10503.310    10503.540    10503.800    10503.950    10504.450
  3135:    10504.550    10505.730    10505.800    10505.870    10506.970
  3140:    10507.010    10507.080    10507.210    10507.470    10508.040
  3145:    10508.140    10508.330    10508.490    10508.510    10508.680
  3150:    10509.650    10510.170    10510.720    10510.940    10510.960
  3155:    10511.980    10512.030    10512.540    10512.710    10513.230
  3160:    10513.290    10513.450    10513.970    10514.130    10514.510
  3165:    10514.660    10514.800    10516.850    10519.590    10519.710
  3170:    10520.530    10520.750    10522.850    10527.660    10530.260
  3175:    10530.550    10530.940    10531.110    10531.320    10531.480
  3180:    10531.650    10534.090    10535.130    10537.030    10537.200
  3185:    10541.190    10541.920    10542.130    10542.330    10542.490
  3190:    10542.650    10545.800    10545.980    10546.250    10546.620
  3195:    10555.970    10556.040    10560.000    10560.050    10560.310
  3200:    10560.350    10567.110    10575.220    10584.690    10585.410
  3205:    10586.600    10589.290    10589.980    10590.030    10590.160
  3210:    10590.200    10590.440    10590.500    10590.690    10592.980
  3215:    10594.120    10594.660    10596.350    10598.820    10599.960
  3220:    10603.730    10603.730    10603.730    10603.740    10603.740
  3225:    10603.740    10603.740    10603.740    10603.740    10603.940
  3230:    10603.940    10604.400    10604.400    10604.630    10604.630
  3235:    10607.740    10608.740    10608.740    10613.730    10613.740
  3240:    10722.670    10722.870    10728.750    10736.600    10737.370
  3245:    10740.650    10740.920    10741.470    10744.620    10744.710
  3250:    10746.190    10746.660    10746.700    10748.800    10750.620
  3255:    10752.960    10754.880    10755.640    10756.050    10756.500
  3260:    10756.660    10756.870    10756.980    10757.260    10757.730
  3265:    10757.820    10765.630    10765.800    10768.010    10775.320
  3270:    10776.180    10777.790    10779.290    10781.050    10781.210
  3275:    10782.470    10782.800    10784.080    10784.820    10785.210
  3280:    10797.000    10797.000    10797.000    10797.010    10797.010
  3285:    10797.010    10797.010    10797.010    10797.010    10797.940
  3290:    10797.940    10798.030    10800.000
