File: C:\MED-PC\Data\2024-11-06_08h59m_Subject 39.txt


Start Date: 11/06/24
End Date: 11/06/24
Subject: 39
Experiment: OralFentSA
Group: One
Box: 7
Start Time: 08:59:28
End Time: 12:00:18
MSN: 20241014_Golden_Liq_SelfAdmin
F:       0.000
G:     142.000
H:   10800.000
I:       0.000
J:       0.000
K:       0.000
L:       0.000
M:       0.000
N:       0.000
O:       0.000
P:       0.000
Q:       0.000
R:       0.000
S:       0.000
U:       0.000
V:       0.000
W:       0.000
X:       0.000
Y:       0.000
Z:       0.000
A:
     0:        0.000        0.000      180.000        4.000        0.000
     5:        5.000        0.000        5.000        0.000        0.000
    10:        1.000        0.000       10.000   100000.000       21.000
    15:       13.000      640.000        0.000        0.000        0.000
    20:        0.000
B:
     0:        0.000        0.000        0.000      400.000        0.000
     5:      500.000        0.000      500.000        0.000        0.000
    10:        0.000        0.000     1000.000 10000000.000        0.000
    15:        0.000        0.000        0.000        0.000        0.000
    20:        0.000
C:
     0:        4.000        5.000       16.000        5.000       64.000
     5:    10309.300       72.290        3.000       88.510       29.503
    10:        5.000       16.000        0.000        0.000        0.000
    15:        0.000        0.000        0.000        0.000        0.000
    20:        0.000
D:
     0:        6.550        9.670       72.290
E:
     0:       19.000       11.000       26.000       27.000        1.000
     5:        1.000        6.000        6.000        6.000        6.000
    10:        2.000        4.000       22.000       24.000       12.000
    15:       13.000        8.000        5.000       17.000       18.000
    20:       14.000       10.000       19.000       11.000        1.000
    25:        1.000        1.000        1.000        1.000        1.000
    30:        2.000        4.000       22.000       24.000       12.000
    35:       13.000        8.000        5.000       17.000       18.000
    40:       14.000       10.000        6.000        6.000       19.000
    45:       11.000        6.000        6.000        6.000        6.000
    50:        6.000        6.000        6.000        6.000        6.000
    55:        6.000        6.000        1.000        2.000        4.000
    60:       22.000       24.000       12.000       13.000        8.000
    65:        5.000       17.000       18.000       14.000       10.000
    70:        6.000       19.000       11.000        6.000        6.000
    75:        6.000        6.000        6.000        1.000        6.000
    80:        6.000        6.000        6.000        6.000        6.000
    85:        6.000        6.000        6.000        6.000        6.000
    90:        6.000        6.000        6.000        6.000        6.000
    95:        6.000        6.000        6.000        6.000        6.000
   100:        6.000        6.000        6.000        6.000        6.000
   105:        6.000        6.000        1.000        1.000        6.000
   110:        6.000        2.000        4.000       22.000       24.000
   115:       12.000       13.000        8.000        5.000       17.000
   120:       21.000       22.000       18.000       14.000       10.000
   125:       19.000       11.000        1.000        1.000        6.000
   130:        6.000        6.000        6.000        1.000        1.000
   135:        6.000        6.000        6.000        6.000        6.000
   140:        6.000        6.000      100.000
T:
     0:        0.000        0.000        0.000        0.000       87.290
     5:       88.780      124.290      130.120      130.220      130.290
    10:      132.090      132.090      132.090      132.100      132.100
    15:      132.100      132.100      132.100      132.100      136.100
    20:      137.100      137.100      142.090      142.100      472.930
    25:      473.000      474.630      480.540      513.410      778.510
    30:      792.530      792.530      792.530      792.540      792.540
    35:      792.540      792.540      792.540      792.540      796.540
    40:      797.540      797.540      799.090      802.350      802.530
    45:      802.540      806.800      809.200      809.860     2953.640
    50:     2953.690     2954.870     5924.190     6261.400     6264.110
    55:     6269.250     6270.490     6334.800     6358.700     6358.700
    60:     6358.700     6358.710     6358.710     6358.710     6358.710
    65:     6358.710     6358.710     6362.710     6363.710     6363.710
    70:     6368.380     6368.700     6368.710     6371.120     6371.900
    75:     6373.490     6373.590     6519.000     6543.380     9777.460
    80:     9778.990     9779.030     9779.500     9793.790     9812.280
    85:     9813.980     9814.600     9814.700     9814.810     9814.910
    90:     9816.650     9817.270     9818.060     9818.230     9818.660
    95:     9914.920     9915.360     9915.440     9920.040     9920.140
   100:     9920.320     9920.440     9920.540     9920.620     9921.390
   105:    10184.910    10186.750    10206.960    10262.760    10275.740
   110:    10276.340    10309.290    10309.290    10309.290    10309.300
   115:    10309.300    10309.300    10309.300    10309.300    10309.300
   120:    10311.860    10311.860    10313.300    10314.300    10314.300
   125:    10319.290    10319.300    10323.350    10326.460    10381.590
   130:    10383.510    10383.730    10385.330    10405.070    10409.920
   135:    10420.070    10421.030    10421.160    10423.310    10424.430
   140:    10426.490    10643.550    10800.000
