File: C:\MED-PC\Data\2024-11-07_08h55m_Subject 38.txt


Start Date: 11/07/24
End Date: 11/07/24
Subject: 38
Experiment: OralFentSA
Group: One
Box: 6
Start Time: 08:55:32
End Time: 11:56:10
MSN: 20241014_Golden_Liq_SelfAdmin
F:       0.000
G:     299.000
H:   10800.000
I:       0.000
J:       0.000
K:       0.000
L:       0.000
M:       0.000
N:       0.000
O:       0.000
P:       0.000
Q:       0.000
R:       0.000
S:       0.000
U:       0.000
V:       0.000
W:       0.000
X:       0.000
Y:       0.000
Z:       0.000
A:
     0:        0.000        0.000      180.000        4.000        0.000
     5:        5.000        0.000        5.000        0.000        0.000
    10:        1.000        0.000       10.000   100000.000       23.000
    15:       14.000      640.000        0.000        0.000        0.000
    20:        0.000
B:
     0:        0.000        0.000        0.000        0.000        0.000
     5:        0.000        0.000        0.000        0.000        0.000
    10:        0.000        0.000        0.000 10000000.000        0.000
    15:        0.000        0.000        0.000        0.000        0.000
    20:        0.000
C:
     0:        0.000        1.000        2.000        0.000      293.000
     5:        0.000        0.000        0.000        0.000        0.000
    10:        0.000        2.000        0.000        0.000        0.000
    15:        0.000        0.000        0.000        0.000        0.000
    20:        0.000
D:
E:
     0:       19.000       11.000       26.000       27.000        6.000
     5:        6.000        6.000        6.000        6.000        6.000
    10:        6.000        6.000        6.000        6.000        6.000
    15:        6.000        6.000        6.000        6.000        6.000
    20:        6.000        6.000        6.000        6.000        6.000
    25:        6.000        6.000        6.000        6.000        6.000
    30:        6.000        6.000        6.000        6.000        6.000
    35:        6.000        6.000        6.000        6.000        6.000
    40:        6.000        6.000        6.000        6.000        6.000
    45:        6.000        6.000        6.000        6.000        6.000
    50:        6.000        6.000        6.000        6.000        6.000
    55:        6.000        6.000        6.000        6.000        6.000
    60:        6.000        6.000        6.000        6.000        6.000
    65:        6.000        6.000        6.000        6.000        6.000
    70:        6.000        6.000        6.000        6.000        6.000
    75:        6.000        6.000        6.000        6.000        6.000
    80:        6.000        6.000        6.000        6.000        6.000
    85:        6.000        6.000        6.000        6.000        6.000
    90:        6.000        6.000        6.000        6.000        6.000
    95:        6.000        6.000        6.000        6.000        6.000
   100:        6.000        6.000        6.000        6.000        6.000
   105:        6.000        6.000        6.000        6.000        6.000
   110:        6.000        6.000        6.000        6.000        6.000
   115:        6.000        6.000        6.000        6.000        6.000
   120:        6.000        6.000        6.000        6.000        6.000
   125:        6.000        6.000        6.000        6.000        6.000
   130:        6.000        6.000        6.000        6.000        6.000
   135:        6.000        6.000        6.000        6.000        6.000
   140:        6.000        6.000        6.000        6.000        6.000
   145:        6.000        6.000        6.000        6.000        6.000
   150:        6.000        6.000        6.000        6.000        6.000
   155:        6.000        6.000        6.000        6.000        6.000
   160:        6.000        6.000        6.000        6.000        6.000
   165:        6.000        6.000        6.000        6.000        6.000
   170:        6.000        6.000        6.000        6.000        6.000
   175:        6.000        6.000        6.000        6.000        6.000
   180:        6.000        6.000        6.000        6.000        6.000
   185:        6.000        6.000        6.000        6.000        6.000
   190:        6.000        6.000        6.000        6.000        6.000
   195:        6.000        6.000        6.000        6.000        6.000
   200:        6.000        6.000        6.000        6.000        6.000
   205:        6.000        6.000        1.000        1.000        6.000
   210:        6.000        6.000        6.000        6.000        6.000
   215:        6.000        6.000        6.000        6.000        6.000
   220:        6.000        6.000        6.000        6.000        6.000
   225:        6.000        6.000        6.000        6.000        6.000
   230:        6.000        6.000        6.000        6.000        6.000
   235:        6.000        6.000        6.000        6.000        6.000
   240:        6.000        6.000        6.000        6.000        6.000
   245:        6.000        6.000        6.000        6.000        6.000
   250:        6.000        6.000        6.000        6.000        6.000
   255:        6.000        6.000        6.000        6.000        6.000
   260:        6.000        6.000        6.000        6.000        6.000
   265:        6.000        6.000        6.000        6.000        6.000
   270:        6.000        6.000        6.000        6.000        6.000
   275:        6.000        6.000        6.000        6.000        6.000
   280:        6.000        6.000        6.000        6.000        6.000
   285:        6.000        6.000        6.000        6.000        6.000
   290:        6.000        6.000        6.000        6.000        6.000
   295:        6.000        6.000        6.000        6.000      100.000
T:
     0:        0.000        0.000        0.000        0.000       79.040
     5:      112.070      112.140      116.290      155.250      156.070
    10:      159.370      159.570      283.670      283.800      283.980
    15:      289.400      319.250      319.970      320.380      324.990
    20:      325.120      325.780      350.360      576.800      578.140
    25:      585.450      585.540      596.810      640.870      641.050
    30:      641.130      657.880      659.290      660.600      662.710
    35:      719.040      721.840      726.650      728.140     1212.790
    40:     1217.600     1353.200     1356.910     1358.350     1812.790
    45:     1830.680     1835.970     1836.150     1840.190     2180.510
    50:     2182.540     2202.610     2204.660     2204.790     2205.140
    55:     2205.220     2207.800     2238.950     2239.490     2247.100
    60:     2247.230     2247.750     2249.570     2251.980     2259.500
    65:     2260.210     2296.240     2401.270     2401.990     2405.510
    70:     2486.050     2488.960     2490.100     2494.270     2502.120
    75:     2508.590     2508.700     2546.790     2666.530     2666.770
    80:     2667.060     2680.510     2809.540     2809.600     2862.150
    85:     2867.730     2868.100     2947.770     2947.940     2948.250
    90:     2948.760     3046.290     3210.260     3210.580     3211.030
    95:     3211.850     3212.940     3216.190     3216.250     3424.510
   100:     3424.720     3426.370     3430.150     3430.380     3568.930
   105:     3569.020     3573.880     3702.030     3702.100     3938.800
   110:     3941.200     4056.290     4056.330     4056.500     4158.990
   115:     4235.120     4536.950     4537.000     4537.060     4875.700
   120:     4878.420     4891.100     4894.090     4894.260     4898.170
   125:     4898.330     4899.080     4906.330     4906.400     4906.490
   130:     4938.330     4938.370     4938.460     4941.480     4945.490
   135:     4986.120     4993.320     4993.600     4993.630     5180.190
   140:     5180.600     5680.300     5746.880     6058.970     6059.270
   145:     6064.550     6064.750     6545.710     6728.340     6728.460
   150:     6811.990     6812.330     6813.670     6814.160     6815.700
   155:     6816.160     6819.460     6820.870     6825.040     6828.740
   160:     6832.690     6832.980     6838.560     6838.610     6838.850
   165:     6840.050     6856.380     6856.630     6859.570     6878.250
   170:     6878.560     6878.740     6879.190     6882.500     6882.560
   175:     6883.290     6884.040     6884.860     6885.360     6887.580
   180:     6987.670     6992.800     7000.840     7000.950     7002.690
   185:     7029.950     7032.040     7068.770     7186.180     7189.330
   190:     7191.300     7193.540     7194.420     7197.240     7198.590
   195:     7199.480     7201.530     7303.550     7303.710     7321.530
   200:     7321.700     7323.180     7340.270     7340.470     7340.770
   205:     7350.410     7354.940     7367.560     7377.540     7480.840
   210:     7481.080     7527.690     7528.170     7535.260     7667.390
   215:     7668.580     7669.650     7669.850     7680.590     7834.570
   220:     7902.850     7903.100     7986.600     7988.460     8045.020
   225:     8045.080     8048.560     8048.810     8063.970     8188.730
   230:     8188.850     8318.700     8318.810     8474.960     8477.150
   235:     8505.470     8505.600     8510.960     8513.280     8546.490
   240:     8547.290     8547.330     8646.990     8751.410     8763.310
   245:     8767.380     8918.490     8971.420     8971.560     9067.910
   250:     9067.960     9089.210     9089.390     9089.730     9119.420
   255:     9119.520     9215.670     9268.670     9268.760     9278.080
   260:     9278.240     9279.220     9281.650     9319.870     9720.620
   265:     9879.040     9879.340     9884.250     9886.230    10368.840
   270:    10369.030    10416.400    10417.370    10417.440    10443.140
   275:    10445.690    10447.790    10454.950    10610.880    10610.910
   280:    10630.150    10631.670    10633.490    10636.020    10645.280
   285:    10648.460    10649.860    10650.660    10655.150    10657.130
   290:    10658.390    10658.510    10658.620    10677.890    10680.140
   295:    10687.160    10687.360    10690.740    10690.980    10800.000
