File: C:\MED-PC\Data\2024-11-11_13h21m_Subject 52.txt


Start Date: 11/11/24
End Date: 11/11/24
Subject: 52
Experiment: OralFentSA
Group: One
Box: 8
Start Time: 13:21:09
End Time: 16:21:22
MSN: Golden_Liq_SelfAdmin_EXT
F:       0.000
G:    1179.000
H:   10799.750
I:       0.000
J:       0.000
K:       0.000
L:       0.000
M:       0.000
N:       0.000
O:       0.000
P:       0.000
Q:       0.000
R:       0.000
S:       0.000
U:       0.000
V:       0.000
W:       0.000
X:       0.000
Y:       0.000
Z:       0.000
A:
     0:        0.000        0.000      180.000        4.000        0.000
     5:        5.000        0.000        5.000        0.000        0.000
    10:        1.000        0.000       10.000   100000.000       19.000
    15:       16.000      600.000        0.000        0.000        0.000
    20:        0.000
B:
     0:        0.000        0.000        0.000        0.000        0.000
     5:        0.000        0.000        0.000        0.000        0.000
    10:        0.000        0.000     1000.000 10000000.000        0.000
    15:        0.000        0.000        0.000        0.000        0.000
    20:        0.000
C:
     0:        0.000       68.000        0.000       89.000      662.000
     5:    10518.280        9.620       27.000     3082.810      114.178
    10:       89.000        0.000        0.000        0.000        0.000
    15:        0.000        0.000        0.000        0.000        0.000
    20:        0.000
D:
     0:       14.610       43.080      120.390       22.840      497.310
     5:        5.010       80.260        4.010        6.000        1.850
    10:      201.860        2.130      168.180       75.510       18.010
    15:      492.860      188.060      299.560       60.030        6.150
    20:       10.540       49.400        2.180       72.260      627.760
    25:        3.340        9.620
E:
     0:       19.000       11.000       26.000       27.000        2.000
     5:        4.000       22.000       24.000       12.000       19.000
    10:       11.000        6.000        2.000        4.000       22.000
    15:       24.000       12.000       19.000       11.000        2.000
    20:        4.000       22.000       24.000       12.000       19.000
    25:       11.000        6.000        6.000        6.000        6.000
    30:        6.000        6.000        6.000        6.000        6.000
    35:        6.000        6.000        6.000        6.000        6.000
    40:        6.000        6.000        6.000        6.000        6.000
    45:        6.000        6.000        6.000        6.000        6.000
    50:        6.000        6.000        6.000        6.000        6.000
    55:        6.000        6.000        6.000        2.000        4.000
    60:       22.000       24.000       12.000       21.000       22.000
    65:       21.000       22.000       21.000       22.000       19.000
    70:       11.000        2.000        4.000       22.000       24.000
    75:       12.000       21.000       22.000       21.000       22.000
    80:       19.000       11.000        2.000        4.000       22.000
    85:       24.000       12.000       21.000       22.000       21.000
    90:       22.000       21.000       22.000       21.000       22.000
    95:       19.000       11.000        2.000        4.000       22.000
   100:       24.000       12.000       19.000       11.000        6.000
   105:        6.000        6.000        6.000        6.000        6.000
   110:        6.000        6.000        6.000        2.000        4.000
   115:       22.000       24.000       12.000       19.000       11.000
   120:        6.000        2.000        4.000       22.000       24.000
   125:       12.000       21.000       22.000       19.000       11.000
   130:        2.000        4.000       22.000       24.000       12.000
   135:       19.000       11.000        2.000        4.000       22.000
   140:       24.000       12.000       21.000       22.000       19.000
   145:       11.000        2.000        4.000       22.000       24.000
   150:       12.000       19.000       11.000        2.000        4.000
   155:       22.000       24.000       12.000       19.000       11.000
   160:        2.000        4.000       22.000       24.000       12.000
   165:       19.000       11.000        6.000        6.000        6.000
   170:        2.000        4.000       22.000       24.000       12.000
   175:       21.000       22.000       19.000       11.000        2.000
   180:        4.000       22.000       24.000       12.000        6.000
   185:        6.000       19.000       11.000        2.000        4.000
   190:       22.000       24.000       12.000       21.000       22.000
   195:       19.000       11.000        2.000        4.000       22.000
   200:       24.000       12.000       19.000       11.000        6.000
   205:        6.000        2.000        4.000       22.000       24.000
   210:       12.000       19.000       11.000        2.000        4.000
   215:       22.000       24.000       12.000       19.000       11.000
   220:        2.000        4.000       22.000       24.000       12.000
   225:        6.000        6.000       19.000       11.000        2.000
   230:        4.000       22.000       24.000       12.000       19.000
   235:       11.000        2.000        4.000       22.000       24.000
   240:       12.000       19.000       11.000        2.000        4.000
   245:       22.000       24.000       12.000       19.000       11.000
   250:        2.000        4.000       22.000       24.000       12.000
   255:       19.000       11.000        2.000        4.000       22.000
   260:       24.000       12.000       19.000       11.000        2.000
   265:        4.000       22.000       24.000       12.000        6.000
   270:        6.000        6.000       19.000       11.000        2.000
   275:        4.000       22.000       24.000       12.000       19.000
   280:       11.000        2.000        4.000       22.000       24.000
   285:       12.000       19.000       11.000        2.000        4.000
   290:       22.000       24.000       12.000       19.000       11.000
   295:        2.000        4.000       22.000       24.000       12.000
   300:       21.000       22.000       21.000       22.000       19.000
   305:       11.000        2.000        4.000       22.000       24.000
   310:       12.000       19.000       11.000        2.000        4.000
   315:       22.000       24.000       12.000       19.000       11.000
   320:        2.000        4.000       22.000       24.000       12.000
   325:       19.000       11.000        2.000        4.000       22.000
   330:       24.000       12.000       19.000       11.000        2.000
   335:        4.000       22.000       24.000       12.000        6.000
   340:        6.000        6.000        6.000        6.000        6.000
   345:        6.000        6.000        6.000        6.000        6.000
   350:       19.000       11.000        2.000        4.000       22.000
   355:       24.000       12.000       19.000       11.000        2.000
   360:        4.000       22.000       24.000       12.000       19.000
   365:       11.000        6.000        6.000        6.000        2.000
   370:        4.000       22.000       24.000       12.000        6.000
   375:        6.000        6.000        6.000        6.000        6.000
   380:       19.000       11.000        2.000        4.000       22.000
   385:       24.000       12.000       19.000       11.000        6.000
   390:        6.000        6.000        6.000        6.000        6.000
   395:        6.000        6.000        6.000        6.000        2.000
   400:        4.000       22.000       24.000       12.000       19.000
   405:       11.000        2.000        4.000       22.000       24.000
   410:       12.000       19.000       11.000        6.000        6.000
   415:        2.000        4.000       22.000       24.000       12.000
   420:       21.000       22.000       19.000       11.000        2.000
   425:        4.000       22.000       24.000       12.000       21.000
   430:       22.000       19.000       11.000        2.000        4.000
   435:       22.000       24.000       12.000       19.000       11.000
   440:        2.000        4.000       22.000       24.000       12.000
   445:       19.000       11.000        6.000        6.000        6.000
   450:        6.000        6.000        6.000        6.000        6.000
   455:        2.000        4.000       22.000       24.000       12.000
   460:       19.000       11.000        2.000        4.000       22.000
   465:       24.000       12.000       19.000       11.000        2.000
   470:        4.000       22.000       24.000       12.000       19.000
   475:       11.000        2.000        4.000       22.000       24.000
   480:       12.000       19.000       11.000        6.000        6.000
   485:        6.000        6.000        6.000        6.000        6.000
   490:        6.000        2.000        4.000       22.000       24.000
   495:       12.000       19.000       11.000        2.000        4.000
   500:       22.000       24.000       12.000       19.000       11.000
   505:        6.000        6.000        6.000        6.000        6.000
   510:        6.000        6.000        6.000        6.000        2.000
   515:        4.000       22.000       24.000       12.000       21.000
   520:       22.000       19.000       11.000        2.000        4.000
   525:       22.000       24.000       12.000       19.000       11.000
   530:        6.000        2.000        4.000       22.000       24.000
   535:       12.000       19.000       11.000        6.000        6.000
   540:        6.000        6.000        6.000        6.000        6.000
   545:        6.000        6.000        6.000        6.000        6.000
   550:        6.000        6.000        6.000        6.000        6.000
   555:        6.000        6.000        6.000        6.000        6.000
   560:        6.000        6.000        6.000        6.000        6.000
   565:        6.000        6.000        6.000        6.000        6.000
   570:        6.000        6.000        6.000        6.000        6.000
   575:        6.000        6.000        6.000        6.000        6.000
   580:        6.000        6.000        6.000        6.000        6.000
   585:        6.000        6.000        6.000        6.000        6.000
   590:        6.000        6.000        6.000        6.000        6.000
   595:        6.000        6.000        6.000        6.000        6.000
   600:        6.000        6.000        6.000        6.000        6.000
   605:        6.000        6.000        6.000        6.000        6.000
   610:        6.000        6.000        6.000        6.000        6.000
   615:        6.000        6.000        6.000        6.000        6.000
   620:        6.000        6.000        6.000        6.000        6.000
   625:        6.000        6.000        6.000        6.000        6.000
   630:        6.000        6.000        6.000        6.000        6.000
   635:        6.000        6.000        6.000        6.000        6.000
   640:        6.000        6.000        6.000        6.000        6.000
   645:        6.000        6.000        6.000        6.000        2.000
   650:        4.000       22.000       24.000       12.000       21.000
   655:       22.000       21.000       22.000       21.000       22.000
   660:        6.000        6.000        6.000        6.000        6.000
   665:       19.000       11.000        6.000        6.000        6.000
   670:        6.000        6.000        6.000        6.000        6.000
   675:        6.000        6.000        6.000        6.000        6.000
   680:        6.000        6.000        6.000        6.000        6.000
   685:        6.000        6.000        6.000        6.000        6.000
   690:        6.000        6.000        6.000        6.000        6.000
   695:        6.000        6.000        6.000        6.000        6.000
   700:        6.000        6.000        6.000        6.000        6.000
   705:        6.000        6.000        6.000        6.000        6.000
   710:        6.000        6.000        6.000        6.000        6.000
   715:        6.000        6.000        6.000        6.000        6.000
   720:        6.000        6.000        6.000        6.000        6.000
   725:        6.000        6.000        6.000        6.000        6.000
   730:        6.000        6.000        6.000        6.000        6.000
   735:        6.000        6.000        6.000        6.000        6.000
   740:        6.000        6.000        6.000        6.000        6.000
   745:        6.000        6.000        6.000        6.000        6.000
   750:        6.000        6.000        6.000        6.000        6.000
   755:        6.000        6.000        6.000        6.000        6.000
   760:        6.000        6.000        6.000        6.000        6.000
   765:        6.000        6.000        6.000        6.000        6.000
   770:        6.000        6.000        6.000        6.000        6.000
   775:        6.000        6.000        6.000        6.000        6.000
   780:        6.000        6.000        6.000        6.000        6.000
   785:        6.000        6.000        6.000        6.000        6.000
   790:        6.000        6.000        6.000        6.000        6.000
   795:        6.000        6.000        6.000        6.000        6.000
   800:        6.000        6.000        6.000        6.000        6.000
   805:        6.000        6.000        6.000        6.000        6.000
   810:        6.000        6.000        6.000        6.000        6.000
   815:        6.000        6.000        6.000        6.000        6.000
   820:        6.000        6.000        6.000        6.000        6.000
   825:        6.000        6.000        6.000        6.000        6.000
   830:        6.000        6.000        6.000        6.000        6.000
   835:        6.000        6.000        6.000        6.000        6.000
   840:        6.000        6.000        6.000        6.000        6.000
   845:        6.000        6.000        6.000        6.000        6.000
   850:        6.000        6.000        6.000        6.000        6.000
   855:        6.000        6.000        6.000        6.000        6.000
   860:        6.000        6.000        6.000        6.000        6.000
   865:        6.000        6.000        6.000        6.000        6.000
   870:        6.000        6.000        6.000        6.000        6.000
   875:        6.000        6.000        6.000        6.000        6.000
   880:        6.000        6.000        6.000        6.000        6.000
   885:        6.000        6.000        6.000        6.000        6.000
   890:        6.000        6.000        6.000        6.000        6.000
   895:        6.000        6.000        6.000        6.000        6.000
   900:        6.000        6.000        6.000        6.000        6.000
   905:        6.000        6.000        6.000        6.000        6.000
   910:        6.000        6.000        6.000        6.000        6.000
   915:        6.000        6.000        6.000        6.000        6.000
   920:        6.000        6.000        6.000        6.000        6.000
   925:        6.000        6.000        6.000        6.000        6.000
   930:        6.000        6.000        6.000        2.000        4.000
   935:       22.000       24.000       12.000       19.000       11.000
   940:        2.000        4.000       22.000       24.000       12.000
   945:       19.000       11.000        2.000        4.000       22.000
   950:       24.000       12.000       19.000       11.000        6.000
   955:        6.000        6.000        6.000        6.000        6.000
   960:        6.000        6.000        6.000        6.000        6.000
   965:        6.000        6.000        6.000        6.000        6.000
   970:        6.000        6.000        6.000        6.000        6.000
   975:        6.000        6.000        6.000        6.000        6.000
   980:        2.000        4.000       22.000       24.000       12.000
   985:       19.000       11.000        6.000        6.000        6.000
   990:        6.000        6.000        6.000        6.000        6.000
   995:        6.000        6.000        6.000        6.000        6.000
  1000:        6.000        6.000        6.000        6.000        6.000
  1005:        6.000        6.000        6.000        6.000        6.000
  1010:        6.000        6.000        6.000        6.000        6.000
  1015:        6.000        6.000        6.000        6.000        6.000
  1020:        6.000        6.000        6.000        6.000        6.000
  1025:        6.000        6.000        6.000        6.000        6.000
  1030:        6.000        6.000        6.000        6.000        6.000
  1035:        6.000        6.000        6.000        6.000        6.000
  1040:        6.000        6.000        6.000        6.000        6.000
  1045:        6.000        6.000        6.000        6.000        6.000
  1050:        6.000        6.000        6.000        6.000        6.000
  1055:        6.000        6.000        6.000        6.000        6.000
  1060:        6.000        6.000        6.000        6.000        6.000
  1065:        6.000        6.000        6.000        6.000        6.000
  1070:        6.000        6.000        6.000        6.000        6.000
  1075:        6.000        6.000        6.000        6.000        6.000
  1080:        6.000        6.000        6.000        6.000        6.000
  1085:        2.000        4.000       22.000       24.000       12.000
  1090:        6.000        6.000        6.000        6.000        6.000
  1095:        6.000        6.000       19.000       11.000        6.000
  1100:        6.000        6.000        6.000        6.000        6.000
  1105:        6.000        6.000        6.000        2.000        4.000
  1110:       22.000       24.000       12.000       19.000       11.000
  1115:        6.000        6.000        6.000        6.000        6.000
  1120:        6.000        6.000        6.000        6.000        6.000
  1125:        6.000        6.000        6.000        2.000        4.000
  1130:       22.000       24.000       12.000       19.000       11.000
  1135:        2.000        4.000       22.000       24.000       12.000
  1140:       19.000       11.000        6.000        6.000        6.000
  1145:        6.000        6.000        6.000        6.000        6.000
  1150:        2.000        4.000       22.000       24.000       12.000
  1155:        6.000        6.000        6.000       19.000       11.000
  1160:        2.000        4.000       22.000       24.000       12.000
  1165:        6.000       19.000       11.000        6.000        6.000
  1170:        2.000        4.000       22.000       24.000       12.000
  1175:       21.000       22.000       19.000       11.000
T:
     0:        0.000        0.000        0.000        0.000        1.560
     5:        1.560        1.560        1.570        1.570       11.560
    10:       11.570       16.180       49.640       49.640       49.640
    15:       49.650       49.650       59.640       59.650       83.630
    20:       83.630       83.630       83.640       83.640       93.630
    25:       93.640      126.720      127.190      127.250      127.310
    30:      128.110      128.340      128.510      128.870      130.820
    35:      131.180      131.840      168.870      169.570      169.900
    40:      171.000      171.180      171.230      171.890      172.030
    45:      172.790      173.000      173.310      173.480      173.900
    50:      174.140      174.260      174.470      179.260      179.450
    55:      182.030      182.100      183.140      189.860      189.860
    60:      189.860      189.870      189.870      190.700      190.700
    65:      194.350      194.350      199.840      199.840      199.860
    70:      199.870      208.430      208.430      208.430      208.440
    75:      208.440      209.780      209.780      214.530      214.530
    80:      218.430      218.440      279.820      279.820      279.820
    85:      279.830      279.830      282.000      282.000      283.330
    90:      283.330      283.690      283.690      285.020      285.020
    95:      289.820      289.830      297.570      297.570      297.570
   100:      297.580      297.580      307.570      307.580      417.970
   105:      418.830      418.860      418.960      419.110      423.360
   110:      423.490      423.650      423.880      446.470      446.470
   115:      446.470      446.480      446.480      456.470      456.480
   120:      469.320      476.610      476.610      476.610      476.620
   125:      476.620      480.200      480.200      486.610      486.620
   130:      516.290      516.290      516.290      516.300      516.300
   135:      526.290      526.300      896.950      896.950      896.950
   140:      896.960      896.960      901.350      901.350      906.950
   145:      906.960      956.400      956.400      956.400      956.410
   150:      956.410      966.400      966.410     1067.830     1067.830
   155:     1067.830     1067.840     1067.840     1077.830     1077.840
   160:     1314.090     1314.090     1314.090     1314.100     1314.100
   165:     1324.090     1324.100     1811.410     1811.590     1811.740
   170:     1828.700     1828.700     1828.700     1828.710     1828.710
   175:     1837.360     1837.360     1838.700     1838.710     1900.950
   180:     1900.950     1900.950     1900.960     1900.960     1905.970
   185:     1905.990     1910.950     1910.960     1928.830     1928.830
   190:     1928.830     1928.840     1928.840     1933.120     1933.120
   195:     1938.830     1938.840     1960.130     1960.130     1960.130
   200:     1960.140     1960.140     1970.130     1970.140     2040.400
   205:     2040.770     2064.260     2064.260     2064.260     2064.270
   210:     2064.270     2074.260     2074.270     2361.020     2361.020
   215:     2361.020     2361.030     2361.030     2371.020     2371.030
   220:     2419.950     2419.950     2419.950     2419.960     2419.960
   225:     2423.970     2424.300     2429.950     2429.960     2479.290
   230:     2479.290     2479.290     2479.300     2479.300     2489.290
   235:     2489.300     2491.260     2491.260     2491.260     2491.270
   240:     2491.270     2501.260     2501.270     2709.870     2709.870
   245:     2709.870     2709.880     2709.880     2719.870     2719.880
   250:     2770.690     2770.690     2770.690     2770.700     2770.700
   255:     2780.690     2780.700     2805.260     2805.260     2805.260
   260:     2805.270     2805.270     2815.260     2815.270     2832.520
   265:     2832.520     2832.520     2832.530     2832.530     2838.530
   270:     2838.590     2841.790     2842.520     2842.530     3050.110
   275:     3050.110     3050.110     3050.120     3050.120     3060.110
   280:     3060.120     3078.310     3078.310     3078.310     3078.320
   285:     3078.320     3088.310     3088.320     3207.200     3207.200
   290:     3207.200     3207.210     3207.210     3217.200     3217.210
   295:     3251.200     3251.200     3251.200     3251.210     3251.210
   300:     3254.070     3254.070     3255.050     3255.050     3261.200
   305:     3261.210     3501.070     3501.070     3501.070     3501.080
   310:     3501.080     3511.070     3511.080     3558.640     3558.640
   315:     3558.640     3558.650     3558.650     3568.640     3568.650
   320:     3726.350     3726.350     3726.350     3726.360     3726.360
   325:     3736.350     3736.360     3811.400     3811.400     3811.400
   330:     3811.410     3811.410     3821.400     3821.410     3945.340
   335:     3945.340     3945.340     3945.350     3945.350     3947.200
   340:     3947.350     3949.290     3950.620     3951.490     3951.610
   345:     3952.090     3952.210     3952.230     3952.400     3952.930
   350:     3955.340     3955.350     4003.210     4003.210     4003.210
   355:     4003.220     4003.220     4013.210     4013.220     4027.340
   360:     4027.340     4027.340     4027.350     4027.350     4037.340
   365:     4037.350     4229.210     4229.400     4240.910     4252.000
   370:     4252.000     4252.000     4252.010     4252.010     4254.140
   375:     4254.670     4254.720     4254.850     4254.940     4254.980
   380:     4262.000     4262.010     4281.850     4281.850     4281.850
   385:     4281.860     4281.860     4291.850     4291.860     4450.040
   390:     4450.310     4462.400     4462.490     4463.200     4463.350
   395:     4465.090     4465.320     4467.960     4468.560     4536.130
   400:     4536.130     4536.130     4536.140     4536.140     4546.130
   405:     4546.140     4582.280     4582.280     4582.280     4582.290
   410:     4582.290     4592.280     4592.290     4657.800     4660.480
   415:     4663.980     4663.980     4663.980     4663.990     4663.990
   420:     4672.880     4672.880     4673.980     4673.990     4806.170
   425:     4806.170     4806.170     4806.180     4806.180     4809.380
   430:     4809.380     4816.170     4816.180     4818.590     4818.590
   435:     4818.590     4818.600     4818.600     4828.590     4828.600
   440:     4982.450     4982.450     4982.450     4982.460     4982.460
   445:     4992.450     4992.460     5000.470     5005.410     5005.890
   450:     5006.100     5006.290     5006.360     5006.400     5007.590
   455:     5022.920     5022.920     5022.920     5022.930     5022.930
   460:     5032.920     5032.930     5389.380     5389.380     5389.380
   465:     5389.390     5389.390     5399.380     5399.390     5406.510
   470:     5406.510     5406.510     5406.520     5406.520     5416.510
   475:     5416.520     5446.690     5446.690     5446.690     5446.700
   480:     5446.700     5456.690     5456.700     5939.560     5990.940
   485:     5991.350     5993.370     5993.930     5994.050     5994.350
   490:     5995.160     6001.300     6001.300     6001.300     6001.310
   495:     6001.310     6011.300     6011.310     6162.240     6162.240
   500:     6162.240     6162.250     6162.250     6172.240     6172.250
   505:     6350.310     6350.750     6352.930     6353.410     6353.480
   510:     6354.760     6354.780     6354.810     6355.100     6363.160
   515:     6363.160     6363.160     6363.170     6363.170     6367.690
   520:     6367.690     6373.160     6373.170     6379.030     6379.030
   525:     6379.030     6379.040     6379.040     6389.030     6389.040
   530:     6678.600     6703.450     6703.450     6703.450     6703.460
   535:     6703.460     6713.450     6713.460     6763.490     6764.660
   540:     6764.760     6764.860     6765.040     6765.080     6767.420
   545:     6767.480     6768.200     6770.120     6770.660     6770.750
   550:     6770.780     6771.270     6774.560     6775.030     6775.070
   555:     6775.290     6775.330     6775.370     6775.680     6775.880
   560:     6775.940     6776.490     6782.520     6782.560     6782.890
   565:     6783.260     6783.360     6785.060     6787.190     6788.020
   570:     6789.720     6789.780     6789.830     6790.100     6792.790
   575:     6804.480     6804.690     6804.960     6805.740     6806.120
   580:     6806.200     6806.250     6806.410     6806.430     6808.120
   585:     6808.270     6808.420     6808.610     6808.720     6810.180
   590:     6810.510     6810.800     6811.070     6811.100     6813.580
   595:     6815.450     6817.170     6817.340     6817.450     6817.540
   600:     6819.030     6820.170     6820.240     6820.360     6820.490
   605:     6824.000     6824.510     6824.610     6827.340     6829.900
   610:     6829.980     6830.450     6832.840     6832.860     6832.920
   615:     6834.150     6834.520     6834.570     6834.650     6834.990
   620:     6835.200     6839.060     6839.290     6839.450     6839.560
   625:     6840.280     6840.720     6840.810     6841.260     6843.320
   630:     6843.430     6844.120     6844.750     6846.770     6849.040
   635:     6849.900     6852.110     6852.400     6855.320     6856.410
   640:     6858.410     6858.480     6859.080     6859.510     6861.120
   645:     6862.090     6863.160     6863.320     6869.500     6877.240
   650:     6877.240     6877.240     6877.250     6877.250     6881.540
   655:     6881.540     6882.090     6882.090     6882.540     6882.540
   660:     6883.400     6883.510     6886.010     6886.210     6886.350
   665:     6887.240     6887.250     6887.730     6889.750     6890.150
   670:     6890.350     6891.880     6894.180     6896.110     6896.290
   675:     6896.400     6897.070     6898.760     6898.880     6899.530
   680:     6902.220     6902.910     6903.090     6903.360     6903.410
   685:     6908.770     6909.830     6909.880     6912.370     6912.540
   690:     6915.450     6920.030     6921.460     6923.990     6926.020
   695:     6930.180     6931.630     6932.760     6932.890     6934.810
   700:     6937.580     6940.620     6942.500     6942.830     6945.280
   705:     6948.430     6949.450     6949.550     6949.680     6953.560
   710:     6953.640     6953.850     6953.920     6954.040     6954.330
   715:     6954.980     6955.080     6955.120     6955.550     6955.940
   720:     6955.970     6956.090     6957.050     6959.510     6959.540
   725:     6959.720     6960.310     6966.060     6966.410     6966.940
   730:     6967.630     6967.880     6968.210     6968.360     6970.550
   735:     6970.770     6970.960     6971.230     6973.110     6974.000
   740:     6974.290     6975.610     6976.130     6978.160     6978.440
   745:     6979.360     6980.060     6980.160     6980.240     6980.280
   750:     6980.340     6980.430     6980.820     6981.450     6981.690
   755:     6982.310     6982.670     6983.720     6983.790     6983.860
   760:     6984.070     6984.330     6984.410     6984.730     6984.920
   765:     6985.040     6985.100     6985.290     6985.360     6987.250
   770:     6987.660     6987.810     6993.280     6996.390     6996.540
   775:     6996.810     6996.960     6997.200     6997.840     6997.960
   780:     6999.380     6999.830     7001.190     7001.640     7001.850
   785:     7001.980     7002.650     7002.780     7003.210     7003.280
   790:     7003.660     7004.070     7004.860     7005.170     7005.230
   795:     7005.760     7005.870     7006.240     7006.510     7006.600
   800:     7006.940     7007.020     7007.210     7009.010     7014.390
   805:     7014.650     7015.980     7016.500     7016.760     7016.830
   810:     7016.930     7017.140     7018.010     7018.880     7019.060
   815:     7019.430     7020.000     7020.570     7020.750     7021.050
   820:     7021.410     7021.660     7022.300     7022.340     7022.730
   825:     7022.780     7022.830     7022.920     7023.010     7023.100
   830:     7023.180     7023.410     7023.450     7023.620     7023.890
   835:     7024.590     7027.690     7027.710     7027.790     7027.950
   840:     7028.010     7028.040     7028.120     7028.400     7028.610
   845:     7028.970     7029.060     7029.400     7029.940     7040.480
   850:     7043.070     7043.330     7044.580     7045.380     7045.500
   855:     7046.930     7047.340     7047.510     7048.600     7049.160
   860:     7049.500     7050.320     7054.640     7058.600     7063.180
   865:     7066.620     7068.370     7069.710     7071.090     7072.990
   870:     7075.060     7076.150     7076.210     7076.460     7076.640
   875:     7079.380     7080.950     7081.300     7081.380     7091.750
   880:     7091.900     7093.280     7093.640     7094.220     7099.050
   885:     7100.200     7100.290     7100.670     7102.600     7103.450
   890:     7105.070     7105.130     7106.750     7107.440     7109.680
   895:     7114.510     7114.600     7116.140     7116.490     7121.310
   900:     7121.970     7123.430     7124.000     7124.120     7125.580
   905:     7125.760     7126.120     7129.970     7130.270     7130.570
   910:     7131.400     7133.000     7133.370     7134.240     7134.460
   915:     7154.840     7156.400     7157.160     7158.700     7158.840
   920:     7166.290     7169.000     7169.350     7170.420     7171.730
   925:     7172.040     7172.320     7174.200     7174.780     7174.870
   930:     7504.940     8064.450     8186.200     8371.470     8371.470
   935:     8371.470     8371.480     8371.480     8381.470     8381.480
   940:     8478.690     8478.690     8478.690     8478.700     8478.700
   945:     8488.690     8488.700     8536.370     8536.370     8536.370
   950:     8536.380     8536.380     8546.370     8546.380     8546.920
   955:     8547.220     8548.170     8548.230     8548.280     8548.690
   960:     8549.170     8549.800     8549.860     8549.970     8550.090
   965:     8550.180     8550.460     8551.410     8551.850     8551.930
   970:     8552.140     8553.780     8555.340     8555.430     8558.750
   975:     8559.760     8562.610     8563.820     8565.030     8567.280
   980:     8859.150     8859.150     8859.150     8859.160     8859.160
   985:     8869.150     8869.160     8908.560     8909.120     8910.630
   990:     8910.890     8912.160     8912.220     8936.740     8938.420
   995:     8938.550     8938.700     8938.960     8939.270     8939.490
  1000:     8939.720     8939.900     8940.090     8941.180     8942.200
  1005:     8943.620     8944.280     8944.810     8945.190     8945.930
  1010:     8946.170     8946.490     8946.670     8946.750     8947.950
  1015:     8950.260     8950.640     8951.190     8952.000     8952.090
  1020:     8952.250     8952.370     8952.660     8952.770     8952.800
  1025:     8953.160     8953.390     8953.720     8956.400     8957.630
  1030:     8959.660     8960.190     8961.240     8961.800     8962.750
  1035:     8963.250     8964.950     8965.880     8967.960     8968.200
  1040:     8968.230     8968.330     8970.310     8970.390     8971.380
  1045:     8971.760     8973.520     8973.680     8973.710     8974.180
  1050:     8974.940     8975.050     8975.100     8975.320     8975.610
  1055:     8976.060     8976.640     8978.080     8978.360     8978.420
  1060:     8983.300     8983.700     8983.960     8984.240     8985.470
  1065:     8985.600     8986.360     8987.870     8989.030     8989.330
  1070:     8990.090     8990.170     8990.630     8992.690     8993.730
  1075:     8997.510     8997.900     8999.400     9000.220     9007.770
  1080:     9007.950     9008.730     9014.470     9016.310     9022.980
  1085:     9030.330     9030.330     9030.330     9030.340     9030.340
  1090:     9032.520     9032.720     9035.680     9035.760     9036.230
  1095:     9036.340     9038.120     9040.330     9040.340     9044.420
  1100:     9046.250     9046.360     9046.450     9046.750     9047.890
  1105:     9054.100     9054.120     9064.420     9133.200     9133.200
  1110:     9133.200     9133.210     9133.210     9143.200     9143.210
  1115:     9205.470     9206.060     9206.100     9207.080     9207.680
  1120:     9209.090     9209.250     9215.130     9217.900     9217.990
  1125:     9218.120     9218.260     9218.320     9225.260     9225.260
  1130:     9225.260     9225.270     9225.270     9235.260     9235.270
  1135:     9625.350     9625.350     9625.350     9625.360     9625.360
  1140:     9635.350     9635.360    10253.120    10253.220    10253.270
  1145:    10257.420    10258.240    10258.640    10258.740    10258.970
  1150:    10278.170    10278.170    10278.170    10278.180    10278.180
  1155:    10281.520    10282.900    10282.960    10288.170    10288.180
  1160:    10484.490    10484.490    10484.490    10484.500    10484.500
  1165:    10494.120    10494.490    10494.500    10494.780    10496.950
  1170:    10518.270    10518.270    10518.270    10518.280    10518.280
  1175:    10524.060    10524.060    10528.270    10528.280
