File: C:\MED-PC\Data\2024-11-18_16h13m_Subject 56.txt


Start Date: 11/18/24
End Date: 11/18/24
Subject: 56
Experiment: OralFentSA
Group: One
Box: 12
Start Time: 16:13:56
End Time: 18:55:20
MSN: Golden_Liq_SelfAdmin_EXT
F:       0.000
G:     582.000
H:    9681.580
I:       0.000
J:       0.000
K:       0.000
L:       0.000
M:       0.000
N:       0.000
O:       0.000
P:       0.000
Q:       0.000
R:       0.000
S:       0.000
U:       0.000
V:       0.000
W:       0.000
X:       0.000
Y:       0.000
Z:       0.000
A:
     0:        0.000        0.000      180.000        4.000        0.000
     5:        5.000        0.000        5.000        0.000        0.000
    10:        1.000        0.000       10.000   100000.000       37.300
    15:       21.000      600.000        0.000        0.000        0.000
    20:        0.000
B:
     0:        0.000        0.000        0.000        0.000        0.000
     5:        0.000        0.000        0.000        0.000        0.000
    10:        0.000        0.000     1000.000 10000000.000        0.000
    15:        0.000        0.000        0.000        0.000        0.000
    20:        0.000
C:
     0:        0.000       38.000       73.000       51.000      218.000
     5:     9500.820      202.730       29.000     1855.080       63.968
    10:       51.000       73.000        0.000        0.000        0.000
    15:        0.000        0.000        0.000        0.000        0.000
    20:        0.000
D:
     0:       25.170       25.840       77.080       58.580       25.280
     5:       83.650       14.880        1.510        2.450       40.240
    10:       62.150       10.310       76.820      214.750        6.970
    15:        9.250       17.460       15.130       62.490      122.180
    20:       11.370       11.210      149.170        7.660        0.280
    25:      124.750      320.860       74.860      202.730
E:
     0:       19.000       11.000       26.000       27.000        6.000
     5:        6.000        2.000        4.000       22.000       24.000
    10:       12.000       21.000       22.000       21.000       22.000
    15:       21.000       22.000       19.000       11.000        6.000
    20:        6.000        1.000        1.000        6.000        6.000
    25:        6.000        1.000        6.000        6.000        6.000
    30:        6.000        6.000        2.000        4.000       22.000
    35:       24.000       12.000       21.000       22.000       19.000
    40:       11.000        6.000        6.000        6.000        6.000
    45:        6.000        6.000        6.000        6.000        6.000
    50:        6.000        6.000        6.000        6.000        6.000
    55:        6.000        2.000        4.000       22.000       24.000
    60:       12.000       21.000       22.000       19.000       11.000
    65:        6.000        6.000        6.000        6.000        6.000
    70:        2.000        4.000       22.000       24.000       12.000
    75:       21.000       22.000       20.000       19.000       11.000
    80:        6.000        1.000        1.000        1.000        1.000
    85:        1.000        1.000        1.000        1.000        6.000
    90:        6.000        6.000        6.000        6.000        6.000
    95:        6.000        1.000        1.000        6.000        6.000
   100:        6.000        6.000        6.000        6.000        6.000
   105:        6.000        6.000        6.000        6.000        6.000
   110:        6.000        6.000        1.000        6.000        6.000
   115:        6.000        6.000        2.000        4.000       22.000
   120:       24.000       12.000       20.000       19.000       11.000
   125:        6.000        6.000        1.000        1.000        6.000
   130:        6.000        6.000        2.000        4.000       22.000
   135:       24.000       12.000       19.000       11.000        1.000
   140:        6.000        1.000        1.000        6.000        6.000
   145:        6.000        1.000        1.000        1.000        2.000
   150:        4.000       22.000       24.000       12.000       19.000
   155:       11.000        6.000        6.000        6.000        6.000
   160:        6.000        1.000        6.000        6.000        6.000
   165:        6.000        1.000        6.000        6.000        6.000
   170:        6.000        6.000        6.000        6.000        6.000
   175:        6.000        6.000        6.000        6.000        6.000
   180:        6.000        6.000        6.000        2.000        4.000
   185:       22.000       24.000       12.000       21.000       22.000
   190:        6.000        6.000       19.000       11.000        6.000
   195:        6.000        6.000        6.000        1.000        6.000
   200:        6.000        6.000        6.000        6.000        6.000
   205:        6.000        1.000        6.000        2.000        4.000
   210:       22.000       24.000       12.000       21.000       22.000
   215:       21.000       22.000       19.000       11.000        2.000
   220:        4.000       22.000       24.000       12.000        6.000
   225:        6.000       19.000       11.000        6.000        6.000
   230:        6.000        6.000        6.000        6.000        2.000
   235:        4.000       22.000       24.000       12.000       20.000
   240:       19.000       11.000        1.000        1.000        1.000
   245:        1.000        1.000        2.000        4.000       22.000
   250:       24.000       12.000       19.000       11.000        6.000
   255:        2.000        4.000       22.000       24.000       12.000
   260:       21.000       22.000       21.000       22.000       19.000
   265:       11.000        1.000        6.000        1.000        2.000
   270:        4.000       22.000       24.000       12.000       19.000
   275:       11.000        6.000        6.000        6.000        6.000
   280:        2.000        4.000       22.000       24.000       12.000
   285:       19.000       11.000        6.000        6.000        6.000
   290:        6.000        1.000        2.000        4.000       22.000
   295:       24.000       12.000       19.000       11.000        6.000
   300:        6.000        1.000        6.000        6.000        6.000
   305:        2.000        4.000       22.000       24.000       12.000
   310:        6.000        6.000        6.000        6.000       19.000
   315:       11.000        1.000        1.000        2.000        4.000
   320:       22.000       24.000       12.000        6.000       19.000
   325:       11.000        6.000        6.000        6.000        6.000
   330:        1.000        6.000        6.000        6.000        6.000
   335:        1.000        1.000        2.000        4.000       22.000
   340:       24.000       12.000       19.000       11.000        2.000
   345:        4.000       22.000       24.000       12.000       21.000
   350:       22.000       20.000       19.000       11.000        6.000
   355:        6.000        6.000        6.000        2.000        4.000
   360:       22.000       24.000       12.000       21.000       22.000
   365:       19.000       11.000        1.000        2.000        4.000
   370:       22.000       24.000       12.000       19.000       11.000
   375:        6.000        6.000        6.000        6.000        1.000
   380:        1.000        6.000        6.000        6.000        1.000
   385:        1.000        2.000        4.000       22.000       24.000
   390:       12.000       21.000       22.000       19.000       11.000
   395:        1.000        1.000        6.000        6.000        1.000
   400:        6.000        6.000        1.000        1.000        6.000
   405:        6.000        6.000        6.000        6.000        6.000
   410:        6.000        6.000        6.000        6.000        1.000
   415:        1.000        1.000        6.000        6.000        6.000
   420:        6.000        2.000        4.000       22.000       24.000
   425:       12.000       19.000       11.000        6.000        6.000
   430:        6.000        6.000        1.000        1.000        1.000
   435:        6.000        6.000        2.000        4.000       22.000
   440:       24.000       12.000       19.000       11.000        2.000
   445:        4.000       22.000       24.000       12.000       19.000
   450:       11.000        6.000        6.000        2.000        4.000
   455:       22.000       24.000       12.000       19.000       11.000
   460:        6.000        6.000        6.000        6.000        2.000
   465:        4.000       22.000       24.000       12.000       19.000
   470:       11.000        2.000        4.000       22.000       24.000
   475:       12.000       19.000       11.000        1.000        1.000
   480:        1.000        6.000        6.000        6.000        1.000
   485:        2.000        4.000       22.000       24.000       12.000
   490:        6.000        6.000        6.000        6.000       19.000
   495:       11.000        6.000        6.000        2.000        4.000
   500:       22.000       24.000       12.000       19.000       11.000
   505:        2.000        4.000       22.000       24.000       12.000
   510:        6.000       20.000       20.000       19.000       11.000
   515:        6.000        6.000        6.000        6.000        6.000
   520:        2.000        4.000       22.000       24.000       12.000
   525:       19.000       11.000        1.000        6.000        6.000
   530:        6.000        1.000        1.000        2.000        4.000
   535:       22.000       24.000       12.000       19.000       11.000
   540:        1.000        1.000        6.000        6.000        6.000
   545:        6.000        6.000        6.000        6.000        6.000
   550:        6.000        2.000        4.000       22.000       24.000
   555:       12.000       19.000       11.000        6.000        6.000
   560:        6.000        6.000        6.000        6.000        2.000
   565:        4.000       22.000       24.000       12.000       19.000
   570:       11.000        1.000        1.000        6.000        6.000
   575:        2.000        4.000       22.000       24.000       12.000
   580:       19.000       11.000
T:
     0:        0.000        0.000        0.000        0.000        5.320
     5:        5.450       13.170       13.170       13.170       13.180
    10:       13.180       13.780       13.780       13.850       13.850
    15:       14.160       14.160       23.170       23.180       38.350
    20:       41.080       45.400       46.670      106.280      107.520
    25:      111.290      119.270      144.870      145.800      148.680
    30:      150.480      151.080      154.770      154.770      154.770
    35:      154.780      154.780      154.920      154.920      164.770
    40:      164.780      180.620      245.820      246.090      246.360
    45:      246.730      247.320      248.010      393.320      396.680
    50:      399.450      403.150      404.180      404.970      405.030
    55:      405.950      408.080      408.080      408.080      408.090
    60:      408.090      408.660      408.660      418.080      418.090
    65:      485.170      487.660      680.540      710.450      714.630
    70:      751.640      751.640      751.640      751.650      751.650
    75:      752.020      752.020      758.770      761.640      761.650
    80:      810.230      829.470      836.080      838.070      838.460
    85:      841.960      845.050      845.880      903.860      949.930
    90:      952.330      957.230      960.460      961.110      961.250
    95:      962.720     1001.800     1002.050     1014.240     1015.650
   100:     1018.030     1102.730     1102.810     1137.010     1137.870
   105:     1149.290     1149.630     1150.080     1251.520     1353.360
   110:     1492.460     1493.790     1510.780     1539.550     1539.940
   115:     1613.410     1615.210     1778.550     1778.550     1778.550
   120:     1778.560     1778.560     1782.720     1788.550     1788.560
   125:     1803.840     1804.210     1824.010     1842.030     1894.330
   130:     1894.470     1895.480     1905.310     1905.310     1905.310
   135:     1905.320     1905.320     1915.310     1915.320     1983.830
   140:     1988.970     2058.160     2074.740     2133.410     2134.240
   145:     2135.890     2180.610     2183.950     2184.940     2331.200
   150:     2331.200     2331.200     2331.210     2331.210     2341.200
   155:     2341.210     2346.090     2347.180     2348.140     2430.850
   160:     2431.010     2579.530     2584.220     2585.390     2596.530
   165:     2601.000     2604.860     2625.750     2630.470     2643.730
   170:     2645.990     2737.970     2738.770     2739.240     2740.860
   175:     2743.560     2744.330     2744.590     2745.680     2814.460
   180:     2856.940     2884.370     2884.470     3087.630     3087.630
   185:     3087.630     3087.640     3087.640     3087.790     3087.790
   190:     3089.150     3089.660     3097.630     3097.640     3100.820
   195:     3102.510     3104.220     3106.660     3152.400     3200.590
   200:     3212.410     3218.670     3219.920     3221.230     3275.180
   205:     3275.950     3303.110     3330.680     3334.160     3334.160
   210:     3334.160     3334.170     3334.170     3334.320     3334.320
   215:     3335.210     3335.210     3344.160     3344.170     3424.920
   220:     3424.920     3424.920     3424.930     3424.930     3427.380
   225:     3429.150     3434.920     3434.930     3457.580     3457.740
   230:     3457.850     3458.040     3465.270     3465.290     3597.930
   235:     3597.930     3597.930     3597.940     3597.940     3605.320
   240:     3607.930     3607.940     3621.890     3631.780     3632.200
   245:     3640.390     3641.300     3740.400     3740.400     3740.400
   250:     3740.410     3740.410     3750.400     3750.410     3780.650
   255:     3784.220     3784.220     3784.220     3784.230     3784.230
   260:     3784.860     3784.860     3786.170     3786.170     3794.220
   265:     3794.230     3814.700     3846.380     3940.890     3990.460
   270:     3990.460     3990.460     3990.470     3990.470     4000.460
   275:     4000.470     4000.780     4004.060     4005.390     4006.380
   280:     4040.840     4040.840     4040.840     4040.850     4040.850
   285:     4050.840     4050.850     4117.670     4117.900     4182.940
   290:     4184.630     4193.650     4223.000     4223.000     4223.000
   295:     4223.010     4223.010     4233.000     4233.010     4437.760
   300:     4440.230     4449.200     4542.330     4542.700     4543.030
   305:     4548.340     4548.340     4548.340     4548.350     4548.350
   310:     4555.320     4555.430     4555.790     4557.950     4558.340
   315:     4558.350     4566.080     4569.120     4601.550     4601.550
   320:     4601.550     4601.560     4601.560     4610.810     4611.550
   325:     4611.560     4631.810     4632.430     4634.510     4634.590
   330:     4731.910     4819.890     4821.270     4886.160     4886.580
   335:     4914.090     4965.820     4985.540     4985.540     4985.540
   340:     4985.550     4985.550     4995.540     4995.550     5000.870
   345:     5000.870     5000.870     5000.880     5000.880     5001.930
   350:     5001.930     5004.980     5010.870     5010.880     5018.340
   355:     5056.020     5060.450     5060.820     5064.230     5064.230
   360:     5064.230     5064.240     5064.240     5064.350     5064.350
   365:     5074.230     5074.240     5205.760     5217.260     5217.260
   370:     5217.260     5217.270     5217.270     5227.260     5227.270
   375:     5232.400     5249.770     5333.420     5334.040     5400.880
   380:     5432.170     5439.560     5442.330     5442.560     5452.000
   385:     5486.450     5520.060     5520.060     5520.060     5520.070
   390:     5520.070     5522.800     5522.800     5530.060     5530.070
   395:     5533.220     5565.740     5582.560     5582.700     5735.610
   400:     5818.820     5818.930     5924.200     6148.440     6191.500
   405:     6225.560     6225.910     6225.940     6226.650     6280.110
   410:     6284.610     6285.950     6286.220     6365.600     6452.000
   415:     6452.500     6453.350     6494.750     6495.260     6497.950
   420:     6601.630     6701.210     6701.210     6701.210     6701.220
   425:     6701.220     6711.210     6711.220     6823.400     6824.250
   430:     6824.580     6825.560     6933.670     7032.970     7354.570
   435:     7380.620     7381.740     7385.440     7385.440     7385.440
   440:     7385.450     7385.450     7395.440     7395.450     7468.780
   445:     7468.780     7468.780     7468.790     7468.790     7478.780
   450:     7478.790     7480.160     7482.890     7562.480     7562.480
   455:     7562.480     7562.490     7562.490     7572.480     7572.490
   460:     7573.700     7573.850     7573.910     7573.980     7592.820
   465:     7592.820     7592.820     7592.830     7592.830     7602.820
   470:     7602.830     7639.840     7639.840     7639.840     7639.850
   475:     7639.850     7649.840     7649.850     7673.330     7675.460
   480:     7730.990     7789.020     7791.660     7792.500     7797.190
   485:     7800.000     7800.000     7800.000     7800.010     7800.010
   490:     7807.670     7807.980     7808.570     7809.680     7810.000
   495:     7810.010     7811.820     7812.090     7814.080     7814.080
   500:     7814.080     7814.090     7814.090     7824.080     7824.090
   505:     7828.740     7828.740     7828.740     7828.750     7828.750
   510:     7829.030     7835.790     7837.040     7838.740     7838.750
   515:     8099.610     8099.650     8099.990     8103.440     8105.510
   520:     8116.450     8116.450     8116.450     8116.460     8116.460
   525:     8126.450     8126.460     8235.950     8241.210     8241.490
   530:     8242.190     8433.320     8443.430     8528.020     8528.020
   535:     8528.020     8528.030     8528.030     8538.020     8538.030
   540:     8569.160     8815.740     8848.890     8849.010     8849.590
   545:     8850.640     8851.700     8853.940     8943.710     8948.370
   550:     8952.440     8961.140     8961.140     8961.140     8961.150
   555:     8961.150     8971.140     8971.150     9036.010     9036.150
   560:     9036.420     9281.000     9281.950     9282.040     9284.590
   565:     9284.590     9284.590     9284.600     9284.600     9294.590
   570:     9294.600     9312.990     9394.070     9487.330     9487.380
   575:     9500.810     9500.810     9500.810     9500.820     9500.820
   580:     9510.810     9510.820
