File: C:\MED-PC\Data\2024-10-29_12h50m_Subject 52.txt


Start Date: 10/29/24
End Date: 10/29/24
Subject: 52
Experiment: OralFentSA
Group: One
Box: 8
Start Time: 12:50:28
End Time: 15:50:51
MSN: 20241014_Golden_Liq_SelfAdmin
F:       0.000
G:     833.000
H:   10800.000
I:       0.000
J:       0.000
K:       0.000
L:       0.000
M:       0.000
N:       0.000
O:       0.000
P:       0.000
Q:       0.000
R:       0.000
S:       0.000
U:       0.000
V:       0.000
W:       0.000
X:       0.000
Y:       0.000
Z:       0.000
A:
     0:        0.000        0.000      180.000        4.000        0.000
     5:        5.000        0.000        5.000        0.000        0.000
    10:        1.000        0.000       10.000   100000.000       22.400
    15:        7.000      640.000        0.000        0.000        0.000
    20:        0.000
B:
     0:        0.000        0.000        0.000      400.000        0.000
     5:      500.000        0.000      500.000        0.000        0.000
    10:        0.000        0.000     1000.000 10000000.000        0.000
    15:        0.000        0.000        0.000        0.000        0.000
    20:        0.000
C:
     0:       40.000       41.000       85.000       59.000      146.000
     5:     8520.260       13.750       24.000     2784.270      116.011
    10:       59.000       85.000        0.000        0.000        0.000
    15:        0.000        0.000        0.000        0.000        0.000
    20:        0.000
D:
     0:        4.390       12.720       40.620       19.380       95.080
     5:       43.550       12.650      180.340        9.220      234.290
    10:      164.290       15.720       48.050       69.100       98.400
    15:      132.460       35.580       34.690      808.630       55.900
    20:       49.230       36.350      569.880       13.750
E:
     0:       19.000       11.000       26.000       27.000        2.000
     5:        4.000       22.000       24.000       12.000       13.000
    10:        8.000        5.000       17.000       18.000        6.000
    15:        6.000       14.000       10.000        6.000        6.000
    20:        6.000       19.000       11.000        2.000        4.000
    25:       22.000       24.000       12.000       13.000        8.000
    30:        5.000       17.000       18.000       14.000       10.000
    35:       19.000       11.000        6.000        6.000        6.000
    40:        6.000        2.000        4.000       22.000       24.000
    45:       12.000       13.000        8.000        5.000       17.000
    50:       18.000       14.000       10.000       19.000       11.000
    55:        6.000        6.000        6.000        6.000        6.000
    60:        2.000        4.000       22.000       24.000       12.000
    65:       13.000        8.000        5.000       17.000       20.000
    70:       18.000       14.000       10.000       20.000       19.000
    75:       11.000        2.000        4.000       22.000       24.000
    80:       12.000       13.000        8.000        5.000       17.000
    85:       18.000       21.000       22.000       14.000       10.000
    90:       19.000       11.000        2.000        4.000       22.000
    95:       24.000       12.000       13.000        8.000        5.000
   100:       17.000       18.000       14.000       10.000       19.000
   105:       11.000        6.000        6.000        1.000        1.000
   110:        6.000        6.000        6.000        6.000        6.000
   115:        6.000        6.000        6.000        6.000        6.000
   120:        6.000        6.000        2.000        4.000       22.000
   125:       24.000       12.000       13.000        8.000        5.000
   130:       17.000       18.000       14.000       10.000       19.000
   135:       11.000        1.000        1.000        1.000        1.000
   140:        6.000        6.000        2.000        4.000       22.000
   145:       24.000       12.000       13.000        8.000        5.000
   150:       17.000       18.000       14.000       10.000       19.000
   155:       11.000        1.000        2.000        4.000       22.000
   160:       24.000       12.000       13.000        8.000        5.000
   165:       17.000       18.000       14.000       10.000       21.000
   170:       22.000       21.000       22.000       19.000       11.000
   175:        2.000        4.000       22.000       24.000       12.000
   180:       13.000        8.000        5.000       17.000       18.000
   185:       14.000       10.000       19.000       11.000        6.000
   190:        6.000        6.000        6.000        6.000        6.000
   195:        6.000        6.000        6.000        6.000        1.000
   200:        1.000        2.000        4.000       22.000       24.000
   205:       12.000       13.000        8.000        5.000       17.000
   210:       18.000       14.000       10.000       19.000       11.000
   215:        1.000        1.000        1.000        1.000        1.000
   220:        2.000        4.000       22.000       24.000       12.000
   225:       13.000        8.000        5.000       17.000       18.000
   230:       14.000       10.000       20.000       19.000       11.000
   235:        2.000        4.000       22.000       24.000       12.000
   240:       13.000        8.000        5.000       17.000       18.000
   245:       14.000       10.000       19.000       11.000        2.000
   250:        4.000       22.000       24.000       12.000       13.000
   255:        8.000        5.000       17.000       18.000       14.000
   260:       10.000       19.000       11.000        6.000        6.000
   265:        6.000        1.000        2.000        4.000       22.000
   270:       24.000       12.000       13.000        8.000        5.000
   275:       17.000       18.000       14.000       10.000       19.000
   280:       11.000        2.000        4.000       22.000       24.000
   285:       12.000       13.000        8.000        5.000       17.000
   290:       18.000       14.000       10.000       19.000       11.000
   295:        6.000        6.000        6.000        6.000        6.000
   300:        6.000        6.000        6.000        6.000        1.000
   305:        1.000        1.000        1.000        1.000        1.000
   310:        1.000        1.000        2.000        4.000       22.000
   315:       24.000       12.000       13.000        8.000        5.000
   320:       17.000       21.000       22.000       21.000       22.000
   325:       18.000       14.000       10.000        6.000        6.000
   330:        6.000       19.000       11.000        6.000        6.000
   335:        6.000        6.000        6.000        6.000        6.000
   340:        1.000        2.000        4.000       22.000       24.000
   345:       12.000       13.000        8.000        5.000       17.000
   350:       18.000       14.000       10.000       20.000       20.000
   355:       20.000       19.000       11.000        6.000        6.000
   360:        6.000        2.000        4.000       22.000       24.000
   365:       12.000       13.000        8.000        5.000       17.000
   370:       21.000       22.000       18.000       14.000       10.000
   375:       19.000       11.000        1.000        1.000        1.000
   380:        1.000        1.000        6.000        6.000        2.000
   385:        4.000       22.000       24.000       12.000       13.000
   390:        8.000        5.000       17.000       18.000       14.000
   395:       10.000       19.000       11.000        6.000        6.000
   400:        6.000        6.000        6.000        1.000        2.000
   405:        4.000       22.000       24.000       12.000       13.000
   410:        8.000        5.000       17.000       20.000       18.000
   415:       14.000       10.000       20.000       19.000       11.000
   420:        2.000        4.000       22.000       24.000       12.000
   425:       13.000        8.000        5.000       17.000       18.000
   430:       14.000       10.000       19.000       11.000        6.000
   435:        6.000        6.000        6.000        6.000        6.000
   440:        6.000        6.000        6.000        6.000        6.000
   445:        6.000        6.000        6.000        1.000        1.000
   450:        1.000        1.000        1.000        2.000        4.000
   455:       22.000       24.000       12.000       13.000        8.000
   460:        5.000       17.000       18.000       14.000       10.000
   465:       19.000       11.000        1.000        1.000        2.000
   470:        4.000       22.000       24.000       12.000       13.000
   475:        8.000        5.000       17.000       21.000       22.000
   480:       18.000       14.000       10.000       19.000       11.000
   485:        1.000        6.000        6.000        6.000        6.000
   490:        6.000        6.000        6.000        6.000        6.000
   495:        2.000        4.000       22.000       24.000       12.000
   500:       13.000        8.000        5.000       17.000       21.000
   505:       22.000       21.000       22.000       18.000       14.000
   510:       10.000       19.000       11.000        1.000        1.000
   515:        1.000        6.000        6.000        6.000        2.000
   520:        4.000       22.000       24.000       12.000       13.000
   525:        8.000        5.000       17.000       21.000       22.000
   530:       18.000       21.000       22.000       14.000       10.000
   535:       21.000       22.000       19.000       11.000        2.000
   540:        4.000       22.000       24.000       12.000       13.000
   545:        8.000        5.000       17.000       18.000       14.000
   550:       10.000       20.000       19.000       11.000        1.000
   555:        1.000        1.000        1.000        1.000        1.000
   560:        6.000        6.000        6.000        6.000        2.000
   565:        4.000       22.000       24.000       12.000       13.000
   570:        8.000        5.000       17.000       21.000       22.000
   575:       18.000       14.000       10.000       21.000       22.000
   580:       19.000       11.000        6.000        6.000        6.000
   585:        6.000        1.000        1.000        2.000        4.000
   590:       22.000       24.000       12.000       13.000        8.000
   595:        5.000       17.000       18.000       14.000       10.000
   600:       19.000       11.000        1.000        1.000        2.000
   605:        4.000       22.000       24.000       12.000       13.000
   610:        8.000        5.000       17.000       18.000       14.000
   615:       10.000       19.000       11.000        6.000        6.000
   620:        6.000        6.000        6.000        6.000        1.000
   625:        1.000        1.000        1.000        1.000        1.000
   630:        1.000        1.000        2.000        4.000       22.000
   635:       24.000       12.000       13.000        8.000        5.000
   640:       17.000       21.000       22.000       18.000       14.000
   645:       10.000       19.000       11.000        1.000        1.000
   650:        1.000        6.000        6.000        6.000        2.000
   655:        4.000       22.000       24.000       12.000       13.000
   660:        8.000        5.000       17.000       18.000       14.000
   665:       10.000       19.000       11.000        6.000        6.000
   670:        6.000        6.000        1.000        1.000        1.000
   675:        2.000        4.000       22.000       24.000       12.000
   680:       13.000        8.000        5.000       17.000       18.000
   685:       14.000       10.000       19.000       11.000        6.000
   690:        6.000        6.000        6.000        6.000        6.000
   695:        6.000        6.000        6.000        1.000        2.000
   700:        4.000       22.000       24.000       12.000       13.000
   705:        8.000        5.000       17.000       18.000       14.000
   710:       10.000       19.000       11.000        1.000        2.000
   715:        4.000       22.000       24.000       12.000       13.000
   720:        8.000        5.000       17.000       18.000       14.000
   725:       10.000       21.000       22.000       19.000       11.000
   730:        1.000        1.000        1.000        2.000        4.000
   735:       22.000       24.000       12.000       13.000        8.000
   740:        5.000       17.000       18.000       14.000       10.000
   745:       19.000       11.000        6.000        6.000        6.000
   750:        6.000        2.000        4.000       22.000       24.000
   755:       12.000       13.000        8.000        5.000       17.000
   760:       18.000       14.000       10.000       19.000       11.000
   765:        1.000        1.000        6.000        6.000        6.000
   770:        6.000        6.000        6.000        6.000        2.000
   775:        4.000       22.000       24.000       12.000       13.000
   780:        8.000        5.000       17.000       18.000       14.000
   785:       10.000       19.000       11.000        1.000        1.000
   790:        2.000        4.000       22.000       24.000       12.000
   795:       13.000        8.000        5.000       17.000       21.000
   800:       22.000       18.000       21.000       22.000       14.000
   805:       10.000       21.000       22.000       19.000       11.000
   810:        6.000        6.000        6.000        6.000        6.000
   815:        6.000        6.000        2.000        4.000       22.000
   820:       24.000       12.000       13.000        8.000        5.000
   825:       17.000       18.000       14.000       10.000       19.000
   830:       11.000        1.000        1.000      100.000
T:
     0:        0.000        0.000        0.000        0.000        8.540
     5:        8.540        8.540        8.550        8.550        8.550
    10:        8.550        8.550        8.550       12.550       12.940
    15:       13.200       13.550       13.550       14.510       17.460
    20:       18.470       18.540       18.550       55.920       55.920
    25:       55.920       55.930       55.930       55.930       55.930
    30:       55.930       55.930       59.930       60.930       60.930
    35:       65.920       65.930       68.650       68.940       74.040
    40:       75.430      131.650      131.650      131.650      131.660
    45:      131.660      131.660      131.660      131.660      131.660
    50:      135.660      136.660      136.660      141.650      141.660
    55:      172.280      173.090      173.130      173.170      173.270
    60:      255.560      255.560      255.560      255.570      255.570
    65:      255.570      255.570      255.570      255.570      257.870
    70:      259.570      260.570      260.570      261.360      265.560
    75:      265.570      284.410      284.410      284.410      284.420
    80:      284.420      284.420      284.420      284.420      284.420
    85:      288.420      289.000      289.000      289.420      289.420
    90:      294.410      294.420      484.730      484.730      484.730
    95:      484.740      484.740      484.740      484.740      484.740
   100:      484.740      488.740      489.740      489.740      494.730
   105:      494.740      504.120      504.660      527.470      621.500
   110:      662.790      663.210      665.150      712.660      713.300
   115:      713.340      713.550      743.270      744.500      746.480
   120:      746.540      748.890      751.860      751.860      751.860
   125:      751.870      751.870      751.870      751.870      751.870
   130:      751.870      755.870      756.870      756.870      761.860
   135:      761.870      766.530      769.970      836.360      839.630
   140:      846.950      847.670     1171.620     1171.620     1171.620
   145:     1171.630     1171.630     1171.630     1171.630     1171.630
   150:     1171.630     1175.630     1176.630     1176.630     1181.620
   155:     1181.630     1957.860     2004.900     2004.900     2004.900
   160:     2004.910     2004.910     2004.910     2004.910     2004.910
   165:     2004.910     2008.910     2009.910     2009.910     2010.060
   170:     2010.060     2011.920     2011.920     2014.900     2014.910
   175:     2071.250     2071.250     2071.250     2071.260     2071.260
   180:     2071.260     2071.260     2071.260     2071.260     2075.260
   185:     2076.260     2076.260     2081.250     2081.260     2114.810
   190:     2115.590     2125.250     2127.990     2140.340     2140.450
   195:     2142.120     2146.730     2148.780     2150.000     2160.570
   200:     2175.480     2196.440     2196.440     2196.440     2196.450
   205:     2196.450     2196.450     2196.450     2196.450     2196.450
   210:     2200.450     2201.450     2201.450     2206.440     2206.450
   215:     2285.290     2290.030     2336.460     2337.840     2341.270
   220:     2355.190     2355.190     2355.190     2355.200     2355.200
   225:     2355.200     2355.200     2355.200     2355.200     2359.200
   230:     2360.200     2360.200     2362.990     2365.190     2365.200
   235:     2427.350     2427.350     2427.350     2427.360     2427.360
   240:     2427.360     2427.360     2427.360     2427.360     2431.360
   245:     2432.360     2432.360     2437.350     2437.360     2447.320
   250:     2447.320     2447.320     2447.330     2447.330     2447.330
   255:     2447.330     2447.330     2447.330     2451.330     2452.330
   260:     2452.330     2457.320     2457.330     2459.980     2460.650
   265:     2462.840     2610.090     2618.120     2618.120     2618.120
   270:     2618.130     2618.130     2618.130     2618.130     2618.130
   275:     2618.130     2622.130     2623.130     2623.130     2628.120
   280:     2628.130     2631.440     2631.440     2631.440     2631.450
   285:     2631.450     2631.450     2631.450     2631.450     2631.450
   290:     2635.450     2636.450     2636.450     2641.440     2641.450
   295:     2811.790     2812.200     2818.870     2819.700     2819.740
   300:     2819.770     2820.350     2820.410     2820.520     2833.020
   305:     2834.030     2836.600     2838.220     2873.320     2907.730
   310:     2908.430     3044.150     3106.890     3106.890     3106.890
   315:     3106.900     3106.900     3106.900     3106.900     3106.900
   320:     3106.900     3108.340     3108.340     3110.320     3110.320
   325:     3110.900     3111.900     3111.900     3116.120     3116.440
   330:     3116.860     3116.890     3116.900     3116.920     3116.980
   335:     3121.910     3123.580     3124.210     3125.210     3126.430
   340:     3255.740     3286.520     3286.520     3286.520     3286.530
   345:     3286.530     3286.530     3286.530     3286.530     3286.530
   350:     3290.530     3291.530     3291.530     3292.300     3292.840
   355:     3292.920     3296.520     3296.530     3520.820     3521.570
   360:     3522.530     3572.230     3572.230     3572.230     3572.240
   365:     3572.240     3572.240     3572.240     3572.240     3572.240
   370:     3575.090     3575.090     3576.240     3577.240     3577.240
   375:     3582.230     3582.240     3626.100     3631.380     3690.840
   380:     3699.050     3699.540     3736.530     3737.190     3776.400
   385:     3776.400     3776.400     3776.410     3776.410     3776.410
   390:     3776.410     3776.410     3776.410     3780.410     3781.410
   395:     3781.410     3786.400     3786.410     3792.130     3792.170
   400:     3801.290     3801.620     3801.640     3845.000     3975.770
   405:     3975.770     3975.770     3975.780     3975.780     3975.780
   410:     3975.780     3975.780     3975.780     3978.150     3979.780
   415:     3980.780     3980.780     3982.440     3985.770     3985.780
   420:     4018.800     4018.800     4018.800     4018.810     4018.810
   425:     4018.810     4018.810     4018.810     4018.810     4022.810
   430:     4023.810     4023.810     4028.800     4028.810     4066.860
   435:     4067.180     4068.510     4068.620     4068.770     4069.690
   440:     4070.660     4071.150     4073.090     4073.120     4073.490
   445:     4073.550     4079.430     4079.940     4130.400     4174.390
   450:     4599.350     4601.850     4604.820     4618.080     4618.080
   455:     4618.080     4618.090     4618.090     4618.090     4618.090
   460:     4618.090     4618.090     4622.090     4623.090     4623.090
   465:     4628.080     4628.090     4969.100     4973.020     4984.970
   470:     4984.970     4984.970     4984.980     4984.980     4984.980
   475:     4984.980     4984.980     4984.980     4987.460     4987.460
   480:     4988.980     4989.980     4989.980     4994.970     4994.980
   485:     5027.540     5054.080     5055.050     5055.220     5055.280
   490:     5055.320     5055.440     5055.480     5055.500     5056.400
   495:     5066.580     5066.580     5066.580     5066.590     5066.590
   500:     5066.590     5066.590     5066.590     5066.590     5068.780
   505:     5068.780     5069.710     5069.710     5070.590     5071.590
   510:     5071.590     5076.580     5076.590     5116.360     5125.690
   515:     5128.680     5164.990     5165.370     5166.390     5220.340
   520:     5220.340     5220.340     5220.350     5220.350     5220.350
   525:     5220.350     5220.350     5220.350     5223.790     5223.790
   530:     5224.350     5224.480     5224.480     5225.350     5225.350
   535:     5227.590     5227.590     5230.340     5230.350     5232.000
   540:     5232.000     5232.000     5232.010     5232.010     5232.010
   545:     5232.010     5232.010     5232.010     5236.010     5237.010
   550:     5237.010     5241.610     5242.000     5242.010     5246.650
   555:     5247.690     5292.000     5313.650     5316.170     5356.570
   560:     5364.470     5365.220     5367.170     5369.220     5379.710
   565:     5379.710     5379.710     5379.720     5379.720     5379.720
   570:     5379.720     5379.720     5379.720     5382.900     5382.900
   575:     5383.720     5384.720     5384.720     5388.130     5388.130
   580:     5389.710     5389.720     5415.300     5415.450     5415.720
   585:     5424.290     5792.480     5980.730     6029.080     6029.080
   590:     6029.080     6029.090     6029.090     6029.090     6029.090
   595:     6029.090     6029.090     6033.090     6034.090     6034.090
   600:     6039.080     6039.090     6081.070     6086.990     6217.350
   605:     6217.350     6217.350     6217.360     6217.360     6217.360
   610:     6217.360     6217.360     6217.360     6221.360     6222.360
   615:     6222.360     6227.350     6227.360     6252.050     6252.250
   620:     6252.360     6252.420     6255.300     6257.390     6338.330
   625:     6339.560     6351.620     6382.580     6383.820     6384.980
   630:     6385.200     6395.910     6414.010     6414.010     6414.010
   635:     6414.020     6414.020     6414.020     6414.020     6414.020
   640:     6414.020     6417.800     6417.800     6418.020     6419.020
   645:     6419.020     6424.010     6424.020     6478.260     7184.020
   650:     7195.170     7222.650     7222.670     7225.050     7229.800
   655:     7229.800     7229.800     7229.810     7229.810     7229.810
   660:     7229.810     7229.810     7229.810     7233.810     7234.810
   665:     7234.810     7239.800     7239.810     7285.710     7286.150
   670:     7286.230     7287.720     7396.820     7398.740     7401.810
   675:     7431.560     7431.560     7431.560     7431.570     7431.570
   680:     7431.570     7431.570     7431.570     7431.570     7435.570
   685:     7436.570     7436.570     7441.560     7441.570     7480.800
   690:     7481.310     7489.650     7490.200     7490.230     7492.070
   695:     7493.390     7494.910     7495.020     7517.350     7569.820
   700:     7569.820     7569.820     7569.830     7569.830     7569.830
   705:     7569.830     7569.830     7569.830     7573.830     7574.830
   710:     7574.830     7579.820     7579.830     7646.480     7657.010
   715:     7657.010     7657.010     7657.020     7657.020     7657.020
   720:     7657.020     7657.020     7657.020     7661.020     7662.020
   725:     7662.020     7663.440     7663.440     7667.010     7667.020
   730:     7691.690     7701.140     7705.550     7754.420     7754.420
   735:     7754.420     7754.430     7754.430     7754.430     7754.430
   740:     7754.430     7754.430     7758.430     7759.430     7759.430
   745:     7764.420     7764.430     7790.780     7791.550     7791.620
   750:     7792.120     7800.780     7800.780     7800.780     7800.790
   755:     7800.790     7800.790     7800.790     7800.790     7800.790
   760:     7804.790     7805.790     7805.790     7810.780     7810.790
   765:     8132.950     8226.870     8370.670     8373.180     8373.510
   770:     8373.980     8374.160     8374.200     8374.350     8377.430
   775:     8377.430     8377.430     8377.440     8377.440     8377.440
   780:     8377.440     8377.440     8377.440     8381.440     8382.440
   785:     8382.440     8387.430     8387.440     8401.300     8404.550
   790:     8429.360     8429.360     8429.360     8429.370     8429.370
   795:     8429.370     8429.370     8429.370     8429.370     8431.240
   800:     8431.240     8433.370     8433.510     8433.510     8434.370
   805:     8434.370     8436.660     8436.660     8439.360     8439.370
   810:     8443.120     8444.130     8445.070     8446.060     8446.250
   815:     8446.720     8483.520     8520.250     8520.250     8520.250
   820:     8520.260     8520.260     8520.260     8520.260     8520.260
   825:     8520.260     8524.260     8525.260     8525.260     8530.250
   830:     8530.260     8540.950     8546.600    10800.000
