File: C:\MED-PC\Data\2024-11-07_15h44m_Subject 46.txt


Start Date: 11/07/24
End Date: 11/07/24
Subject: 46
Experiment: OralFentSA
Group: One
Box: 2
Start Time: 15:44:02
End Time: 18:43:45
MSN: 20241014Golden_Liq_SelfAdmin
F:       0.000
G:    1125.000
H:   10724.610
I:       0.000
J:       0.000
K:       0.000
L:       0.000
M:       0.000
N:       0.000
O:       0.000
P:       0.000
Q:       0.000
R:       0.000
S:       0.000
U:       0.000
V:       0.000
W:       0.000
X:       0.000
Y:       0.000
Z:       0.000
A:
     0:        0.000        0.000      180.000        4.000        0.000
     5:        5.000        0.000        5.000        0.000        0.000
    10:        1.000        0.000       10.000   100000.000       17.000
    15:       14.000      640.000        0.000        0.000        0.000
    20:        0.000
B:
     0:        0.000        0.000        0.000      400.000        0.000
     5:      500.000        0.000      500.000        0.000        0.000
    10:        0.000        0.000     1000.000 10000000.000        0.000
    15:        0.000        0.000        0.000        0.000        0.000
    20:        0.000
C:
     0:       35.000       36.000       13.000       53.000      582.000
     5:     9877.860        1.230       35.000      113.280        3.237
    10:       53.000       13.000        0.000        0.000        0.000
    15:        0.000        0.000        0.000        0.000        0.000
    20:        0.000
D:
     0:        2.510        1.020        1.040       10.960        0.760
     5:        1.090        3.020        0.760       10.970        0.780
    10:        1.010       34.880        1.160        1.570        1.540
    15:        1.090        1.100        1.940        4.940        1.030
    20:        0.900        1.350        0.970        1.330        1.170
    25:        0.540        0.820        1.210        0.640        1.150
    30:        2.380        0.890        2.940       12.590        1.230
E:
     0:       19.000       11.000       26.000       27.000        6.000
     5:        2.000        4.000       22.000       24.000       12.000
    10:       13.000        8.000        5.000       17.000       21.000
    15:       22.000        6.000       18.000       14.000       10.000
    20:        6.000        6.000        6.000       19.000       11.000
    25:        6.000        2.000        4.000       22.000       24.000
    30:       12.000       13.000        8.000        5.000       17.000
    35:        6.000       18.000       14.000       10.000        6.000
    40:       19.000       11.000        6.000        6.000        6.000
    45:        6.000        6.000        1.000        1.000        1.000
    50:        1.000        1.000        1.000        1.000        1.000
    55:        2.000        4.000       22.000       24.000       12.000
    60:       13.000        8.000        5.000       17.000        6.000
    65:       18.000       14.000       10.000        6.000        6.000
    70:       19.000       11.000        6.000        6.000        6.000
    75:        6.000        6.000        6.000        6.000        6.000
    80:        6.000        6.000        6.000        6.000        6.000
    85:        6.000        6.000        6.000        6.000        6.000
    90:        6.000        6.000        6.000        6.000        6.000
    95:        6.000        6.000        6.000        6.000        6.000
   100:        6.000        6.000        6.000        6.000        6.000
   105:        2.000        4.000       22.000       24.000       12.000
   110:       13.000        8.000        5.000       17.000       21.000
   115:       22.000       21.000       22.000       18.000       21.000
   120:       22.000       14.000       10.000       21.000       22.000
   125:       19.000       11.000        6.000        6.000        6.000
   130:        6.000        6.000        6.000        6.000        6.000
   135:        6.000        2.000        4.000       22.000       24.000
   140:       12.000       13.000        8.000        5.000       17.000
   145:        6.000       18.000        6.000       14.000       10.000
   150:        6.000        6.000       19.000       11.000        6.000
   155:        6.000        6.000        6.000        6.000        6.000
   160:        6.000        6.000        6.000        6.000        6.000
   165:        6.000        6.000        2.000        4.000       22.000
   170:       24.000       12.000       13.000        8.000        5.000
   175:       17.000        6.000       18.000       14.000       10.000
   180:        6.000        6.000       19.000       11.000        6.000
   185:        6.000        6.000        6.000        6.000        6.000
   190:        6.000        1.000        6.000        6.000        2.000
   195:        4.000       22.000       24.000       12.000       13.000
   200:        8.000        5.000       17.000       21.000       22.000
   205:        6.000       18.000       14.000       10.000       19.000
   210:       11.000        2.000        4.000       22.000       24.000
   215:       12.000       13.000        8.000        5.000       17.000
   220:        6.000       18.000       14.000       10.000        6.000
   225:       19.000       11.000        6.000        2.000        4.000
   230:       22.000       24.000       12.000       13.000        8.000
   235:        5.000       17.000       18.000       14.000       10.000
   240:       19.000       11.000        6.000        6.000        6.000
   245:        6.000        6.000        6.000        6.000        6.000
   250:        6.000        6.000        6.000        6.000        6.000
   255:        6.000        6.000        6.000        6.000        6.000
   260:        6.000        6.000        6.000        6.000        6.000
   265:        6.000        6.000        6.000        6.000        6.000
   270:        6.000        6.000        6.000        6.000        6.000
   275:        6.000        6.000        6.000        6.000        6.000
   280:        6.000        6.000        6.000        6.000        6.000
   285:        6.000        6.000        6.000        6.000        6.000
   290:        6.000        6.000        6.000        2.000        4.000
   295:       22.000       24.000       12.000       13.000        8.000
   300:        5.000       17.000        6.000       18.000       14.000
   305:       10.000        6.000       19.000       11.000        6.000
   310:        6.000        2.000        4.000       22.000       24.000
   315:       12.000       13.000        8.000        5.000       17.000
   320:        6.000        6.000        6.000        6.000        6.000
   325:       18.000       14.000       10.000       19.000       11.000
   330:        6.000        6.000        6.000        6.000        6.000
   335:        6.000        6.000        6.000        6.000        6.000
   340:        6.000        1.000        1.000        6.000        6.000
   345:        6.000        6.000        6.000        6.000        6.000
   350:        6.000        6.000        6.000        6.000        6.000
   355:        6.000        2.000        4.000       22.000       24.000
   360:       12.000       13.000        8.000        5.000       17.000
   365:       18.000       14.000       10.000       19.000       11.000
   370:        6.000        6.000        6.000        6.000        6.000
   375:        6.000        6.000        6.000        6.000        6.000
   380:        6.000        6.000        2.000        4.000       22.000
   385:       24.000       12.000       13.000        8.000        5.000
   390:       17.000        6.000        6.000       18.000       14.000
   395:       10.000        6.000       19.000       11.000        6.000
   400:        6.000        6.000        6.000        6.000        2.000
   405:        4.000       22.000       24.000       12.000       13.000
   410:        8.000        5.000       17.000       21.000       22.000
   415:        6.000       18.000       14.000       10.000       19.000
   420:       11.000        6.000        2.000        4.000       22.000
   425:       24.000       12.000       13.000        8.000        5.000
   430:       17.000       21.000       22.000        6.000       18.000
   435:       14.000       10.000        6.000       19.000       11.000
   440:        6.000        6.000        2.000        4.000       22.000
   445:       24.000       12.000       13.000        8.000        5.000
   450:       17.000        6.000       18.000       14.000       10.000
   455:        6.000        6.000        6.000        6.000        6.000
   460:       19.000       11.000        2.000        4.000       22.000
   465:       24.000       12.000       13.000        8.000        5.000
   470:       17.000        6.000       18.000       14.000       10.000
   475:        6.000       19.000       11.000        6.000        6.000
   480:        6.000        2.000        4.000       22.000       24.000
   485:       12.000       13.000        8.000        5.000       17.000
   490:       21.000       22.000       21.000       22.000        6.000
   495:       18.000       14.000       10.000       19.000       11.000
   500:        6.000        6.000        6.000        6.000        6.000
   505:        6.000        6.000        6.000        6.000        6.000
   510:        6.000        6.000        6.000        6.000        6.000
   515:        6.000        6.000        6.000        6.000        6.000
   520:        6.000        6.000        6.000        6.000        6.000
   525:        6.000        6.000        6.000        6.000        6.000
   530:        6.000        6.000        6.000        6.000        6.000
   535:        6.000        6.000        6.000        6.000        6.000
   540:        6.000        6.000        6.000        6.000        6.000
   545:        6.000        6.000        6.000        6.000        6.000
   550:        6.000        6.000        6.000        6.000        6.000
   555:        6.000        6.000        6.000        6.000        6.000
   560:        6.000        6.000        6.000        6.000        6.000
   565:        6.000        6.000        6.000        6.000        6.000
   570:        6.000        6.000        6.000        6.000        6.000
   575:        6.000        6.000        6.000        6.000        6.000
   580:        6.000        6.000        6.000        6.000        6.000
   585:        6.000        6.000        6.000        6.000        6.000
   590:        6.000        6.000        6.000        6.000        6.000
   595:        6.000        6.000        6.000        6.000        6.000
   600:        6.000        6.000        6.000        6.000        2.000
   605:        4.000       22.000       24.000       12.000       13.000
   610:        8.000        5.000       17.000       18.000        6.000
   615:       14.000       10.000       19.000       11.000        6.000
   620:        6.000        6.000        2.000        4.000       22.000
   625:       24.000       12.000       13.000        8.000        5.000
   630:       17.000        6.000       18.000       14.000       10.000
   635:       19.000       11.000        2.000        4.000       22.000
   640:       24.000       12.000       13.000        8.000        5.000
   645:       17.000        6.000        6.000       18.000       14.000
   650:       10.000       19.000       11.000        6.000        6.000
   655:        2.000        4.000       22.000       24.000       12.000
   660:       13.000        8.000        5.000       17.000        6.000
   665:       18.000       14.000       10.000        6.000       19.000
   670:       11.000        6.000        6.000        6.000        2.000
   675:        4.000       22.000       24.000       12.000       13.000
   680:        8.000        5.000       17.000        6.000        6.000
   685:        6.000        6.000       18.000       14.000       10.000
   690:       19.000       11.000        6.000        6.000        6.000
   695:        6.000        6.000        6.000        6.000        6.000
   700:        6.000        6.000        6.000        6.000        6.000
   705:        6.000        6.000        6.000        6.000        6.000
   710:        6.000        6.000        6.000        6.000        6.000
   715:        6.000        6.000        6.000        6.000        6.000
   720:        6.000        6.000        6.000        6.000        6.000
   725:        6.000        6.000        6.000        6.000        6.000
   730:        6.000        6.000        6.000        6.000        6.000
   735:        6.000        6.000        6.000        6.000        6.000
   740:        6.000        6.000        6.000        6.000        1.000
   745:        6.000        6.000        6.000        6.000        2.000
   750:        4.000       22.000       24.000       12.000       13.000
   755:        8.000        5.000       17.000        6.000        6.000
   760:       18.000       14.000       10.000       19.000       11.000
   765:        2.000        4.000       22.000       24.000       12.000
   770:       13.000        8.000        5.000       17.000        6.000
   775:       18.000       14.000       10.000       19.000       11.000
   780:        6.000        6.000        6.000        6.000        6.000
   785:        6.000        6.000        6.000        6.000        6.000
   790:        6.000        6.000        6.000        6.000        6.000
   795:        6.000        6.000        6.000        6.000        6.000
   800:        6.000        6.000        6.000        2.000        4.000
   805:       22.000       24.000       12.000       13.000        8.000
   810:        5.000       17.000        6.000       18.000       14.000
   815:       10.000       19.000       11.000        6.000        6.000
   820:        6.000        6.000        6.000        6.000        6.000
   825:        6.000        6.000        6.000        6.000        6.000
   830:        6.000        6.000        6.000        6.000        6.000
   835:        6.000        6.000        6.000        6.000        6.000
   840:        6.000        6.000        6.000        6.000        6.000
   845:        6.000        6.000        2.000        4.000       22.000
   850:       24.000       12.000       13.000        8.000        5.000
   855:       17.000       21.000       22.000        6.000       18.000
   860:       14.000       10.000       21.000       22.000       19.000
   865:       11.000        6.000        6.000        6.000        6.000
   870:        6.000        6.000        6.000        6.000        2.000
   875:        4.000       22.000       24.000       12.000       13.000
   880:        8.000        5.000       17.000        6.000       18.000
   885:       14.000       10.000       19.000       11.000        6.000
   890:        6.000        6.000        6.000        2.000        4.000
   895:       22.000       24.000       12.000       13.000        8.000
   900:        5.000       17.000        6.000       18.000       14.000
   905:       10.000        6.000        6.000       19.000       11.000
   910:        6.000        2.000        4.000       22.000       24.000
   915:       12.000       13.000        8.000        5.000       17.000
   920:        6.000        6.000       18.000       14.000       10.000
   925:       19.000       11.000        6.000        6.000        6.000
   930:        6.000        6.000        6.000        6.000        2.000
   935:        4.000       22.000       24.000       12.000       13.000
   940:        8.000        5.000       17.000       21.000       22.000
   945:        6.000       18.000        6.000       14.000       10.000
   950:       19.000       11.000        2.000        4.000       22.000
   955:       24.000       12.000       13.000        8.000        5.000
   960:       17.000        6.000        6.000        6.000        6.000
   965:        6.000        6.000       18.000       14.000       10.000
   970:        6.000        6.000        6.000       19.000       11.000
   975:        6.000        6.000        6.000        6.000        6.000
   980:        6.000        6.000        6.000        6.000        6.000
   985:        6.000        6.000        6.000        6.000        6.000
   990:        6.000        6.000        6.000        6.000        6.000
   995:        6.000        6.000        6.000        6.000        6.000
  1000:        6.000        6.000        6.000        6.000        6.000
  1005:        6.000        6.000        6.000        6.000        6.000
  1010:        6.000        6.000        6.000        6.000        6.000
  1015:        6.000        6.000        6.000        6.000        6.000
  1020:        6.000        6.000        6.000        6.000        6.000
  1025:        6.000        6.000        6.000        6.000        6.000
  1030:        6.000        6.000        6.000        6.000        6.000
  1035:        6.000        6.000        6.000        6.000        2.000
  1040:        4.000       22.000       24.000       12.000       13.000
  1045:        8.000        5.000       17.000       21.000       22.000
  1050:       21.000       22.000       21.000       22.000        6.000
  1055:       18.000       14.000       10.000        6.000        6.000
  1060:       19.000       11.000        1.000        6.000        2.000
  1065:        4.000       22.000       24.000       12.000       13.000
  1070:        8.000        5.000       17.000       18.000       14.000
  1075:       10.000       21.000       22.000       21.000       22.000
  1080:       19.000       11.000        6.000        2.000        4.000
  1085:       22.000       24.000       12.000       13.000        8.000
  1090:        5.000       17.000        6.000       18.000       14.000
  1095:       10.000       19.000       11.000        6.000        6.000
  1100:        6.000        6.000        6.000        6.000        6.000
  1105:        6.000        6.000        6.000        6.000        6.000
  1110:        6.000        6.000        6.000        6.000        6.000
  1115:        6.000        6.000        6.000        6.000        6.000
  1120:        6.000        6.000        6.000        6.000        6.000
T:
     0:        0.000        0.000        0.000        0.000       36.900
     5:       61.430       61.430       61.430       61.440       61.440
    10:       61.440       61.440       61.440       61.440       63.130
    15:       63.130       63.950       65.440       66.440       66.440
    20:       67.480       70.710       70.860       71.430       71.440
    25:       73.380       76.510       76.510       76.510       76.520
    30:       76.520       76.520       76.520       76.520       76.520
    35:       77.540       80.520       81.520       81.520       84.420
    40:       86.510       86.520       89.620       90.600       93.680
    45:       95.850       98.490      103.680      104.140      104.430
    50:      106.080      107.450      110.120      111.320      112.610
    55:      120.710      120.710      120.710      120.720      120.720
    60:      120.720      120.720      120.720      120.720      121.760
    65:      124.720      125.720      125.720      126.220      129.660
    70:      130.710      130.720      134.970      137.770      141.380
    75:      141.520      143.210      144.840      152.360      159.310
    80:      300.560      304.340      307.820      311.010      311.190
    85:      311.580      312.940      327.500      331.090      331.750
    90:      332.330      333.390      334.800      335.080      335.970
    95:      337.350      337.540      341.940      403.000      410.790
   100:      413.330      414.430      418.580      418.820      420.140
   105:      457.600      457.600      457.600      457.610      457.610
   110:      457.610      457.610      457.610      457.610      459.990
   115:      459.990      460.730      460.730      461.610      461.690
   120:      461.690      462.610      462.610      466.060      466.060
   125:      467.600      467.610      468.570      471.750      488.850
   130:      498.390      500.770      501.440      502.420      502.560
   135:      502.760      510.410      510.410      510.410      510.420
   140:      510.420      510.420      510.420      510.420      510.420
   145:      511.180      514.420      514.590      515.420      515.420
   150:      517.050      517.290      520.410      520.420      522.270
   155:      523.190      523.940      524.460      530.410      530.570
   160:      543.090      545.710      546.750      547.340      549.430
   165:      551.830      567.290      589.220      589.220      589.220
   170:      589.230      589.230      589.230      589.230      589.230
   175:      589.230      590.320      593.230      594.230      594.230
   180:      594.260      594.320      599.220      599.230      601.980
   185:      604.170      610.760      641.410      642.250      643.030
   190:      643.190      667.560      669.240      669.610      702.050
   195:      702.050      702.050      702.060      702.060      702.060
   200:      702.060      702.060      702.060      704.250      704.250
   205:      705.080      706.060      707.060      707.060      712.050
   210:      712.060      712.580      712.580      712.580      712.590
   215:      712.590      712.590      712.590      712.590      712.590
   220:      713.350      716.590      717.590      717.590      717.680
   225:      722.580      722.590      747.760      754.630      754.630
   230:      754.630      754.640      754.640      754.640      754.640
   235:      754.640      754.640      758.640      759.640      759.640
   240:      764.630      764.640      765.610      768.080      769.610
   245:      775.110      775.930      777.160      780.200      790.520
   250:      854.060      940.020      940.800      956.750     1016.810
   255:     1128.270     1134.350     1160.120     1180.100     1187.640
   260:     1250.680     1262.130     1267.530     1315.890     1319.170
   265:     1359.470     1397.680     1398.460     1467.670     1529.070
   270:     1535.350     1594.940     1601.720     1633.300     1691.610
   275:     1704.620     1727.140     1734.110     1735.190     1767.740
   280:     1824.370     1824.930     1840.820     1900.190     1971.950
   285:     1975.030     1975.900     1979.710     1985.910     1987.400
   290:     1987.510     1990.760     2138.980     2144.650     2144.650
   295:     2144.650     2144.660     2144.660     2144.660     2144.660
   300:     2144.660     2144.660     2145.440     2148.660     2149.660
   305:     2149.660     2153.660     2154.650     2154.660     2159.640
   310:     2160.830     2169.220     2169.220     2169.220     2169.230
   315:     2169.230     2169.230     2169.230     2169.230     2169.230
   320:     2170.240     2172.280     2172.480     2172.560     2172.880
   325:     2173.230     2174.230     2174.230     2179.220     2179.230
   330:     2191.810     2192.870     2193.060     2195.790     2202.870
   335:     2226.830     2277.410     2279.150     2283.730     2289.500
   340:     2289.720     2316.280     2316.920     2499.710     2502.360
   345:     2504.220     2504.270     2518.500     2579.840     2586.270
   350:     2587.500     2802.920     2816.270     2818.250     3064.680
   355:     3066.160     3068.300     3068.300     3068.300     3068.310
   360:     3068.310     3068.310     3068.310     3068.310     3068.310
   365:     3072.310     3073.310     3073.310     3078.300     3078.310
   370:     3103.190     3113.340     3120.890     3123.230     3126.820
   375:     3132.910     3143.430     3144.600     3146.040     3146.200
   380:     3146.280     3149.300     3175.550     3175.550     3175.550
   385:     3175.560     3175.560     3175.560     3175.560     3175.560
   390:     3175.560     3176.720     3177.310     3179.560     3180.560
   395:     3180.560     3184.140     3185.550     3185.560     3187.950
   400:     3197.460     3198.780     3200.400     3209.310     3211.590
   405:     3211.590     3211.590     3211.600     3211.600     3211.600
   410:     3211.600     3211.600     3211.600     3211.810     3211.810
   415:     3213.170     3215.600     3216.600     3216.600     3221.590
   420:     3221.600     3226.780     3237.160     3237.160     3237.160
   425:     3237.170     3237.170     3237.170     3237.170     3237.170
   430:     3237.170     3237.680     3237.680     3238.710     3241.170
   435:     3242.170     3242.170     3245.270     3247.160     3247.170
   440:     3251.950     3256.430     3286.100     3286.100     3286.100
   445:     3286.110     3286.110     3286.110     3286.110     3286.110
   450:     3286.110     3287.200     3290.110     3291.110     3291.110
   455:     3291.740     3294.460     3294.630     3294.670     3294.890
   460:     3296.100     3296.110     3297.840     3297.840     3297.840
   465:     3297.850     3297.850     3297.850     3297.850     3297.850
   470:     3297.850     3298.950     3301.850     3302.850     3302.850
   475:     3303.920     3307.840     3307.850     3309.060     3309.420
   480:     3322.340     3337.110     3337.110     3337.110     3337.120
   485:     3337.120     3337.120     3337.120     3337.120     3337.120
   490:     3337.570     3337.570     3337.900     3337.900     3339.060
   495:     3341.120     3342.120     3342.120     3347.110     3347.120
   500:     3355.940     3485.810     3491.270     3552.410     3555.810
   505:     3605.800     3609.490     3613.290     3614.720     3619.730
   510:     3623.950     3629.780     3634.090     3645.140     3699.650
   515:     3702.460     3705.980     3758.560     3761.920     3767.470
   520:     3769.890     3769.920     3852.140     3855.200     3857.860
   525:     3860.570     3865.940     3874.230     3877.990     3881.170
   530:     3891.110     3893.910     3900.370     3901.260     3903.910
   535:     3907.550     3908.700     3915.010     3919.850     3926.230
   540:     3949.750     3967.590     3972.650     3992.390     3997.450
   545:     4032.660     4037.690     4040.190     4043.180     4101.200
   550:     4103.850     4106.650     4155.230     4160.210     4194.210
   555:     4221.120     4224.160     4251.690     4256.690     4262.730
   560:     4292.950     4297.710     4340.730     4346.880     4365.870
   565:     4368.550     4384.300     4384.980     4390.540     4435.740
   570:     4438.310     4440.950     4468.970     4471.830     4501.840
   575:     4542.470     4545.000     4547.890     4587.240     4593.280
   580:     4615.390     4616.880     4690.280     4697.830     4719.110
   585:     4722.670     4749.490     4813.800     4824.520     4852.390
   590:     4856.170     4867.990     4876.620     4915.720     4923.680
   595:     4923.890     4935.900     4936.190     4937.030     4983.270
   600:     4985.000     5062.880     5077.810     5087.330     5124.170
   605:     5124.170     5124.170     5124.180     5124.180     5124.180
   610:     5124.180     5124.180     5124.180     5128.180     5129.120
   615:     5129.180     5129.180     5134.170     5134.180     5137.530
   620:     5143.860     5153.200     5158.370     5158.370     5158.370
   625:     5158.380     5158.380     5158.380     5158.380     5158.380
   630:     5158.380     5159.410     5162.380     5163.380     5163.380
   635:     5168.370     5168.380     5170.530     5170.530     5170.530
   640:     5170.540     5170.540     5170.540     5170.540     5170.540
   645:     5170.540     5171.440     5172.430     5174.540     5175.540
   650:     5175.540     5180.530     5180.540     5184.990     5187.180
   655:     5191.620     5191.620     5191.620     5191.630     5191.630
   660:     5191.630     5191.630     5191.630     5191.630     5192.980
   665:     5195.630     5196.630     5196.630     5200.580     5201.620
   670:     5201.630     5287.100     5289.750     5295.600     5302.380
   675:     5302.380     5302.380     5302.390     5302.390     5302.390
   680:     5302.390     5302.390     5302.390     5303.360     5304.120
   685:     5304.380     5304.620     5306.390     5307.390     5307.390
   690:     5312.380     5312.390     5315.880     5371.600     5377.160
   695:     5381.530     5408.810     5413.930     5503.380     5560.680
   700:     5569.910     5614.290     5622.460     5681.810     5684.450
   705:     5715.250     5720.750     5726.830     5780.130     5782.900
   710:     5786.180     5829.200     5838.310     5844.860     5893.760
   715:     5909.080     5980.300     5984.030     5984.420     6007.990
   720:     6094.980     6106.210     6149.990     6161.860     6162.110
   725:     6167.260     6167.610     6167.990     6171.610     6174.330
   730:     6225.450     6233.770     6253.620     6261.630     6268.200
   735:     6279.940     6285.820     6344.630     6349.200     6402.200
   740:     6415.690     6426.060     6708.450     6728.820     6741.740
   745:     6743.550     6782.850     6783.660     6789.880     6798.230
   750:     6798.230     6798.230     6798.240     6798.240     6798.240
   755:     6798.240     6798.240     6798.240     6799.570     6799.770
   760:     6802.240     6803.240     6803.240     6808.230     6808.240
   765:     6817.530     6817.530     6817.530     6817.540     6817.540
   770:     6817.540     6817.540     6817.540     6817.540     6818.710
   775:     6821.540     6822.540     6822.540     6827.530     6827.540
   780:     7016.780     7020.300     7020.870     7022.870     7022.970
   785:     7023.980     7024.340     7025.750     7027.850     7028.680
   790:     7029.620     7035.160     7035.520     7036.340     7036.700
   795:     7036.900     7038.670     7042.670     7046.350     7046.910
   800:     7047.260     7050.610     7054.360     7073.460     7073.460
   805:     7073.460     7073.470     7073.470     7073.470     7073.470
   810:     7073.470     7073.470     7074.010     7077.470     7078.470
   815:     7078.470     7083.460     7083.470     7085.860     7116.810
   820:     7117.240     7120.310     7125.370     7125.480     7128.880
   825:     7160.030     7288.760     7331.170     7378.670     7408.090
   830:     7443.450     7449.240     7449.740     7459.890     7534.720
   835:     7545.640     7678.840     7680.280     7680.510     7680.900
   840:     7683.200     7683.300     7690.080     7764.660     7766.200
   845:     7806.420     7834.110     7853.220     7853.220     7853.220
   850:     7853.230     7853.230     7853.230     7853.230     7853.230
   855:     7853.230     7853.610     7853.610     7854.050     7857.230
   860:     7858.230     7858.230     7859.750     7859.750     7863.220
   865:     7863.230     7866.250     7868.350     7870.110     7872.190
   870:     7878.210     8080.800     8081.800     8122.010     8134.390
   875:     8134.390     8134.390     8134.400     8134.400     8134.400
   880:     8134.400     8134.400     8134.400     8135.610     8138.400
   885:     8139.400     8139.400     8144.390     8144.400     8147.800
   890:     8151.310     8152.030     8153.390     8175.310     8175.310
   895:     8175.310     8175.320     8175.320     8175.320     8175.320
   900:     8175.320     8175.320     8175.960     8179.320     8180.320
   905:     8180.320     8181.300     8184.510     8185.310     8185.320
   910:     8186.580     8194.760     8194.760     8194.760     8194.770
   915:     8194.770     8194.770     8194.770     8194.770     8194.770
   920:     8195.920     8196.660     8198.770     8199.770     8199.770
   925:     8204.760     8204.770     8206.070     8209.510     8209.860
   930:     8210.010     8210.270     8210.870     8215.710     8224.110
   935:     8224.110     8224.110     8224.120     8224.120     8224.120
   940:     8224.120     8224.120     8224.120     8224.650     8224.650
   945:     8226.500     8228.120     8228.560     8229.120     8229.120
   950:     8234.110     8234.120     8238.410     8238.410     8238.410
   955:     8238.420     8238.420     8238.420     8238.420     8238.420
   960:     8238.420     8239.310     8240.150     8240.400     8240.640
   965:     8241.390     8242.200     8242.420     8243.420     8243.420
   970:     8243.590     8244.010     8247.270     8248.410     8248.420
   975:     8248.770     8248.990     8249.330     8250.100     8259.580
   980:     8290.650     8309.550     8434.290     8440.870     8443.940
   985:     8491.010     8491.350     8519.920     8549.140     8558.220
   990:     8561.270     8562.220     8565.030     8592.090     8647.840
   995:     8652.270     8698.070     8700.910     8729.540     8734.520
  1000:     8773.100     8782.280     8790.000     8845.160     8897.010
  1005:     8921.870     8926.410     8930.400     8937.400     8951.310
  1010:     8954.590     8958.310     8987.200     8992.610     9016.370
  1015:     9024.150     9027.860     9042.880     9059.020     9062.640
  1020:     9074.330     9124.740     9130.770     9136.690     9160.670
  1025:     9164.980     9183.110     9203.930     9208.210     9247.990
  1030:     9249.630     9268.890     9486.330     9492.240     9499.320
  1035:     9519.200     9572.340     9664.430     9809.610     9812.340
  1040:     9812.340     9812.340     9812.350     9812.350     9812.350
  1045:     9812.350     9812.350     9812.350     9812.640     9812.640
  1050:     9813.120     9813.120     9813.290     9813.290     9815.290
  1055:     9816.350     9817.350     9817.350     9817.970     9818.260
  1060:     9822.340     9822.350     9826.830     9847.710     9852.470
  1065:     9852.470     9852.470     9852.480     9852.480     9852.480
  1070:     9852.480     9852.480     9852.480     9856.480     9857.480
  1075:     9857.480     9860.580     9860.580     9861.410     9861.410
  1080:     9862.470     9862.480     9865.070     9877.850     9877.850
  1085:     9877.850     9877.860     9877.860     9877.860     9877.860
  1090:     9877.860     9877.860     9879.090     9881.860     9882.860
  1095:     9882.860     9887.850     9887.860    10027.750    10028.010
  1100:    10030.690    10030.850    10032.340    10034.780    10035.640
  1105:    10090.260    10093.520    10231.660    10234.000    10251.340
  1110:    10325.030    10326.000    10328.770    10329.440    10444.600
  1115:    10472.000    10499.120    10510.410    10598.300    10610.610
  1120:    10652.630    10652.850    10660.380    10690.980    10698.030
