File: C:\MED-PC\Data\2024-11-21_08h55m_Subject 36.txt


Start Date: 11/21/24
End Date: 11/21/24
Subject: 36
Experiment: OralFentSA
Group: One
Box: 4
Start Time: 08:55:55
End Time: 12:04:35
MSN: Golden_Liq_SelfAdmin_EXT
F:       0.000
G:     851.000
H:   10800.000
I:       0.000
J:       0.000
K:       0.000
L:       0.000
M:       0.000
N:       0.000
O:       0.000
P:       0.000
Q:       0.000
R:       0.000
S:       0.000
U:       0.000
V:       0.000
W:       0.000
X:       0.000
Y:       0.000
Z:       0.000
A:
     0:        0.000        0.000      180.000        4.000        0.000
     5:        5.000        0.000        5.000        0.000        0.000
    10:        1.000        0.000       10.000   100000.000       25.000
    15:       24.000      600.000        0.000        0.000        0.000
    20:        0.000
B:
     0:        0.000        0.000        0.000        0.000        0.000
     5:        0.000        0.000        0.000        0.000        0.000
    10:        0.000        0.000     1000.000 10000000.000        0.000
    15:        0.000        0.000        0.000        0.000        0.000
    20:        0.000
C:
     0:        0.000       67.000       79.000      100.000      238.000
     5:    10199.550       91.260       38.000     2013.520       52.987
    10:      100.000       79.000        0.000        0.000        0.000
    15:        0.000        0.000        0.000        0.000        0.000
    20:        0.000
D:
     0:       15.650      105.890        3.690       98.410        2.810
     5:       80.870      120.360       85.180      276.830        3.510
    10:        3.310        4.780       31.970      140.620       10.530
    15:        2.250       30.300       36.730       45.200        9.920
    20:        3.300      154.810        8.160       93.180        2.020
    25:        6.340        2.860        4.450       23.110       26.070
    30:        6.020        6.280       85.850        5.400        3.720
    35:        2.870      379.010       91.260
E:
     0:       19.000       11.000       26.000       27.000        1.000
     5:        6.000        6.000        6.000        6.000        6.000
    10:        6.000        6.000        2.000        4.000       22.000
    15:       24.000       12.000       21.000       22.000       19.000
    20:       11.000        6.000        1.000        1.000        1.000
    25:        2.000        4.000       22.000       24.000       12.000
    30:       19.000       11.000        6.000        6.000        6.000
    35:        2.000        4.000       22.000       24.000       12.000
    40:        6.000       19.000       11.000        2.000        4.000
    45:       22.000       24.000       12.000       21.000       22.000
    50:       19.000       11.000        2.000        4.000       22.000
    55:       24.000       12.000       20.000       20.000       19.000
    60:       11.000        1.000        6.000        6.000        2.000
    65:        4.000       22.000       24.000       12.000        6.000
    70:       21.000       22.000       19.000       11.000        2.000
    75:        4.000       22.000       24.000       12.000       20.000
    80:       19.000       11.000        6.000        6.000        6.000
    85:        1.000        1.000        1.000        1.000        1.000
    90:        2.000        4.000       22.000       24.000       12.000
    95:       21.000       22.000       21.000       22.000       19.000
   100:       11.000        1.000        1.000        1.000        1.000
   105:        1.000        1.000        1.000        6.000        6.000
   110:        6.000        1.000        1.000        1.000        6.000
   115:        6.000        6.000        6.000        6.000        6.000
   120:        6.000        6.000        2.000        4.000       22.000
   125:       24.000       12.000       19.000       11.000        6.000
   130:        2.000        4.000       22.000       24.000       12.000
   135:       20.000       21.000       22.000       19.000       11.000
   140:        2.000        4.000       22.000       24.000       12.000
   145:       19.000       11.000        1.000        1.000        6.000
   150:        6.000        6.000        6.000        6.000        6.000
   155:        1.000        2.000        4.000       22.000       24.000
   160:       12.000       19.000       11.000        1.000        2.000
   165:        4.000       22.000       24.000       12.000        6.000
   170:        6.000       19.000       11.000        1.000        1.000
   175:        1.000        1.000        1.000        1.000        2.000
   180:        4.000       22.000       24.000       12.000        6.000
   185:        6.000       19.000       11.000        6.000        6.000
   190:        6.000        6.000        2.000        4.000       22.000
   195:       24.000       12.000        6.000       19.000       11.000
   200:        6.000        6.000        2.000        4.000       22.000
   205:       24.000       12.000       21.000       22.000       20.000
   210:       19.000       11.000        2.000        4.000       22.000
   215:       24.000       12.000       19.000       11.000        1.000
   220:        1.000        2.000        4.000       22.000       24.000
   225:       12.000       19.000       11.000        6.000        6.000
   230:        6.000        6.000        6.000        6.000        6.000
   235:        6.000        6.000        2.000        4.000       22.000
   240:       24.000       12.000       19.000       11.000        6.000
   245:        6.000        2.000        4.000       22.000       24.000
   250:       12.000       21.000       22.000       19.000       11.000
   255:        2.000        4.000       22.000       24.000       12.000
   260:       21.000       22.000       21.000       22.000       19.000
   265:       11.000        6.000        6.000        1.000        2.000
   270:        4.000       22.000       24.000       12.000       19.000
   275:       11.000        1.000        1.000        2.000        4.000
   280:       22.000       24.000       12.000        6.000       19.000
   285:       11.000        6.000        1.000        1.000        1.000
   290:        6.000        6.000        1.000        2.000        4.000
   295:       22.000       24.000       12.000       19.000       11.000
   300:        1.000        1.000        1.000        6.000        6.000
   305:        2.000        4.000       22.000       24.000       12.000
   310:       21.000       22.000       21.000       22.000       21.000
   315:       22.000       19.000       11.000        1.000        1.000
   320:        2.000        4.000       22.000       24.000       12.000
   325:       20.000       19.000       11.000        1.000        6.000
   330:        6.000        6.000        6.000        6.000        6.000
   335:        2.000        4.000       22.000       24.000       12.000
   340:       19.000       11.000        1.000        1.000        1.000
   345:        6.000        6.000        6.000        6.000        6.000
   350:        2.000        4.000       22.000       24.000       12.000
   355:       21.000       22.000       21.000       22.000       19.000
   360:       11.000        2.000        4.000       22.000       24.000
   365:       12.000       21.000       22.000        6.000       19.000
   370:       11.000        2.000        4.000       22.000       24.000
   375:       12.000        6.000        6.000        6.000       19.000
   380:       11.000        6.000        6.000        6.000        6.000
   385:        1.000        6.000        6.000        6.000        6.000
   390:        6.000        6.000        6.000        2.000        4.000
   395:       22.000       24.000       12.000       19.000       11.000
   400:        2.000        4.000       22.000       24.000       12.000
   405:       19.000       11.000        2.000        4.000       22.000
   410:       24.000       12.000       20.000       19.000       11.000
   415:        6.000        6.000        6.000        6.000        1.000
   420:        6.000        6.000        6.000        6.000        2.000
   425:        4.000       22.000       24.000       12.000       21.000
   430:       22.000       19.000       11.000        2.000        4.000
   435:       22.000       24.000       12.000       19.000       11.000
   440:        1.000        1.000        2.000        4.000       22.000
   445:       24.000       12.000        6.000        6.000       19.000
   450:       11.000        2.000        4.000       22.000       24.000
   455:       12.000       19.000       11.000        6.000        6.000
   460:        6.000        6.000        6.000        6.000        6.000
   465:        6.000        6.000        2.000        4.000       22.000
   470:       24.000       12.000        6.000        6.000       21.000
   475:       22.000       21.000       22.000       19.000       11.000
   480:        2.000        4.000       22.000       24.000       12.000
   485:       20.000       20.000       19.000       11.000        2.000
   490:        4.000       22.000       24.000       12.000       21.000
   495:       22.000       21.000       22.000       19.000       11.000
   500:        2.000        4.000       22.000       24.000       12.000
   505:       21.000       22.000       19.000       11.000        2.000
   510:        4.000       22.000       24.000       12.000        6.000
   515:       19.000       11.000        6.000        6.000        6.000
   520:        6.000        6.000        6.000        6.000        6.000
   525:        6.000        6.000        6.000        2.000        4.000
   530:       22.000       24.000       12.000       21.000       22.000
   535:        6.000        6.000       19.000       11.000        6.000
   540:        6.000        6.000        1.000        6.000        6.000
   545:        1.000        1.000        6.000        6.000        6.000
   550:        6.000        6.000        2.000        4.000       22.000
   555:       24.000       12.000       20.000       19.000       11.000
   560:        2.000        4.000       22.000       24.000       12.000
   565:       19.000       11.000        2.000        4.000       22.000
   570:       24.000       12.000       19.000       11.000        1.000
   575:        2.000        4.000       22.000       24.000       12.000
   580:       21.000       22.000       19.000       11.000        2.000
   585:        4.000       22.000       24.000       12.000        6.000
   590:        6.000        6.000       19.000       11.000        6.000
   595:        6.000        6.000        6.000        6.000        1.000
   600:        2.000        4.000       22.000       24.000       12.000
   605:       19.000       11.000        6.000        6.000        6.000
   610:        6.000        6.000        6.000        6.000        6.000
   615:        6.000        2.000        4.000       22.000       24.000
   620:       12.000       21.000       22.000       19.000       11.000
   625:        6.000        6.000        6.000        1.000        6.000
   630:        6.000        6.000        6.000        6.000        6.000
   635:        6.000        6.000        6.000        6.000        6.000
   640:        6.000        6.000        6.000        6.000        6.000
   645:        2.000        4.000       22.000       24.000       12.000
   650:       21.000       22.000        6.000       19.000       11.000
   655:        2.000        4.000       22.000       24.000       12.000
   660:       19.000       11.000        2.000        4.000       22.000
   665:       24.000       12.000       21.000       22.000       21.000
   670:       22.000       19.000       11.000        2.000        4.000
   675:       22.000       24.000       12.000        6.000       19.000
   680:       11.000        6.000        6.000        6.000        6.000
   685:        6.000        6.000        2.000        4.000       22.000
   690:       24.000       12.000       21.000       22.000       19.000
   695:       11.000        1.000        1.000        2.000        4.000
   700:       22.000       24.000       12.000       19.000       11.000
   705:        2.000        4.000       22.000       24.000       12.000
   710:       21.000       22.000       19.000       11.000        2.000
   715:        4.000       22.000       24.000       12.000       19.000
   720:       11.000        1.000        1.000        2.000        4.000
   725:       22.000       24.000       12.000       21.000       22.000
   730:       19.000       11.000        1.000        6.000        6.000
   735:        6.000        6.000        6.000        6.000        6.000
   740:        6.000        6.000        6.000        6.000        6.000
   745:        6.000        6.000        6.000        6.000        6.000
   750:        6.000        6.000        6.000        6.000        1.000
   755:        2.000        4.000       22.000       24.000       12.000
   760:       21.000       22.000        6.000       19.000       11.000
   765:        2.000        4.000       22.000       24.000       12.000
   770:        6.000        6.000        6.000       19.000       11.000
   775:        6.000        6.000        6.000        6.000        6.000
   780:        2.000        4.000       22.000       24.000       12.000
   785:       21.000       22.000       19.000       11.000        2.000
   790:        4.000       22.000       24.000       12.000       21.000
   795:       22.000       19.000       11.000        1.000        2.000
   800:        4.000       22.000       24.000       12.000        6.000
   805:        6.000       19.000       11.000        2.000        4.000
   810:       22.000       24.000       12.000       19.000       11.000
   815:        6.000        2.000        4.000       22.000       24.000
   820:       12.000       19.000       11.000        6.000        6.000
   825:        6.000        1.000        6.000        6.000        6.000
   830:        6.000        6.000        6.000        6.000        6.000
   835:        6.000        6.000        6.000        6.000        6.000
   840:        6.000        1.000        6.000        6.000        6.000
   845:        6.000        6.000        6.000        6.000        1.000
   850:        1.000      100.000
T:
     0:        0.000        0.000        0.000        0.000       13.600
     5:       97.820       99.040       99.800      100.580      103.360
    10:      104.950      108.040      111.100      111.100      111.100
    15:      111.110      111.110      113.620      113.620      121.100
    20:      121.110      126.760      135.310      138.700      150.240
    25:      154.450      154.450      154.450      154.460      154.460
    30:      164.450      164.460      260.350      260.560      260.820
    35:      264.200      264.200      264.200      264.210      264.210
    40:      267.900      274.200      274.210      275.210      275.210
    45:      275.210      275.220      275.220      282.940      282.940
    50:      285.210      285.220      286.260      286.260      286.260
    55:      286.270      286.270      290.320      295.180      296.260
    60:      296.270      298.220      384.680      384.800      455.650
    65:      455.650      455.650      455.660      455.660      458.470
    70:      461.380      461.380      465.650      465.660      478.390
    75:      478.390      478.390      478.400      478.400      487.980
    80:      488.390      488.400      559.270      559.570      559.700
    85:      567.540      645.840      658.240      824.320     1076.200
    90:     1158.580     1158.580     1158.580     1158.590     1158.590
    95:     1161.100     1161.100     1165.170     1165.170     1168.580
   100:     1168.590     1187.930     1191.230     1202.340     1215.930
   105:     1221.670     1225.000     1232.590     1278.950     1279.210
   110:     1280.220     1305.640     1310.940     1358.100     1515.680
   115:     1520.220     1522.380     1533.460     1533.600     1535.280
   120:     1542.810     1543.030     1546.410     1546.410     1546.410
   125:     1546.420     1546.420     1556.410     1556.420     1631.600
   130:     1644.130     1644.130     1644.130     1644.140     1644.140
   135:     1649.310     1654.120     1654.120     1654.130     1654.140
   140:     1657.010     1657.010     1657.010     1657.020     1657.020
   145:     1667.010     1667.020     1731.230     1756.330     1933.850
   150:     1999.890     2000.340     2000.400     2002.760     2003.300
   155:     2212.080     2328.640     2328.640     2328.640     2328.650
   160:     2328.650     2338.640     2338.650     2339.760     2346.710
   165:     2346.710     2346.710     2346.720     2346.720     2350.230
   170:     2352.590     2356.710     2356.720     2357.550     2443.200
   175:     2460.060     2462.140     2467.890     2477.500     2631.300
   180:     2631.300     2631.300     2631.310     2631.310     2634.620
   185:     2635.880     2641.300     2641.310     2759.840     2760.350
   190:     2762.070     2763.830     2790.330     2790.330     2790.330
   195:     2790.340     2790.340     2795.120     2800.330     2800.340
   200:     2825.950     2827.640     2831.830     2831.830     2831.830
   205:     2831.840     2831.840     2833.460     2833.460     2836.590
   210:     2841.830     2841.840     2842.240     2842.240     2842.240
   215:     2842.250     2842.250     2852.240     2852.250     2903.510
   220:     2968.250     2991.370     2991.370     2991.370     2991.380
   225:     2991.380     3001.370     3001.380     3023.350     3023.820
   230:     3024.770     3029.550     3114.170     3114.190     3114.830
   235:     3121.100     3122.750     3141.990     3141.990     3141.990
   240:     3142.000     3142.000     3151.990     3152.000     3282.620
   245:     3285.070     3288.940     3288.940     3288.940     3288.950
   250:     3288.950     3293.980     3293.980     3298.940     3298.950
   255:     3346.210     3346.210     3346.210     3346.220     3346.220
   260:     3350.250     3350.250     3352.050     3352.050     3356.210
   265:     3356.220     3356.750     3356.900     3370.860     3404.630
   270:     3404.630     3404.630     3404.640     3404.640     3414.630
   275:     3414.640     3459.620     3634.310     3644.090     3644.090
   280:     3644.090     3644.100     3644.100     3646.350     3654.090
   285:     3654.100     3777.330     3792.190     3804.130     4159.970
   290:     4164.860     4169.680     4178.250     4280.530     4280.530
   295:     4280.530     4280.540     4280.540     4290.530     4290.540
   300:     4293.400     4296.590     4297.430     4310.840     4422.600
   305:     4429.280     4429.280     4429.280     4429.290     4429.290
   310:     4431.010     4431.010     4431.350     4431.350     4437.270
   315:     4437.270     4439.280     4439.290     4447.450     4452.970
   320:     4733.870     4733.870     4733.870     4733.880     4733.880
   325:     4740.880     4743.870     4743.880     4745.450     4770.610
   330:     4771.060     4772.080     4775.440     4775.470     4776.800
   335:     4784.310     4784.310     4784.310     4784.320     4784.320
   340:     4794.310     4794.320     4807.670     4808.080     4808.590
   345:     4829.520     4829.880     4830.950     4835.130     4836.690
   350:     4920.920     4920.920     4920.920     4920.930     4920.930
   355:     4925.380     4925.380     4925.490     4925.490     4930.920
   360:     4930.930     4933.030     4933.030     4933.030     4933.040
   365:     4933.040     4933.330     4933.330     4942.960     4943.030
   370:     4943.040     4950.040     4950.040     4950.040     4950.050
   375:     4950.050     4953.350     4953.830     4957.770     4960.040
   380:     4960.050     4964.880     5017.710     5018.020     5018.720
   385:     5040.190     5051.880     5052.940     5054.640     5057.850
   390:     5057.950     5059.340     5059.910     5063.520     5063.520
   395:     5063.520     5063.530     5063.530     5073.520     5073.530
   400:     5078.710     5078.710     5078.710     5078.720     5078.720
   405:     5088.710     5088.720     5133.850     5133.850     5133.850
   410:     5133.860     5133.860     5140.810     5143.850     5143.860
   415:     5288.670     5288.780     5288.850     5293.450     5448.020
   420:     5842.880     5962.050     5967.760     5972.450     5978.800
   425:     5978.800     5978.800     5978.810     5978.810     5980.330
   430:     5980.330     5988.800     5988.810     6030.890     6030.890
   435:     6030.890     6030.900     6030.900     6040.890     6040.900
   440:     6091.620     6151.750     6169.010     6169.010     6169.010
   445:     6169.020     6169.020     6177.180     6177.230     6179.010
   450:     6179.020     6184.380     6184.380     6184.380     6184.390
   455:     6184.390     6194.380     6194.390     6277.570     6282.780
   460:     6285.710     6328.690     6331.510     6465.660     6465.970
   465:     6466.210     6467.060     6617.120     6617.120     6617.120
   470:     6617.130     6617.130     6619.150     6619.400     6621.930
   475:     6621.930     6623.660     6623.660     6627.120     6627.130
   480:     6628.590     6628.590     6628.590     6628.600     6628.600
   485:     6633.980     6635.770     6638.590     6638.600     6641.610
   490:     6641.610     6641.610     6641.620     6641.620     6645.100
   495:     6645.100     6647.820     6647.820     6651.610     6651.620
   500:     6654.870     6654.870     6654.870     6654.880     6654.880
   505:     6659.010     6659.010     6664.870     6664.880     6666.670
   510:     6666.670     6666.670     6666.680     6666.680     6673.020
   515:     6676.670     6676.680     6724.910     6727.360     6727.400
   520:     6727.450     6760.520     6760.780     6762.430     6764.570
   525:     6764.740     6769.590     6770.880     6774.880     6774.880
   530:     6774.880     6774.890     6774.890     6775.910     6775.910
   535:     6777.750     6779.340     6784.880     6784.890     6795.930
   540:     6797.110     6798.290     6805.020     6944.190     6946.670
   545:     6987.240     6989.510     7018.210     7018.360     7019.070
   550:     7024.820     7024.980     7027.350     7027.350     7027.350
   555:     7027.360     7027.360     7036.850     7037.350     7037.360
   560:     7041.090     7041.090     7041.090     7041.100     7041.100
   565:     7051.090     7051.100     7114.880     7114.880     7114.880
   570:     7114.890     7114.890     7124.880     7124.890     7362.940
   575:     7370.180     7370.180     7370.180     7370.190     7370.190
   580:     7376.430     7376.430     7380.180     7380.190     7380.440
   585:     7380.440     7380.440     7380.450     7380.450     7384.900
   590:     7385.900     7386.390     7390.440     7390.450     7392.460
   595:     7394.280     7398.730     7399.790     7403.770     7560.190
   600:     7650.060     7650.060     7650.060     7650.070     7650.070
   605:     7660.060     7660.070     7673.180     7678.320     7844.460
   610:     7845.010     7846.210     7851.770     7853.420     7858.300
   615:     7858.970     7891.300     7891.300     7891.300     7891.310
   620:     7891.310     7895.850     7895.850     7901.300     7901.310
   625:     7917.380     7917.410     7920.430     7937.980     7975.410
   630:     7980.810     7982.670     7986.940     7991.960     7992.770
   635:     7994.870     8110.510     8135.410     8138.620     8138.680
   640:     8138.750     8572.060     8577.770     8579.240     8589.250
   645:     8668.830     8668.830     8668.830     8668.840     8668.840
   650:     8673.520     8673.520     8674.860     8678.830     8678.840
   655:     8691.580     8691.580     8691.580     8691.590     8691.590
   660:     8701.580     8701.590     8706.990     8706.990     8706.990
   665:     8707.000     8707.000     8709.760     8709.760     8712.720
   670:     8712.720     8716.990     8717.000     8752.260     8752.260
   675:     8752.260     8752.270     8752.270     8758.550     8762.260
   680:     8762.270     8762.600     8871.450     8872.000     8872.180
   685:     8877.220     8881.050     8883.260     8883.260     8883.260
   690:     8883.270     8883.270     8893.130     8893.130     8893.260
   695:     8893.270     8912.830     8915.410     8945.650     8945.650
   700:     8945.650     8945.660     8945.660     8955.650     8955.660
   705:     8958.710     8958.710     8958.710     8958.720     8958.720
   710:     8965.510     8965.510     8968.710     8968.720     8972.780
   715:     8972.780     8972.780     8972.790     8972.790     8982.780
   720:     8982.790     9019.160     9022.510     9081.430     9081.430
   725:     9081.430     9081.440     9081.440     9086.300     9086.300
   730:     9091.430     9091.440     9163.540     9167.290     9169.450
   735:     9173.650     9173.820     9174.770     9175.220     9176.800
   740:     9181.380     9184.550     9184.740     9188.540     9190.300
   745:     9229.500     9229.860     9229.930     9233.570     9237.050
   750:     9400.230     9400.510     9404.440     9404.470     9531.480
   755:     9571.470     9571.470     9571.470     9571.480     9571.480
   760:     9574.860     9574.860     9576.880     9581.470     9581.480
   765:     9594.660     9594.660     9594.660     9594.670     9594.670
   770:     9598.390     9599.830     9601.530     9604.660     9604.670
   775:     9607.320     9692.420     9716.620     9729.190     9729.450
   780:     9747.910     9747.910     9747.910     9747.920     9747.920
   785:     9757.130     9757.130     9757.910     9757.920     9766.630
   790:     9766.630     9766.630     9766.640     9766.640     9767.830
   795:     9767.830     9776.630     9776.640     9779.170     9790.580
   800:     9790.580     9790.580     9790.590     9790.590     9793.460
   805:     9794.890     9800.580     9800.590     9802.710     9802.710
   810:     9802.710     9802.720     9802.720     9812.710     9812.720
   815:    10181.730    10199.540    10199.540    10199.540    10199.550
   820:    10199.550    10209.540    10209.550    10290.810    10290.860
   825:    10291.270    10400.050    10425.750    10512.070    10512.560
   830:    10512.660    10513.910    10513.960    10514.140    10514.250
   835:    10515.500    10516.410    10517.740    10517.950    10521.410
   840:    10523.090    10666.220    10677.460    10678.750    10683.490
   845:    10687.930    10688.330    10694.440    10695.140    10789.040
   850:    10791.280    10800.000
