File: C:\MED-PC\Data\2024-11-11_13h21m_Subject 47.txt


Start Date: 11/11/24
End Date: 11/11/24
Subject: 47
Experiment: OralFentSA
Group: One
Box: 3
Start Time: 13:21:01
End Time: 16:21:22
MSN: Golden_Liq_SelfAdmin_EXT
F:       0.000
G:    1636.000
H:   10799.750
I:       0.000
J:       0.000
K:       0.000
L:       0.000
M:       0.000
N:       0.000
O:       0.000
P:       0.000
Q:       0.000
R:       0.000
S:       0.000
U:       0.000
V:       0.000
W:       0.000
X:       0.000
Y:       0.000
Z:       0.000
A:
     0:        0.000        0.000      180.000        4.000        0.000
     5:        5.000        0.000        5.000        0.000        0.000
    10:        1.000        0.000       10.000   100000.000       21.000
    15:       16.000      600.000        0.000        0.000        0.000
    20:        0.000
B:
     0:        0.000        0.000        0.000        0.000        0.000
     5:        0.000        0.000        0.000        0.000        0.000
    10:        0.000        0.000     1000.000 10000000.000        0.000
    15:        0.000        0.000        0.000        0.000        0.000
    20:        0.000
C:
     0:        0.000       86.000        0.000      124.000      956.000
     5:    10798.160       51.920       66.000     1142.710       17.314
    10:      124.000        0.000        0.000        0.000        0.000
    15:        0.000        0.000        0.000        0.000        0.000
    20:        0.000
D:
     0:       23.730        5.300       37.440       11.510       19.000
     5:       14.090       17.660        3.350        1.210       11.450
    10:        6.370       32.120       25.430        1.290        7.810
    15:        9.200       31.870        0.980        1.780       19.010
    20:       17.230       47.410        3.990        1.070       25.190
    25:        3.390        6.860        9.020       47.760        2.820
    30:        3.620        2.390        4.140        3.040       18.940
    35:       56.920        3.760        5.810        7.970        6.540
    40:       11.480        2.850       89.270       12.340       54.630
    45:        8.020        7.830       18.600        9.110        5.870
    50:      100.040        1.370        3.290        7.840        2.800
    55:       79.240       43.860       10.960       11.670        2.450
    60:       12.430        4.120       24.040        4.270        3.940
    65:       51.920
E:
     0:       19.000       11.000       26.000       27.000        2.000
     5:        4.000       22.000       24.000       12.000       21.000
    10:       22.000       19.000       11.000        2.000        4.000
    15:       22.000       24.000       12.000       21.000       22.000
    20:       19.000       11.000        2.000        4.000       22.000
    25:       24.000       12.000       21.000       22.000       19.000
    30:       11.000        6.000        2.000        4.000       22.000
    35:       24.000       12.000       21.000       22.000       21.000
    40:       22.000       19.000       11.000        2.000        4.000
    45:       22.000       24.000       12.000        6.000        6.000
    50:        6.000       19.000       11.000        6.000        6.000
    55:        2.000        4.000       22.000       24.000       12.000
    60:       19.000       11.000        6.000        6.000        2.000
    65:        4.000       22.000       24.000       12.000       19.000
    70:       11.000        6.000        6.000        6.000        6.000
    75:        6.000        6.000        6.000        6.000        6.000
    80:        6.000        6.000        6.000        6.000        6.000
    85:        6.000        6.000        6.000        6.000        6.000
    90:        6.000        6.000        6.000        6.000        6.000
    95:        6.000        6.000        6.000        6.000        6.000
   100:        6.000        6.000        6.000        6.000        6.000
   105:        6.000        6.000        6.000        2.000        4.000
   110:       22.000       24.000       12.000       21.000       22.000
   115:       21.000       22.000       19.000       11.000        6.000
   120:        6.000        6.000        6.000        6.000        6.000
   125:        6.000        6.000        6.000        6.000        6.000
   130:        6.000        6.000        6.000        6.000        6.000
   135:        6.000        6.000        6.000        6.000        2.000
   140:        4.000       22.000       24.000       12.000       21.000
   145:       22.000       19.000       11.000        2.000        4.000
   150:       22.000       24.000       12.000       19.000       11.000
   155:        6.000        6.000        6.000        6.000        6.000
   160:        6.000        6.000        6.000        6.000        6.000
   165:        6.000        6.000        6.000        6.000        6.000
   170:        6.000        6.000        2.000        4.000       22.000
   175:       24.000       12.000       19.000       11.000        6.000
   180:        6.000        6.000        6.000        6.000        6.000
   185:        6.000        6.000        6.000        6.000        6.000
   190:        6.000        6.000        6.000        6.000        6.000
   195:        6.000        6.000        6.000        6.000        6.000
   200:        6.000        6.000        6.000        6.000        6.000
   205:        6.000        6.000        2.000        4.000       22.000
   210:       24.000       12.000        6.000        6.000       19.000
   215:       11.000        6.000        6.000        6.000        6.000
   220:        6.000        6.000        6.000        6.000        6.000
   225:        6.000        6.000        6.000        6.000        2.000
   230:        4.000       22.000       24.000       12.000        6.000
   235:        6.000        6.000        6.000       19.000       11.000
   240:        6.000        2.000        4.000       22.000       24.000
   245:       12.000       19.000       11.000        6.000        6.000
   250:        6.000        6.000        6.000        6.000        6.000
   255:        6.000        6.000        6.000        6.000        6.000
   260:        6.000        6.000        6.000        6.000        2.000
   265:        4.000       22.000       24.000       12.000        6.000
   270:       19.000       11.000        6.000        6.000        6.000
   275:        6.000        6.000        6.000        2.000        4.000
   280:       22.000       24.000       12.000       21.000       22.000
   285:       19.000       11.000        6.000        6.000        6.000
   290:        6.000        6.000        6.000        6.000        6.000
   295:        6.000        6.000        6.000        6.000        6.000
   300:        6.000        6.000        6.000        6.000        6.000
   305:        6.000        6.000        6.000        6.000        6.000
   310:        6.000        6.000        6.000        6.000        6.000
   315:        6.000        6.000        6.000        6.000        6.000
   320:        6.000        6.000        6.000        6.000        6.000
   325:        6.000        6.000        6.000        6.000        6.000
   330:        6.000        2.000        4.000       22.000       24.000
   335:       12.000       19.000       21.000       22.000       11.000
   340:        2.000        4.000       22.000       24.000       12.000
   345:       19.000       11.000        6.000        6.000        6.000
   350:        2.000        4.000       22.000       24.000       12.000
   355:        6.000        6.000        6.000       19.000       11.000
   360:        6.000        6.000        6.000        2.000        4.000
   365:       22.000       24.000       12.000        6.000       19.000
   370:       11.000        6.000        6.000        6.000        6.000
   375:        6.000        6.000        6.000        6.000        6.000
   380:        6.000        6.000        6.000        6.000        6.000
   385:        6.000        6.000        6.000        6.000        6.000
   390:        6.000        2.000        4.000       22.000       24.000
   395:       12.000       21.000       22.000        6.000        6.000
   400:       19.000       11.000        6.000        6.000        6.000
   405:        2.000        4.000       22.000       24.000       12.000
   410:       19.000       11.000        6.000        6.000        6.000
   415:        6.000        6.000        6.000        6.000        6.000
   420:        6.000        6.000        6.000        6.000        6.000
   425:        6.000        6.000        2.000        4.000       22.000
   430:       24.000       12.000        6.000        6.000        6.000
   435:       19.000       11.000        6.000        6.000        6.000
   440:        6.000        6.000        6.000        6.000        6.000
   445:        6.000        6.000        6.000        6.000        6.000
   450:        6.000        6.000        2.000        4.000       22.000
   455:       24.000       12.000        6.000        6.000       19.000
   460:       11.000        6.000        6.000        6.000        6.000
   465:        6.000        6.000        6.000        6.000        2.000
   470:        4.000       22.000       24.000       12.000       19.000
   475:       11.000        6.000        6.000        6.000        6.000
   480:        6.000        6.000        6.000        6.000        6.000
   485:        6.000        6.000        6.000        6.000        6.000
   490:        6.000        6.000        6.000        6.000        6.000
   495:        2.000        4.000       22.000       24.000       12.000
   500:       21.000       22.000       21.000       22.000       19.000
   505:       11.000        6.000        6.000        6.000        6.000
   510:        6.000        6.000        6.000        2.000        4.000
   515:       22.000       24.000       12.000       19.000       11.000
   520:        6.000        6.000        6.000        6.000        6.000
   525:        6.000        6.000        6.000        6.000        6.000
   530:        6.000        2.000        4.000       22.000       24.000
   535:       12.000        6.000        6.000        6.000       19.000
   540:       11.000        6.000        6.000        6.000        6.000
   545:        2.000        4.000       22.000       24.000       12.000
   550:        6.000        6.000       19.000       11.000        6.000
   555:        6.000        6.000        6.000        6.000        6.000
   560:        6.000        2.000        4.000       22.000       24.000
   565:       12.000       19.000       11.000        6.000        6.000
   570:        6.000        6.000        6.000        6.000        6.000
   575:        6.000        6.000        6.000        6.000        6.000
   580:        6.000        6.000        6.000        6.000        6.000
   585:        6.000        6.000        6.000        6.000        6.000
   590:        6.000        6.000        6.000        6.000        6.000
   595:        6.000        6.000        6.000        6.000        6.000
   600:        6.000        6.000        2.000        4.000       22.000
   605:       24.000       12.000        6.000        6.000        6.000
   610:       19.000       11.000        6.000        6.000        6.000
   615:        6.000        6.000        6.000        6.000        6.000
   620:        6.000        6.000        6.000        6.000        6.000
   625:        6.000        6.000        2.000        4.000       22.000
   630:       24.000       12.000       21.000       22.000        6.000
   635:        6.000        6.000       19.000       11.000        6.000
   640:        6.000        6.000        6.000        6.000        6.000
   645:        6.000        6.000        6.000        6.000        6.000
   650:        6.000        6.000        6.000        6.000        6.000
   655:        6.000        6.000        6.000        6.000        6.000
   660:        6.000        6.000        6.000        6.000        6.000
   665:        6.000        6.000        6.000        6.000        2.000
   670:        4.000       22.000       24.000       12.000       21.000
   675:       22.000        6.000       19.000       11.000        2.000
   680:        4.000       22.000       24.000       12.000       21.000
   685:       22.000       21.000       22.000       19.000       11.000
   690:        6.000        6.000        6.000        6.000        6.000
   695:        6.000        6.000        6.000        2.000        4.000
   700:       22.000       24.000       12.000        6.000       19.000
   705:       11.000        6.000        6.000        6.000        6.000
   710:        6.000        6.000        6.000        6.000        6.000
   715:        6.000        2.000        4.000       22.000       24.000
   720:       12.000        6.000       19.000       11.000        2.000
   725:        4.000       22.000       24.000       12.000        6.000
   730:        6.000       21.000       22.000       19.000       11.000
   735:        6.000        6.000        6.000        6.000        6.000
   740:        6.000        6.000        6.000        6.000        6.000
   745:        6.000        6.000        6.000        6.000        6.000
   750:        2.000        4.000       22.000       24.000       12.000
   755:       21.000       22.000       19.000       11.000        2.000
   760:        4.000       22.000       24.000       12.000        6.000
   765:        6.000        6.000        6.000        6.000       19.000
   770:       11.000        2.000        4.000       22.000       24.000
   775:       12.000        6.000        6.000        6.000       19.000
   780:       11.000        6.000        6.000        6.000        6.000
   785:        6.000        6.000        6.000        6.000        6.000
   790:        6.000        6.000        6.000        6.000        2.000
   795:        4.000       22.000       24.000       12.000       19.000
   800:       11.000        6.000        6.000        6.000        6.000
   805:        6.000        6.000        2.000        4.000       22.000
   810:       24.000       12.000       19.000       11.000        6.000
   815:        6.000        6.000        6.000        6.000        6.000
   820:        6.000        2.000        4.000       22.000       24.000
   825:       12.000       19.000       11.000        2.000        4.000
   830:       22.000       24.000       12.000        6.000       19.000
   835:       11.000        6.000        2.000        4.000       22.000
   840:       24.000       12.000       19.000       11.000        2.000
   845:        4.000       22.000       24.000       12.000       21.000
   850:       22.000       21.000       22.000        6.000        6.000
   855:       19.000       11.000        6.000        6.000        6.000
   860:        6.000        6.000        6.000        6.000        6.000
   865:        6.000        6.000        6.000        6.000        6.000
   870:        6.000        6.000        6.000        6.000        6.000
   875:        6.000        2.000        4.000       22.000       24.000
   880:       12.000       21.000       22.000        6.000        6.000
   885:       19.000       11.000        6.000        6.000        6.000
   890:        6.000        6.000        6.000        6.000        6.000
   895:        6.000        2.000        4.000       22.000       24.000
   900:       12.000        6.000       19.000       11.000        2.000
   905:        4.000       22.000       24.000       12.000       21.000
   910:       22.000       19.000       11.000        6.000        6.000
   915:        6.000        6.000        6.000        6.000        6.000
   920:        6.000        6.000        6.000        6.000        6.000
   925:        6.000        6.000        6.000        6.000        6.000
   930:        6.000        6.000        6.000        6.000        6.000
   935:        6.000        6.000        6.000        6.000        6.000
   940:        6.000        6.000        6.000        6.000        6.000
   945:        6.000        6.000        6.000        6.000        6.000
   950:        6.000        6.000        6.000        6.000        2.000
   955:        4.000       22.000       24.000       12.000        6.000
   960:        6.000        6.000       19.000       11.000        6.000
   965:        6.000        6.000        6.000        2.000        4.000
   970:       22.000       24.000       12.000       21.000       22.000
   975:       21.000       22.000       21.000       22.000       19.000
   980:       11.000        2.000        4.000       22.000       24.000
   985:       12.000       19.000       11.000        6.000        6.000
   990:        6.000        6.000        2.000        4.000       22.000
   995:       24.000       12.000       21.000       22.000       19.000
  1000:       11.000        2.000        4.000       22.000       24.000
  1005:       12.000       19.000       11.000        6.000        6.000
  1010:        6.000        6.000        6.000        6.000        6.000
  1015:        6.000        6.000        6.000        6.000        6.000
  1020:        2.000        4.000       22.000       24.000       12.000
  1025:       19.000       11.000        6.000        6.000        6.000
  1030:        6.000        6.000        6.000        6.000        6.000
  1035:        6.000        6.000        6.000        6.000        6.000
  1040:        6.000        2.000        4.000       22.000       24.000
  1045:       12.000       21.000       22.000        6.000        6.000
  1050:       19.000       11.000        6.000        6.000        6.000
  1055:        6.000        2.000        4.000       22.000       24.000
  1060:       12.000       21.000       22.000        6.000        6.000
  1065:       19.000       11.000        6.000        6.000        6.000
  1070:        6.000        6.000        6.000        6.000        6.000
  1075:        6.000        6.000        6.000        6.000        2.000
  1080:        4.000       22.000       24.000       12.000       19.000
  1085:       11.000        6.000        6.000        6.000        6.000
  1090:        6.000        6.000        6.000        6.000        6.000
  1095:        6.000        2.000        4.000       22.000       24.000
  1100:       12.000       19.000       11.000        2.000        4.000
  1105:       22.000       24.000       12.000       21.000       22.000
  1110:       21.000       22.000       19.000       11.000        2.000
  1115:        4.000       22.000       24.000       12.000        6.000
  1120:       19.000       11.000        6.000        6.000        6.000
  1125:        6.000        6.000        6.000        6.000        6.000
  1130:        6.000        6.000        6.000        6.000        6.000
  1135:        6.000        6.000        6.000        6.000        6.000
  1140:        6.000        6.000        6.000        6.000        6.000
  1145:        6.000        6.000        6.000        6.000        6.000
  1150:        6.000        6.000        2.000        4.000       22.000
  1155:       24.000       12.000        6.000        6.000       19.000
  1160:       11.000        6.000        6.000        6.000        6.000
  1165:        2.000        4.000       22.000       24.000       12.000
  1170:       19.000       11.000        6.000        6.000        6.000
  1175:        6.000        6.000        6.000        6.000        6.000
  1180:        6.000        6.000        6.000        6.000        6.000
  1185:        6.000        6.000        6.000        2.000        4.000
  1190:       22.000       24.000       12.000        6.000       19.000
  1195:       11.000        2.000        4.000       22.000       24.000
  1200:       12.000        6.000       19.000       11.000        6.000
  1205:        2.000        4.000       22.000       24.000       12.000
  1210:       19.000       11.000        2.000        4.000       22.000
  1215:       24.000       12.000        6.000        6.000       19.000
  1220:       11.000        6.000        6.000        6.000        6.000
  1225:        6.000        6.000        6.000        6.000        6.000
  1230:        6.000        6.000        6.000        6.000        6.000
  1235:        6.000        6.000        6.000        6.000        6.000
  1240:        6.000        6.000        6.000        6.000        6.000
  1245:        6.000        6.000        6.000        6.000        6.000
  1250:        6.000        6.000        6.000        2.000        4.000
  1255:       22.000       24.000       12.000        6.000        6.000
  1260:       19.000       11.000        6.000        6.000        6.000
  1265:        6.000        6.000        6.000        2.000        4.000
  1270:       22.000       24.000       12.000       19.000       11.000
  1275:        6.000        6.000        6.000        6.000        6.000
  1280:        6.000        6.000        6.000        6.000        2.000
  1285:        4.000       22.000       24.000       12.000       19.000
  1290:       11.000        2.000        4.000       22.000       24.000
  1295:       12.000       19.000       11.000        2.000        4.000
  1300:       22.000       24.000       12.000       21.000       22.000
  1305:       19.000       11.000        6.000        6.000        6.000
  1310:        6.000        6.000        6.000        6.000        6.000
  1315:        6.000        6.000        2.000        4.000       22.000
  1320:       24.000       12.000       21.000       22.000       21.000
  1325:       22.000       19.000       11.000        6.000        6.000
  1330:        6.000        6.000        6.000        6.000        6.000
  1335:        6.000        6.000        6.000        6.000        6.000
  1340:        6.000        2.000        4.000       22.000       24.000
  1345:       12.000       19.000       11.000        2.000        4.000
  1350:       22.000       24.000       12.000       19.000       11.000
  1355:        2.000        4.000       22.000       24.000       12.000
  1360:       19.000       11.000        6.000        6.000        6.000
  1365:        6.000        6.000        6.000        6.000        6.000
  1370:        6.000        6.000        6.000        6.000        6.000
  1375:        6.000        6.000        6.000        6.000        2.000
  1380:        4.000       22.000       24.000       12.000        6.000
  1385:        6.000        6.000       19.000       11.000        6.000
  1390:        6.000        6.000        6.000        6.000        2.000
  1395:        4.000       22.000       24.000       12.000       21.000
  1400:       22.000       21.000       22.000       19.000       11.000
  1405:        2.000        4.000       22.000       24.000       12.000
  1410:       21.000       22.000       19.000       11.000        6.000
  1415:        6.000        6.000        6.000        6.000        6.000
  1420:        6.000        6.000        6.000        6.000        6.000
  1425:        2.000        4.000       22.000       24.000       12.000
  1430:        6.000       19.000       11.000        6.000        2.000
  1435:        4.000       22.000       24.000       12.000       19.000
  1440:       11.000        6.000        6.000        6.000        6.000
  1445:        6.000        6.000        6.000        6.000        6.000
  1450:        6.000        6.000        6.000        6.000        6.000
  1455:        6.000        6.000        6.000        6.000        6.000
  1460:        6.000        6.000        6.000        6.000        6.000
  1465:        6.000        6.000        6.000        6.000        6.000
  1470:        6.000        6.000        6.000        6.000        6.000
  1475:        6.000        6.000        6.000        6.000        6.000
  1480:        6.000        6.000        6.000        6.000        6.000
  1485:        6.000        6.000        6.000        6.000        6.000
  1490:        6.000        6.000        6.000        6.000        6.000
  1495:        6.000        6.000        6.000        6.000        6.000
  1500:        6.000        6.000        6.000        2.000        4.000
  1505:       22.000       24.000       12.000        6.000        6.000
  1510:        6.000       19.000       11.000        6.000        6.000
  1515:        6.000        6.000        6.000        6.000        6.000
  1520:        6.000        6.000        6.000        6.000        6.000
  1525:        6.000        6.000        6.000        6.000        6.000
  1530:        6.000        6.000        6.000        6.000        6.000
  1535:        6.000        6.000        6.000        6.000        6.000
  1540:        6.000        6.000        6.000        6.000        6.000
  1545:        6.000        6.000        6.000        6.000        6.000
  1550:        6.000        6.000        6.000        6.000        6.000
  1555:        6.000        6.000        6.000        6.000        6.000
  1560:        6.000        6.000        6.000        6.000        6.000
  1565:        6.000        6.000        6.000        6.000        6.000
  1570:        6.000        6.000        6.000        6.000        6.000
  1575:        6.000        6.000        6.000        6.000        6.000
  1580:        6.000        6.000        6.000        6.000        6.000
  1585:        6.000        6.000        6.000        6.000        6.000
  1590:        6.000        6.000        6.000        6.000        6.000
  1595:        6.000        6.000        2.000        4.000       22.000
  1600:       24.000       12.000        6.000       19.000       11.000
  1605:        6.000        6.000        6.000        6.000        6.000
  1610:        6.000        6.000        6.000        2.000        4.000
  1615:       22.000       24.000       12.000       19.000       11.000
  1620:        6.000        6.000        2.000        4.000       22.000
  1625:       24.000       12.000       19.000       11.000        2.000
  1630:        4.000       22.000       24.000       12.000       21.000
  1635:       22.000
T:
     0:        0.000        0.000        0.000        0.000        6.280
     5:        6.280        6.280        6.290        6.290       11.220
    10:       11.220       16.280       16.290       43.140       43.140
    15:       43.140       43.150       43.150       48.720       48.720
    20:       53.140       53.150       54.680       54.680       54.680
    25:       54.690       54.690       55.160       55.160       64.680
    30:       64.690       78.420       91.800       91.800       91.800
    35:       91.810       91.810       93.670       93.670       97.070
    40:       97.070      101.800      101.810      234.210      234.210
    45:      234.210      234.220      234.220      239.520      239.670
    50:      243.490      244.210      244.220      245.000      245.190
    55:      255.550      255.550      255.550      255.560      255.560
    60:      265.550      265.560      293.000      294.820      341.320
    65:      341.320      341.320      341.330      341.330      351.320
    70:      351.330      352.840      354.330      355.720      356.670
    75:      360.150      360.240      363.900      368.680      369.430
    80:      373.880      375.850      378.850      379.410      384.350
    85:      386.270      389.420      393.490      397.710      405.090
    90:      407.460      407.550      421.320      421.530      424.850
    95:      425.780      426.160      440.040      440.390      440.630
   100:      442.490      443.860      443.920      457.460      459.820
   105:      461.240      465.710      471.330      515.740      515.740
   110:      515.740      515.750      515.750      515.890      515.890
   115:      521.580      521.580      525.740      525.750      534.750
   120:      534.980      540.560      550.720      551.130      554.730
   125:      584.650      589.440      591.560      595.030      628.770
   130:      630.960      635.140      636.990      662.000      662.180
   135:      685.250      690.860      693.100      695.890      700.200
   140:      700.200      700.200      700.210      700.210      705.410
   145:      705.410      710.200      710.210      717.310      717.310
   150:      717.310      717.320      717.320      727.310      727.320
   155:      731.410      731.990      733.460      735.640      747.560
   160:      749.440      749.490      759.800      761.450      763.880
   165:      766.710      768.330      811.970      817.670      820.250
   170:      836.670      839.690      843.710      843.710      843.710
   175:      843.720      843.720      853.710      853.720      861.380
   180:      863.040      866.840      869.190      912.900      915.810
   185:      917.340      919.490      961.370      964.540      965.470
   190:      968.710      971.700      974.240      977.680      979.000
   195:      980.650      985.570      986.640      986.710      989.760
   200:      989.920      993.730      996.540      996.700      997.740
   205:      999.680     1003.910     1014.810     1014.810     1014.810
   210:     1014.820     1014.820     1018.170     1019.950     1024.810
   215:     1024.820     1027.210     1028.620     1045.820     1047.740
   220:     1050.130     1052.270     1055.910     1082.500     1082.600
   225:     1084.470     1085.560     1085.800     1086.030     1108.600
   230:     1108.600     1108.600     1108.610     1108.610     1109.820
   235:     1112.340     1116.930     1118.330     1118.600     1118.610
   240:     1135.720     1140.190     1140.190     1140.190     1140.200
   245:     1140.200     1150.190     1150.200     1151.650     1157.690
   250:     1158.790     1165.340     1178.280     1222.230     1225.630
   255:     1227.200     1276.280     1402.240     1405.670     1410.500
   260:     1411.880     1431.160     1433.470     1433.820     1439.390
   265:     1439.390     1439.390     1439.400     1439.400     1445.770
   270:     1449.390     1449.400     1449.950     1453.090     1455.630
   275:     1455.730     1458.020     1459.110     1473.310     1473.310
   280:     1473.310     1473.320     1473.320     1482.470     1482.470
   285:     1483.310     1483.320     1505.440     1505.630     1513.840
   290:     1514.160     1515.120     1519.630     1521.430     1528.580
   295:     1530.600     1538.940     1539.000     1542.660     1544.800
   300:     1545.670     1546.710     1546.810     1548.790     1549.660
   305:     1549.840     1551.560     1551.650     1552.260     1552.350
   310:     1552.390     1554.720     1563.740     1565.760     1568.120
   315:     1570.330     1570.620     1570.910     1571.010     1573.990
   320:     1574.450     1578.090     1582.750     1583.810     1584.170
   325:     1584.210     1585.650     1585.860     1585.900     1587.140
   330:     1588.660     1606.130     1606.130     1606.130     1606.140
   335:     1606.140     1616.130     1616.130     1616.130     1616.140
   340:     1618.730     1618.730     1618.730     1618.740     1618.740
   345:     1628.730     1628.740     1644.170     1647.890     1651.680
   350:     1679.360     1679.360     1679.360     1679.370     1679.370
   355:     1680.660     1680.860     1686.190     1689.360     1689.370
   360:     1694.890     1695.090     1701.080     1712.880     1712.880
   365:     1712.880     1712.890     1712.890     1720.700     1722.880
   370:     1722.890     1724.520     1727.180     1729.720     1731.550
   375:     1738.250     1738.440     1745.550     1752.590     1759.650
   380:     1779.730     1786.140     1824.880     1833.390     1835.420
   385:     1845.820     1846.070     1848.530     1853.960     1857.530
   390:     1867.070     1870.940     1870.940     1870.940     1870.950
   395:     1870.950     1876.750     1876.750     1880.150     1880.300
   400:     1880.940     1880.950     1881.760     1901.720     1957.530
   405:     1993.360     1993.360     1993.360     1993.370     1993.370
   410:     2003.360     2003.370     2025.240     2029.680     2032.530
   415:     2033.670     2035.540     2037.360     2041.420     2041.480
   420:     2045.350     2046.440     2048.790     2050.280     2053.530
   425:     2064.380     2067.500     2076.850     2076.850     2076.850
   430:     2076.860     2076.860     2077.840     2086.470     2086.510
   435:     2086.850     2086.860     2089.040     2091.380     2091.520
   440:     2095.010     2095.950     2099.380     2100.000     2106.420
   445:     2125.740     2138.810     2146.800     2209.380     2211.370
   450:     2219.480     2221.790     2232.410     2232.410     2232.410
   455:     2232.420     2232.420     2234.200     2240.210     2242.410
   460:     2242.420     2243.040     2243.680     2287.850     2294.320
   465:     2294.390     2299.490     2303.560     2303.620     2306.390
   470:     2306.390     2306.390     2306.400     2306.400     2316.390
   475:     2316.400     2325.410     2326.950     2328.840     2339.680
   480:     2348.830     2353.710     2354.820     2358.000     2360.520
   485:     2364.780     2367.500     2367.660     2372.140     2397.720
   490:     2450.820     2456.020     2458.530     2488.060     2490.270
   495:     2497.330     2497.330     2497.330     2497.340     2497.340
   500:     2497.840     2497.840     2500.420     2500.420     2507.330
   505:     2507.340     2514.570     2516.750     2539.550     2546.500
   510:     2561.880     2563.990     2567.740     2570.700     2570.700
   515:     2570.700     2570.710     2570.710     2580.700     2580.710
   520:     2618.120     2621.290     2622.340     2627.330     2629.490
   525:     2629.660     2629.930     2632.810     2634.180     2634.340
   530:     2634.440     2637.520     2637.520     2637.520     2637.530
   535:     2637.530     2641.520     2643.590     2645.050     2647.520
   540:     2647.530     2702.040     2702.140     2704.880     2707.900
   545:     2712.610     2712.610     2712.610     2712.620     2712.620
   550:     2713.690     2722.070     2722.610     2722.620     2727.620
   555:     2785.120     2788.730     2798.220     2831.570     2832.740
   560:     2905.700     2934.660     2934.660     2934.660     2934.670
   565:     2934.670     2944.660     2944.670     2959.860     2960.030
   570:     2966.220     2969.690     2980.740     3000.700     3000.810
   575:     3016.010     3076.160     3102.500     3159.850     3173.730
   580:     3190.920     3191.020     3192.530     3193.080     3193.250
   585:     3196.120     3196.650     3197.460     3197.640     3198.350
   590:     3200.240     3200.640     3201.870     3203.410     3211.280
   595:     3212.840     3214.310     3214.340     3214.390     3215.230
   600:     3215.790     3216.280     3218.980     3218.980     3218.980
   605:     3218.990     3218.990     3222.380     3226.970     3227.160
   610:     3228.980     3228.990     3234.270     3237.260     3239.040
   615:     3239.800     3240.160     3244.470     3244.950     3245.260
   620:     3247.360     3248.710     3254.680     3276.760     3282.380
   625:     3282.570     3284.420     3348.490     3348.490     3348.490
   630:     3348.500     3348.500     3353.490     3353.490     3355.360
   635:     3357.150     3357.750     3358.490     3358.500     3385.690
   640:     3390.690     3391.530     3391.580     3391.680     3392.960
   645:     3411.920     3412.120     3412.300     3412.610     3416.330
   650:     3419.650     3429.450     3445.410     3448.990     3450.460
   655:     3490.610     3491.010     3500.710     3500.770     3500.870
   660:     3516.340     3516.470     3518.010     3565.630     3565.800
   665:     3600.580     3602.510     3603.410     3638.590     3643.300
   670:     3643.300     3643.300     3643.310     3643.310     3650.290
   675:     3650.290     3652.330     3653.300     3653.310     3655.300
   680:     3655.300     3655.300     3655.310     3655.310     3655.640
   685:     3655.640     3662.070     3662.070     3665.300     3665.310
   690:     3703.070     3706.090     3708.440     3709.470     3830.420
   695:     3830.790     3838.410     3840.590     3847.110     3847.110
   700:     3847.110     3847.120     3847.120     3849.940     3857.110
   705:     3857.120     3861.490     3891.560     3900.120     3906.240
   710:     3910.610     3959.230     3961.100     3962.520     3971.960
   715:     3972.060     3975.820     3975.820     3975.820     3975.830
   720:     3975.830     3979.450     3985.820     3985.830     3990.060
   725:     3990.060     3990.060     3990.070     3990.070     3992.460
   730:     3993.880     3996.440     3996.440     4000.060     4000.070
   735:     4215.510     4219.720     4221.730     4222.840     4222.960
   740:     4262.620     4266.840     4276.800     4278.690     4278.760
   745:     4279.410     4289.200     4298.890     4368.430     4371.580
   750:     4486.740     4486.740     4486.740     4486.750     4486.750
   755:     4490.750     4490.750     4496.740     4496.750     4497.660
   760:     4497.660     4497.660     4497.670     4497.670     4501.810
   765:     4504.050     4505.950     4507.000     4507.480     4507.660
   770:     4507.670     4511.080     4511.080     4511.080     4511.090
   775:     4511.090     4514.130     4516.830     4519.480     4521.080
   780:     4521.090     4528.240     4529.290     4530.890     4533.760
   785:     4542.080     4545.960     4550.010     4551.170     4551.300
   790:     4553.970     4554.540     4700.640     4702.020     4706.360
   795:     4706.360     4706.360     4706.370     4706.370     4716.360
   800:     4716.370     4725.310     4732.020     4736.050     4739.370
   805:     4744.360     4746.110     4794.410     4794.410     4794.410
   810:     4794.420     4794.420     4804.410     4804.420     4851.340
   815:     4853.600     4855.340     4896.320     4901.340     4924.730
   820:     4924.960     4929.730     4929.730     4929.730     4929.740
   825:     4929.740     4939.730     4939.740     4948.680     4948.680
   830:     4948.680     4948.690     4948.690     4952.450     4958.680
   835:     4958.690     4969.830     4990.190     4990.190     4990.190
   840:     4990.200     4990.200     5000.190     5000.200     5015.380
   845:     5015.380     5015.380     5015.390     5015.390     5016.870
   850:     5016.870     5019.840     5019.840     5021.200     5021.410
   855:     5025.380     5025.390     5027.730     5027.790     5027.960
   860:     5028.110     5042.070     5042.410     5100.840     5103.090
   865:     5106.370     5205.210     5213.730     5216.640     5218.210
   870:     5218.380     5241.880     5243.040     5316.280     5318.580
   875:     5318.950     5321.170     5321.170     5321.170     5321.180
   880:     5321.180     5321.300     5321.300     5329.150     5330.860
   885:     5331.170     5331.180     5332.740     5333.670     5334.560
   890:     5371.750     5373.960     5374.110     5375.970     5376.860
   895:     5379.860     5434.940     5434.940     5434.940     5434.950
   900:     5434.950     5441.490     5444.940     5444.950     5446.590
   905:     5446.590     5446.590     5446.600     5446.600     5450.240
   910:     5450.240     5456.590     5456.600     5458.080     5460.390
   915:     5461.460     5468.940     5471.290     5474.220     5476.260
   920:     5476.470     5478.740     5478.870     5481.160     5492.360
   925:     5498.440     5499.950     5500.950     5501.280     5502.400
   930:     5507.880     5513.070     5513.670     5513.820     5515.980
   935:     5516.320     5517.460     5517.970     5522.450     5528.990
   940:     5530.050     5530.140     5530.260     5530.290     5530.310
   945:     5530.390     5530.640     5531.950     5532.230     5533.040
   950:     5559.420     5685.740     5692.690     5697.540     5702.700
   955:     5702.700     5702.700     5702.710     5702.710     5705.560
   960:     5708.240     5709.850     5712.700     5712.710     5724.370
   965:     5724.510     5727.510     5730.540     5756.960     5756.960
   970:     5756.960     5756.970     5756.970     5759.220     5759.220
   975:     5763.800     5763.800     5764.640     5764.640     5766.960
   980:     5766.970     5791.370     5791.370     5791.370     5791.380
   985:     5791.380     5801.370     5801.380     5880.650     5883.370
   990:     5893.710     5923.990     5938.050     5938.050     5938.050
   995:     5938.060     5938.060     5941.680     5941.680     5948.050
  1000:     5948.060     6013.100     6013.100     6013.100     6013.110
  1005:     6013.110     6023.100     6023.110     6025.450     6027.160
  1010:     6044.810     6047.270     6126.410     6171.800     6173.090
  1015:     6174.370     6174.410     6174.530     6177.980     6179.140
  1020:     6185.480     6185.480     6185.480     6185.490     6185.490
  1025:     6195.480     6195.490     6240.120     6402.150     6426.010
  1030:     6427.280     6488.670     6490.230     6499.650     6520.290
  1035:     6528.200     6563.580     6574.310     6641.860     6654.230
  1040:     6656.440     6659.950     6659.950     6659.950     6659.960
  1045:     6659.960     6661.430     6661.430     6667.980     6668.080
  1050:     6669.950     6669.960     6678.550     6680.990     6682.070
  1055:     6684.230     6686.090     6686.090     6686.090     6686.100
  1060:     6686.100     6691.260     6691.260     6693.930     6695.250
  1065:     6696.090     6696.100     6697.240     6705.260     6705.410
  1070:     6710.020     6710.310     6711.750     6717.500     6719.030
  1075:     6820.710     6836.280     6836.580     6836.620     6877.430
  1080:     6877.430     6877.430     6877.440     6877.440     6887.430
  1085:     6887.440     6896.040     6898.370     6911.100     6955.510
  1090:     6957.990     7094.370     7094.390     7094.830     7100.000
  1095:     7102.120     7107.840     7107.840     7107.840     7107.850
  1100:     7107.850     7117.840     7117.850     7200.740     7200.740
  1105:     7200.740     7200.750     7200.750     7205.510     7205.510
  1110:     7210.150     7210.150     7210.740     7210.750     7212.490
  1115:     7212.490     7212.490     7212.500     7212.500     7221.610
  1120:     7222.490     7222.500     7227.690     7229.850     7238.360
  1125:     7249.190     7251.930     7259.360     7259.570     7263.750
  1130:     7263.840     7264.230     7265.550     7265.680     7267.360
  1135:     7268.770     7268.800     7272.590     7276.740     7278.730
  1140:     7279.040     7284.810     7291.620     7293.960     7361.370
  1145:     7361.540     7366.480     7368.440     7370.280     7371.030
  1150:     7375.820     7379.120     7425.180     7425.180     7425.180
  1155:     7425.190     7425.190     7431.060     7434.380     7435.180
  1160:     7435.190     7436.790     7462.440     7466.040     7472.090
  1165:     7477.360     7477.360     7477.360     7477.370     7477.370
  1170:     7487.360     7487.370     7577.410     7583.270     7592.030
  1175:     7648.050     7659.190     7660.360     7680.860     7681.220
  1180:     7682.130     7727.810     7749.860     7754.390     7759.880
  1185:     7761.500     7836.770     7839.580     7844.940     7844.940
  1190:     7844.940     7844.950     7844.950     7846.320     7854.940
  1195:     7854.950     7933.260     7933.260     7933.260     7933.270
  1200:     7933.270     7936.560     7943.260     7943.270     7944.240
  1205:     7967.880     7967.880     7967.880     7967.890     7967.890
  1210:     7977.880     7977.890     7980.370     7980.370     7980.370
  1215:     7980.380     7980.380     7988.220     7988.330     7990.370
  1220:     7990.380     7991.170     7992.740     8006.090     8014.660
  1225:     8014.740     8021.740     8027.930     8028.680     8033.560
  1230:     8033.880     8035.080     8035.260     8040.260     8042.300
  1235:     8044.980     8046.450     8049.160     8051.000     8051.190
  1240:     8053.420     8055.970     8060.080     8068.950     8073.730
  1245:     8075.790     8077.510     8077.710     8112.470     8115.950
  1250:     8116.040     8116.400     8117.330     8291.550     8291.550
  1255:     8291.550     8291.560     8291.560     8294.360     8296.390
  1260:     8301.550     8301.560     8391.330     8393.290     8396.670
  1265:     8467.140     8471.650     8474.000     8480.170     8480.170
  1270:     8480.170     8480.180     8480.180     8490.170     8490.180
  1275:     8559.420     8559.470     8594.340     8594.480     8597.200
  1280:     8601.420     8607.000     8608.990     8609.380     8637.850
  1285:     8637.850     8637.850     8637.860     8637.860     8647.850
  1290:     8647.860     8659.200     8659.200     8659.200     8659.210
  1295:     8659.210     8669.200     8669.210     8678.030     8678.030
  1300:     8678.030     8678.040     8678.040     8687.490     8687.490
  1305:     8688.030     8688.040     8721.900     8722.130     8724.330
  1310:     8725.440     8725.570     8725.610     8726.140     8726.830
  1315:     8861.250     9030.950     9136.330     9136.330     9136.330
  1320:     9136.340     9136.340     9138.320     9138.320     9141.050
  1325:     9141.050     9146.330     9146.340     9147.300     9147.560
  1330:     9161.170     9167.670     9171.540     9175.940     9182.860
  1335:     9185.750     9186.370     9186.610     9193.360     9193.490
  1340:     9195.790     9239.520     9239.520     9239.520     9239.530
  1345:     9239.530     9249.520     9249.530     9252.520     9252.520
  1350:     9252.520     9252.530     9252.530     9262.520     9262.530
  1355:     9264.690     9264.690     9264.690     9264.700     9264.700
  1360:     9274.690     9274.700     9276.370     9281.310     9281.420
  1365:     9296.500     9324.990     9325.020     9354.440     9357.130
  1370:     9361.290     9362.910     9366.770     9478.220     9481.010
  1375:     9484.590     9513.800     9516.470     9519.710     9551.760
  1380:     9551.760     9551.760     9551.770     9551.770     9554.220
  1385:     9556.160     9558.980     9561.760     9561.770     9628.500
  1390:     9628.730     9631.050     9653.520     9653.750     9703.030
  1395:     9703.030     9703.030     9703.040     9703.040     9703.900
  1400:     9703.900     9709.010     9709.010     9713.030     9713.040
  1405:     9713.730     9713.730     9713.730     9713.740     9713.740
  1410:     9715.920     9715.920     9723.730     9723.740     9726.170
  1415:     9727.930     9751.710     9777.600     9890.760     9890.890
  1420:     9898.370     9908.280     9910.560     9914.820     9928.450
  1425:     9937.210     9937.210     9937.210     9937.220     9937.220
  1430:     9941.340     9947.210     9947.220     9961.900    10014.780
  1435:    10014.780    10014.780    10014.790    10014.790    10024.780
  1440:    10024.790    10038.830    10043.600    10048.300    10050.780
  1445:    10054.720    10055.840    10059.540    10061.080    10063.340
  1450:    10064.720    10066.630    10067.500    10068.690    10068.810
  1455:    10069.100    10069.370    10069.630    10070.180    10072.000
  1460:    10077.190    10081.920    10082.420    10082.710    10084.110
  1465:    10087.180    10088.600    10089.380    10090.280    10092.370
  1470:    10094.350    10095.560    10096.210    10096.400    10096.950
  1475:    10097.410    10099.000    10100.500    10100.810    10102.040
  1480:    10109.190    10113.420    10116.680    10125.840    10126.720
  1485:    10129.010    10130.030    10130.300    10132.840    10157.240
  1490:    10175.080    10178.710    10178.950    10189.230    10190.570
  1495:    10194.490    10240.470    10242.320    10248.680    10251.690
  1500:    10251.810    10264.750    10264.830    10269.570    10269.570
  1505:    10269.570    10269.580    10269.580    10273.850    10277.470
  1510:    10277.530    10279.570    10279.580    10285.220    10285.470
  1515:    10288.260    10290.960    10291.810    10300.880    10301.110
  1520:    10307.230    10307.370    10308.600    10315.670    10317.590
  1525:    10326.390    10330.250    10333.890    10336.140    10337.700
  1530:    10355.370    10358.790    10414.260    10420.990    10422.090
  1535:    10422.420    10436.300    10441.630    10443.090    10447.470
  1540:    10449.850    10454.520    10457.150    10457.790    10468.990
  1545:    10469.050    10470.020    10471.470    10474.770    10476.260
  1550:    10476.600    10483.680    10484.200    10484.900    10485.200
  1555:    10485.590    10485.640    10485.730    10485.780    10485.920
  1560:    10486.090    10487.160    10487.330    10489.100    10490.460
  1565:    10491.420    10493.140    10493.180    10493.290    10493.310
  1570:    10493.460    10493.520    10493.580    10493.620    10493.710
  1575:    10494.890    10495.050    10497.020    10499.300    10500.220
  1580:    10500.600    10504.910    10505.110    10526.870    10527.040
  1585:    10531.650    10531.880    10532.680    10535.020    10535.890
  1590:    10536.990    10538.370    10538.810    10539.120    10540.950
  1595:    10541.080    10542.650    10546.820    10546.820    10546.820
  1600:    10546.830    10546.830    10550.770    10556.820    10556.830
  1605:    10560.600    10560.960    10569.170    10583.930    10585.650
  1610:    10670.550    10670.670    10676.030    10710.580    10710.580
  1615:    10710.580    10710.590    10710.590    10720.580    10720.590
  1620:    10762.510    10762.750    10778.770    10778.770    10778.770
  1625:    10778.780    10778.780    10788.770    10788.780    10798.150
  1630:    10798.150    10798.150    10798.160    10798.160    10798.320
  1635:    10798.320
