File: C:\MED-PC\Data\2024-11-08_12h37m_Subject 54.txt


Start Date: 11/08/24
End Date: 11/08/24
Subject: 54
Experiment: OralFentSA
Group: One
Box: 10
Start Time: 12:37:39
End Time: 15:37:55
MSN: 20241014Golden_Liq_SelfAdmin
F:       0.000
G:    1760.000
H:   10800.000
I:       0.000
J:       0.000
K:       0.000
L:       0.000
M:       0.000
N:       0.000
O:       0.000
P:       0.000
Q:       0.000
R:       0.000
S:       0.000
U:       0.000
V:       0.000
W:       0.000
X:       0.000
Y:       0.000
Z:       0.000
A:
     0:        0.000        0.000      180.000        4.000        0.000
     5:        5.000        0.000        5.000        0.000        0.000
    10:        1.000        0.000       10.000   100000.000       36.000
    15:       15.000      640.000        0.000        0.000        0.000
    20:        0.000
B:
     0:        0.000        0.000        0.000      400.000        0.000
     5:      500.000        0.000      500.000        0.000        0.000
    10:        0.000        0.000     1000.000 10000000.000        0.000
    15:        0.000        0.000        0.000        0.000        0.000
    20:        0.000
C:
     0:       95.000       95.000       59.000      144.000      274.000
     5:    10799.200       27.980       35.000     2947.650       84.219
    10:      144.000       59.000        0.000        0.000        0.000
    15:        0.000        0.000        0.000        0.000        0.000
    20:        0.000
D:
     0:        4.670       16.110        0.740       76.000       93.260
     5:       12.080       10.120      132.820      144.310        5.620
    10:       25.740      240.050      167.770       83.070        8.690
    15:      710.680      130.830       60.980       17.370       25.070
    20:       16.540       11.610        3.580      114.980       14.380
    25:       15.840       22.270      466.680       48.740       35.010
    30:        1.630      187.880        2.950       11.600       27.980
E:
     0:       19.000       11.000       26.000       27.000        1.000
     5:        2.000        4.000       22.000       24.000       12.000
    10:       13.000        8.000        5.000       17.000       18.000
    15:        6.000       14.000       10.000        6.000        6.000
    20:        6.000        6.000        6.000        6.000       19.000
    25:       11.000        6.000        6.000        6.000        6.000
    30:        2.000        4.000       22.000       24.000       12.000
    35:       13.000        8.000        5.000       17.000       18.000
    40:       14.000       10.000       19.000       11.000        2.000
    45:        4.000       22.000       24.000       12.000       13.000
    50:        8.000        5.000       17.000       18.000       14.000
    55:       10.000       20.000       20.000       19.000       11.000
    60:        6.000        2.000        4.000       22.000       24.000
    65:       12.000       13.000        8.000        5.000       17.000
    70:       21.000       22.000       18.000       14.000       10.000
    75:       19.000       11.000        2.000        4.000       22.000
    80:       24.000       12.000       13.000        8.000        5.000
    85:       17.000       18.000       14.000       10.000       19.000
    90:       11.000        2.000        4.000       22.000       24.000
    95:       12.000       13.000        8.000        5.000       17.000
   100:        6.000       18.000       21.000       22.000       14.000
   105:       10.000       19.000       11.000        2.000        4.000
   110:       22.000       24.000       12.000       13.000        8.000
   115:        5.000       17.000       18.000       14.000       10.000
   120:       19.000       11.000        6.000        6.000        6.000
   125:        2.000        4.000       22.000       24.000       12.000
   130:       13.000        8.000        5.000       17.000       18.000
   135:       14.000       10.000       19.000       11.000        2.000
   140:        4.000       22.000       24.000       12.000       13.000
   145:        8.000        5.000       17.000       18.000       14.000
   150:       10.000       19.000       11.000        2.000        4.000
   155:       22.000       24.000       12.000       13.000        8.000
   160:        5.000       17.000       21.000       22.000       18.000
   165:       14.000       10.000       19.000       11.000        1.000
   170:        6.000        1.000        6.000        6.000        6.000
   175:        6.000        2.000        4.000       22.000       24.000
   180:       12.000       13.000        8.000        5.000       17.000
   185:       21.000       22.000       18.000       14.000       10.000
   190:       19.000       11.000        2.000        4.000       22.000
   195:       24.000       12.000       13.000        8.000        5.000
   200:       17.000       18.000       14.000       10.000       19.000
   205:       11.000        2.000        4.000       22.000       24.000
   210:       12.000       13.000        8.000        5.000       17.000
   215:       18.000       14.000       10.000       19.000       11.000
   220:        6.000        6.000        6.000        6.000        6.000
   225:        6.000        6.000        1.000        2.000        4.000
   230:       22.000       24.000       12.000       13.000        8.000
   235:        5.000       17.000       21.000       22.000       18.000
   240:       14.000       10.000       19.000       11.000        6.000
   245:        6.000        6.000        6.000        2.000        4.000
   250:       22.000       24.000       12.000       13.000        8.000
   255:        5.000       17.000       18.000       14.000       10.000
   260:       19.000       11.000        1.000        6.000        2.000
   265:        4.000       22.000       24.000       12.000       13.000
   270:        8.000        5.000       17.000       18.000       14.000
   275:       10.000       19.000       11.000        6.000        1.000
   280:        6.000        6.000        6.000        6.000        6.000
   285:        6.000        6.000        6.000        6.000        6.000
   290:        6.000        6.000        6.000        6.000        6.000
   295:        6.000        6.000        6.000        6.000        6.000
   300:        6.000        6.000        6.000        6.000        6.000
   305:        6.000        6.000        6.000        6.000        6.000
   310:        6.000        6.000        6.000        6.000        1.000
   315:        2.000        4.000       22.000       24.000       12.000
   320:       13.000        8.000        5.000       17.000       21.000
   325:       22.000       18.000       14.000       10.000       19.000
   330:       11.000        1.000        1.000        1.000        1.000
   335:        1.000        2.000        4.000       22.000       24.000
   340:       12.000       13.000        8.000        5.000       17.000
   345:       18.000       14.000       10.000        6.000        6.000
   350:        6.000       19.000       11.000        6.000        2.000
   355:        4.000       22.000       24.000       12.000       13.000
   360:        8.000        5.000       17.000       18.000       14.000
   365:       10.000       19.000       11.000        6.000        1.000
   370:        2.000        4.000       22.000       24.000       12.000
   375:       13.000        8.000        5.000       17.000       18.000
   380:       14.000       10.000       19.000       11.000        1.000
   385:        6.000        2.000        4.000       22.000       24.000
   390:       12.000       13.000        8.000        5.000       17.000
   395:       18.000       21.000       22.000       14.000       10.000
   400:       19.000       11.000        6.000        6.000        2.000
   405:        4.000       22.000       24.000       12.000       13.000
   410:        8.000        5.000       17.000       18.000       14.000
   415:       10.000       19.000       11.000        1.000        1.000
   420:        6.000        6.000        6.000        6.000        6.000
   425:        2.000        4.000       22.000       24.000       12.000
   430:       13.000        8.000        5.000       17.000       18.000
   435:       21.000       22.000       14.000       10.000       21.000
   440:       22.000       19.000       11.000        2.000        4.000
   445:       22.000       24.000       12.000       13.000        8.000
   450:        5.000       17.000       21.000       22.000       18.000
   455:       14.000       10.000        6.000       19.000       11.000
   460:        6.000        6.000        6.000        6.000        6.000
   465:        6.000        6.000        6.000        6.000        6.000
   470:        6.000        6.000        6.000        6.000        6.000
   475:        6.000        6.000        6.000        6.000        6.000
   480:        6.000        6.000        6.000        6.000        6.000
   485:        6.000        6.000        6.000        6.000        6.000
   490:        6.000        6.000        6.000        6.000        6.000
   495:        6.000        6.000        6.000        6.000        6.000
   500:        6.000        2.000        4.000       22.000       24.000
   505:       12.000       13.000        8.000        5.000       17.000
   510:       18.000       14.000       10.000       19.000       11.000
   515:        2.000        4.000       22.000       24.000       12.000
   520:       13.000        8.000        5.000       17.000       21.000
   525:       22.000       18.000       14.000       10.000       21.000
   530:       22.000       19.000       11.000        2.000        4.000
   535:       22.000       24.000       12.000       13.000        8.000
   540:        5.000       17.000       18.000       14.000       10.000
   545:       19.000       11.000        1.000        1.000        6.000
   550:        6.000        6.000        6.000        6.000        6.000
   555:        6.000        6.000        6.000        6.000        6.000
   560:        6.000        6.000        6.000        6.000        6.000
   565:        6.000        6.000        6.000        6.000        6.000
   570:        6.000        6.000        6.000        6.000        6.000
   575:        2.000        4.000       22.000       24.000       12.000
   580:       13.000        8.000        5.000       17.000       21.000
   585:       22.000       18.000       14.000       10.000       19.000
   590:       11.000        1.000        1.000        2.000        4.000
   595:       22.000       24.000       12.000       13.000        8.000
   600:        5.000       17.000       21.000       22.000       21.000
   605:       22.000       18.000       14.000       10.000       19.000
   610:       11.000        2.000        4.000       22.000       24.000
   615:       12.000       13.000        8.000        5.000       17.000
   620:       18.000       14.000       10.000       19.000       11.000
   625:        6.000        6.000        2.000        4.000       22.000
   630:       24.000       12.000       13.000        8.000        5.000
   635:       17.000       18.000       14.000       10.000       19.000
   640:       11.000        2.000        4.000       22.000       24.000
   645:       12.000       13.000        8.000        5.000       17.000
   650:       18.000       14.000       10.000       19.000       11.000
   655:        6.000        6.000        6.000        6.000        6.000
   660:        6.000        6.000        1.000        2.000        4.000
   665:       22.000       24.000       12.000       13.000        8.000
   670:        5.000       17.000       18.000       14.000       10.000
   675:       21.000       22.000       19.000       11.000        6.000
   680:        6.000        6.000        6.000        6.000        6.000
   685:        6.000        6.000        6.000        6.000        6.000
   690:        6.000        6.000        6.000        6.000        6.000
   695:        6.000        6.000        6.000        2.000        4.000
   700:       22.000       24.000       12.000       13.000        8.000
   705:        5.000       17.000       18.000       14.000       10.000
   710:       19.000       11.000        2.000        4.000       22.000
   715:       24.000       12.000       13.000        8.000        5.000
   720:       17.000       18.000       14.000       10.000       19.000
   725:       11.000        2.000        4.000       22.000       24.000
   730:       12.000       13.000        8.000        5.000       17.000
   735:       21.000       22.000       18.000       14.000       10.000
   740:       21.000       22.000       21.000       22.000       21.000
   745:       22.000       19.000       11.000        2.000        4.000
   750:       22.000       24.000       12.000       13.000        8.000
   755:        5.000       17.000       18.000       14.000       10.000
   760:       21.000       22.000       19.000       11.000        2.000
   765:        4.000       22.000       24.000       12.000       13.000
   770:        8.000        5.000       17.000       18.000       14.000
   775:       10.000       19.000       11.000        2.000        4.000
   780:       22.000       24.000       12.000       13.000        8.000
   785:        5.000       17.000       18.000       14.000       10.000
   790:       21.000       22.000       19.000       11.000        6.000
   795:        6.000        6.000        6.000        1.000        1.000
   800:        1.000        1.000        1.000        1.000        1.000
   805:        2.000        4.000       22.000       24.000       12.000
   810:       13.000        8.000        5.000       17.000       18.000
   815:       14.000       10.000       19.000       11.000        6.000
   820:        6.000        6.000        2.000        4.000       22.000
   825:       24.000       12.000       13.000        8.000        5.000
   830:       17.000       18.000       14.000       10.000       19.000
   835:       11.000        6.000        2.000        4.000       22.000
   840:       24.000       12.000       13.000        8.000        5.000
   845:       17.000       18.000       14.000       10.000       19.000
   850:       11.000        2.000        4.000       22.000       24.000
   855:       12.000       13.000        8.000        5.000       17.000
   860:       18.000       14.000       10.000       19.000       11.000
   865:        2.000        4.000       22.000       24.000       12.000
   870:       13.000        8.000        5.000       17.000       18.000
   875:       14.000       10.000       19.000       11.000        2.000
   880:        4.000       22.000       24.000       12.000       13.000
   885:        8.000        5.000       17.000       18.000       14.000
   890:       10.000       19.000       11.000        2.000        4.000
   895:       22.000       24.000       12.000       13.000        8.000
   900:        5.000       17.000        6.000        6.000       18.000
   905:        6.000       14.000       10.000       19.000       11.000
   910:        6.000        6.000        6.000        2.000        4.000
   915:       22.000       24.000       12.000       13.000        8.000
   920:        5.000       17.000       18.000       14.000       10.000
   925:       19.000       11.000        2.000        4.000       22.000
   930:       24.000       12.000       13.000        8.000        5.000
   935:       17.000       18.000       14.000       10.000       19.000
   940:       11.000        2.000        4.000       22.000       24.000
   945:       12.000       13.000        8.000        5.000       17.000
   950:       18.000       14.000       10.000       19.000       11.000
   955:        1.000        1.000        6.000        6.000        6.000
   960:        6.000        6.000        6.000        6.000        6.000
   965:        6.000        2.000        4.000       22.000       24.000
   970:       12.000       13.000        8.000        5.000       17.000
   975:       21.000       22.000       18.000       14.000       10.000
   980:       19.000       11.000        1.000        2.000        4.000
   985:       22.000       24.000       12.000       13.000        8.000
   990:        5.000       17.000       18.000       14.000       10.000
   995:       19.000       11.000        6.000        6.000        6.000
  1000:        6.000        6.000        6.000        2.000        4.000
  1005:       22.000       24.000       12.000       13.000        8.000
  1010:        5.000       17.000       18.000       14.000       10.000
  1015:       21.000       22.000       19.000       11.000        1.000
  1020:        2.000        4.000       22.000       24.000       12.000
  1025:       13.000        8.000        5.000       17.000       18.000
  1030:       14.000       10.000       19.000       11.000        2.000
  1035:        4.000       22.000       24.000       12.000       13.000
  1040:        8.000        5.000       17.000       18.000       14.000
  1045:       10.000       19.000       11.000        1.000        2.000
  1050:        4.000       22.000       24.000       12.000       13.000
  1055:        8.000        5.000       17.000       21.000       22.000
  1060:       18.000       14.000       10.000       19.000       11.000
  1065:        2.000        4.000       22.000       24.000       12.000
  1070:       13.000        8.000        5.000       17.000       18.000
  1075:       14.000       10.000       19.000       11.000        2.000
  1080:        4.000       22.000       24.000       12.000       13.000
  1085:        8.000        5.000       17.000       18.000       14.000
  1090:       10.000       21.000       22.000       21.000       22.000
  1095:       19.000       11.000        6.000        1.000        2.000
  1100:        4.000       22.000       24.000       12.000       13.000
  1105:        8.000        5.000       17.000       18.000       14.000
  1110:       10.000       19.000       11.000        6.000        1.000
  1115:        1.000        2.000        4.000       22.000       24.000
  1120:       12.000       13.000        8.000        5.000       17.000
  1125:       18.000       14.000       10.000       19.000       11.000
  1130:        2.000        4.000       22.000       24.000       12.000
  1135:       13.000        8.000        5.000       17.000       21.000
  1140:       22.000       18.000       14.000       10.000       19.000
  1145:       11.000        1.000        6.000        2.000        4.000
  1150:       22.000       24.000       12.000       13.000        8.000
  1155:        5.000       17.000       18.000       14.000       10.000
  1160:       19.000       11.000        2.000        4.000       22.000
  1165:       24.000       12.000       13.000        8.000        5.000
  1170:       17.000       18.000       21.000       22.000       14.000
  1175:       10.000       19.000       11.000        6.000        6.000
  1180:        6.000        2.000        4.000       22.000       24.000
  1185:       12.000       13.000        8.000        5.000       17.000
  1190:       21.000       22.000       18.000       14.000       10.000
  1195:       19.000       11.000        2.000        4.000       22.000
  1200:       24.000       12.000       13.000        8.000        5.000
  1205:       17.000       18.000       14.000       10.000       19.000
  1210:       11.000        2.000        4.000       22.000       24.000
  1215:       12.000       13.000        8.000        5.000       17.000
  1220:       18.000       14.000       10.000       19.000       11.000
  1225:        2.000        4.000       22.000       24.000       12.000
  1230:       13.000        8.000        5.000       17.000       18.000
  1235:       14.000       10.000       19.000       11.000        1.000
  1240:        1.000        1.000        1.000        1.000        1.000
  1245:        1.000        1.000        1.000        1.000        2.000
  1250:        4.000       22.000       24.000       12.000       13.000
  1255:        8.000        5.000       17.000       21.000       22.000
  1260:       18.000       14.000       10.000       21.000       22.000
  1265:       19.000       11.000        2.000        4.000       22.000
  1270:       24.000       12.000       13.000        8.000        5.000
  1275:       17.000       21.000       22.000       18.000       21.000
  1280:       22.000       14.000       10.000       21.000       22.000
  1285:       21.000       22.000       21.000       22.000       19.000
  1290:       11.000        6.000        2.000        4.000       22.000
  1295:       24.000       12.000       13.000        8.000        5.000
  1300:       17.000       18.000       14.000       10.000       21.000
  1305:       22.000       19.000       11.000        2.000        4.000
  1310:       22.000       24.000       12.000       13.000        8.000
  1315:        5.000       17.000        6.000       18.000       14.000
  1320:       10.000        6.000       19.000       11.000        6.000
  1325:        6.000        6.000        6.000        6.000        6.000
  1330:        6.000        6.000        6.000        6.000        6.000
  1335:        6.000        6.000        6.000        6.000        6.000
  1340:        6.000        6.000        6.000        6.000        6.000
  1345:        6.000        6.000        6.000        6.000        6.000
  1350:        6.000        6.000        6.000        6.000        6.000
  1355:        6.000        6.000        6.000        6.000        6.000
  1360:        6.000        6.000        2.000        4.000       22.000
  1365:       24.000       12.000       13.000        8.000        5.000
  1370:       17.000       18.000       14.000       10.000       19.000
  1375:       11.000        2.000        4.000       22.000       24.000
  1380:       12.000       13.000        8.000        5.000       17.000
  1385:       18.000       14.000       10.000       19.000       11.000
  1390:        2.000        4.000       22.000       24.000       12.000
  1395:       13.000        8.000        5.000       17.000       18.000
  1400:       21.000       22.000       14.000       10.000       19.000
  1405:       11.000        2.000        4.000       22.000       24.000
  1410:       12.000       13.000        8.000        5.000       17.000
  1415:       18.000       14.000       10.000       19.000       11.000
  1420:        2.000        4.000       22.000       24.000       12.000
  1425:       13.000        8.000        5.000       17.000       18.000
  1430:       14.000       10.000       19.000       11.000        1.000
  1435:        6.000        6.000        2.000        4.000       22.000
  1440:       24.000       12.000       13.000        8.000        5.000
  1445:       17.000        6.000       18.000       14.000       10.000
  1450:       19.000       11.000        6.000        6.000        6.000
  1455:        6.000        6.000        6.000        6.000        6.000
  1460:        6.000        6.000        6.000        6.000        2.000
  1465:        4.000       22.000       24.000       12.000       13.000
  1470:        8.000        5.000       17.000       18.000       14.000
  1475:       10.000       19.000       11.000        2.000        4.000
  1480:       22.000       24.000       12.000       13.000        8.000
  1485:        5.000       17.000       18.000       14.000       10.000
  1490:       19.000       11.000        2.000        4.000       22.000
  1495:       24.000       12.000       13.000        8.000        5.000
  1500:       17.000       21.000       22.000       18.000       21.000
  1505:       22.000       14.000       10.000       19.000       11.000
  1510:        2.000        4.000       22.000       24.000       12.000
  1515:       13.000        8.000        5.000       17.000       21.000
  1520:       22.000       18.000       14.000       10.000       19.000
  1525:       11.000        1.000        1.000        2.000        4.000
  1530:       22.000       24.000       12.000       13.000        8.000
  1535:        5.000       17.000       18.000       14.000       10.000
  1540:       21.000       22.000       19.000       11.000        2.000
  1545:        4.000       22.000       24.000       12.000       13.000
  1550:        8.000        5.000       17.000       18.000       14.000
  1555:       10.000       21.000       22.000       19.000       11.000
  1560:        6.000        6.000        6.000        6.000        6.000
  1565:        1.000        2.000        4.000       22.000       24.000
  1570:       12.000       13.000        8.000        5.000       17.000
  1575:       18.000       14.000       10.000       19.000       11.000
  1580:        2.000        4.000       22.000       24.000       12.000
  1585:       13.000        8.000        5.000       17.000       18.000
  1590:       14.000       10.000       19.000       11.000        1.000
  1595:        2.000        4.000       22.000       24.000       12.000
  1600:       13.000        8.000        5.000       17.000       18.000
  1605:       14.000       10.000       19.000       11.000        2.000
  1610:        4.000       22.000       24.000       12.000       13.000
  1615:        8.000        5.000       17.000       18.000       14.000
  1620:       10.000       19.000       11.000        6.000        2.000
  1625:        4.000       22.000       24.000       12.000       13.000
  1630:        8.000        5.000       17.000       18.000       14.000
  1635:       10.000       21.000       22.000       21.000       22.000
  1640:       21.000       22.000       19.000       11.000        2.000
  1645:        4.000       22.000       24.000       12.000       13.000
  1650:        8.000        5.000       17.000       21.000       22.000
  1655:       18.000       14.000       10.000       19.000       11.000
  1660:        2.000        4.000       22.000       24.000       12.000
  1665:       13.000        8.000        5.000       17.000       18.000
  1670:       14.000       10.000       19.000       11.000        1.000
  1675:        1.000        2.000        4.000       22.000       24.000
  1680:       12.000       13.000        8.000        5.000       17.000
  1685:       18.000       14.000       10.000       19.000       11.000
  1690:        1.000        2.000        4.000       22.000       24.000
  1695:       12.000       13.000        8.000        5.000       17.000
  1700:       18.000       14.000       10.000       21.000       22.000
  1705:       19.000       11.000        2.000        4.000       22.000
  1710:       24.000       12.000       13.000        8.000        5.000
  1715:       17.000       18.000       14.000       10.000       19.000
  1720:       11.000        1.000        2.000        4.000       22.000
  1725:       24.000       12.000       13.000        8.000        5.000
  1730:       17.000       18.000       14.000       10.000       19.000
  1735:       11.000        2.000        4.000       22.000       24.000
  1740:       12.000       13.000        8.000        5.000       17.000
  1745:       18.000       14.000       10.000       19.000       11.000
  1750:        1.000        2.000        4.000       22.000       24.000
  1755:       12.000       13.000        8.000        5.000       17.000
  1760:      100.000
T:
     0:        0.000        0.000        0.000        0.000        5.890
     5:       26.600       26.600       26.600       26.610       26.610
    10:       26.610       26.610       26.610       26.610       30.610
    15:       31.280       31.610       31.610       32.120       32.300
    20:       32.820       33.430       33.530       35.630       36.600
    25:       36.610       37.730       37.850       37.930       38.050
    30:       65.260       65.260       65.260       65.270       65.270
    35:       65.270       65.270       65.270       65.270       69.270
    40:       70.270       70.270       75.260       75.270      126.860
    45:      126.860      126.860      126.870      126.870      126.870
    50:      126.870      126.870      126.870      130.870      131.870
    55:      131.870      134.710      135.740      136.860      136.870
    60:      142.980      146.630      146.630      146.630      146.640
    65:      146.640      146.640      146.640      146.640      146.640
    70:      148.270      148.270      150.640      151.640      151.640
    75:      156.630      156.640      198.590      198.590      198.590
    80:      198.600      198.600      198.600      198.600      198.600
    85:      198.600      202.600      203.600      203.600      208.590
    90:      208.600      257.390      257.390      257.390      257.400
    95:      257.400      257.400      257.400      257.400      257.400
   100:      258.140      261.400      262.250      262.250      262.400
   105:      262.400      267.390      267.400      273.720      273.720
   110:      273.720      273.730      273.730      273.730      273.730
   115:      273.730      273.730      277.730      278.730      278.730
   120:      283.720      283.730      349.730      350.500      356.800
   125:      367.650      367.650      367.650      367.660      367.660
   130:      367.660      367.660      367.660      367.660      371.660
   135:      372.660      372.660      377.650      377.660      379.490
   140:      379.490      379.490      379.500      379.500      379.500
   145:      379.500      379.500      379.500      383.500      384.500
   150:      384.500      389.490      389.500      393.070      393.070
   155:      393.070      393.080      393.080      393.080      393.080
   160:      393.080      393.080      394.020      394.020      397.080
   165:      398.080      398.080      403.070      403.080      436.780
   170:      486.340      506.340      522.080      527.550      534.190
   175:      534.320      742.980      742.980      742.980      742.990
   180:      742.990      742.990      742.990      742.990      742.990
   185:      743.070      743.070      746.990      747.990      747.990
   190:      752.980      752.990      761.490      761.490      761.490
   195:      761.500      761.500      761.500      761.500      761.500
   200:      761.500      765.500      766.500      766.500      771.490
   205:      771.500      832.210      832.210      832.210      832.220
   210:      832.220      832.220      832.220      832.220      832.220
   215:      836.220      837.220      837.220      842.210      842.220
   220:      844.300      844.410      844.780      845.100      848.020
   225:      848.820      853.400      860.260     1002.930     1002.930
   230:     1002.930     1002.940     1002.940     1002.940     1002.940
   235:     1002.940     1002.940     1006.390     1006.390     1006.940
   240:     1007.940     1007.940     1012.930     1012.940     1013.060
   245:     1014.960     1045.660     1053.050     1071.970     1071.970
   250:     1071.970     1071.980     1071.980     1071.980     1071.980
   255:     1071.980     1071.980     1075.980     1076.980     1076.980
   260:     1081.970     1081.980     1138.610     1204.800     1245.720
   265:     1245.720     1245.720     1245.730     1245.730     1245.730
   270:     1245.730     1245.730     1245.730     1249.730     1250.730
   275:     1250.730     1255.720     1255.730     1390.040     1396.530
   280:     1433.030     1434.310     1434.680     1436.870     1438.150
   285:     1438.180     1439.770     1441.550     1441.640     1442.160
   290:     1442.610     1444.710     1464.610     1464.890     1465.160
   295:     1465.290     1465.620     1467.550     1467.940     1470.110
   300:     1470.140     1470.880     1472.980     1473.080     1474.100
   305:     1474.120     1474.190     1474.340     1480.370     1480.680
   310:     1482.810     1482.940     1483.500     1483.650     1517.820
   315:     1525.050     1525.050     1525.050     1525.060     1525.060
   320:     1525.060     1525.060     1525.060     1525.060     1526.920
   325:     1526.920     1529.060     1530.060     1530.060     1535.050
   330:     1535.060     1567.200     1569.690     1646.160     1670.350
   335:     1687.400     1689.020     1689.020     1689.020     1689.030
   340:     1689.030     1689.030     1689.030     1689.030     1689.030
   345:     1693.030     1694.030     1694.030     1694.650     1696.780
   350:     1697.460     1699.020     1699.030     1722.780     1737.010
   355:     1737.010     1737.010     1737.020     1737.020     1737.020
   360:     1737.020     1737.020     1737.020     1741.020     1742.020
   365:     1742.020     1747.010     1747.020     1762.760     1849.710
   370:     1906.070     1906.070     1906.070     1906.080     1906.080
   375:     1906.080     1906.080     1906.080     1906.080     1910.080
   380:     1911.080     1911.080     1916.070     1916.080     2107.700
   385:     2146.130     2149.220     2149.220     2149.220     2149.230
   390:     2149.230     2149.230     2149.230     2149.230     2149.230
   395:     2153.230     2153.860     2153.860     2154.230     2154.230
   400:     2159.220     2159.230     2317.000     2318.790     2321.030
   405:     2321.030     2321.030     2321.040     2321.040     2321.040
   410:     2321.040     2321.040     2321.040     2325.040     2326.040
   415:     2326.040     2331.030     2331.040     2382.580     2383.490
   420:     2404.110     2404.280     2404.480     2404.500     2417.890
   425:     2427.890     2427.890     2427.890     2427.900     2427.900
   430:     2427.900     2427.900     2427.900     2427.900     2431.900
   435:     2432.340     2432.340     2432.900     2432.900     2434.390
   440:     2434.390     2437.890     2437.900     2440.320     2440.320
   445:     2440.320     2440.330     2440.330     2440.330     2440.330
   450:     2440.330     2440.330     2444.090     2444.090     2444.330
   455:     2445.330     2445.330     2449.020     2450.320     2450.330
   460:     2452.750     2452.930     2453.390     2455.880     2456.650
   465:     2458.030     2459.790     2460.870     2462.030     2462.900
   470:     2463.890     2468.420     2469.560     2470.500     2471.120
   475:     2475.630     2476.930     2477.160     2478.690     2479.640
   480:     2480.560     2481.980     2484.000     2487.780     2491.820
   485:     2495.770     2496.560     2498.820     2500.030     2501.770
   490:     2505.010     2506.820     2508.800     2509.400     2511.060
   495:     2516.920     2534.380     2534.990     2535.960     2536.530
   500:     2544.930     2585.600     2585.600     2585.600     2585.610
   505:     2585.610     2585.610     2585.610     2585.610     2585.610
   510:     2589.610     2590.610     2590.610     2595.600     2595.610
   515:     2618.480     2618.480     2618.480     2618.490     2618.490
   520:     2618.490     2618.490     2618.490     2618.490     2621.700
   525:     2621.700     2622.490     2623.490     2623.490     2623.940
   530:     2623.940     2628.480     2628.490     2707.620     2707.620
   535:     2707.620     2707.630     2707.630     2707.630     2707.630
   540:     2707.630     2707.630     2711.630     2712.630     2712.630
   545:     2717.620     2717.630     3011.160     3406.120     3418.310
   550:     3420.530     3422.020     3422.440     3422.970     3425.390
   555:     3425.830     3427.560     3429.800     3432.700     3433.180
   560:     3439.080     3439.340     3439.380     3439.940     3439.960
   565:     3442.980     3443.820     3444.010     3444.140     3444.690
   570:     3449.010     3449.300     3449.710     3452.020     3454.250
   575:     3623.910     3623.910     3623.910     3623.920     3623.920
   580:     3623.920     3623.920     3623.920     3623.920     3624.220
   585:     3624.220     3627.920     3628.920     3628.920     3633.910
   590:     3633.920     3651.450     3653.630     3939.270     3939.270
   595:     3939.270     3939.280     3939.280     3939.280     3939.280
   600:     3939.280     3939.280     3939.340     3939.340     3940.460
   605:     3940.460     3943.280     3944.280     3944.280     3949.270
   610:     3949.280     4178.250     4178.250     4178.250     4178.260
   615:     4178.260     4178.260     4178.260     4178.260     4178.260
   620:     4182.260     4183.260     4183.260     4188.250     4188.260
   625:     4309.090     4309.710     4456.870     4456.870     4456.870
   630:     4456.880     4456.880     4456.880     4456.880     4456.880
   635:     4456.880     4460.880     4461.880     4461.880     4466.870
   640:     4466.880     4553.240     4553.240     4553.240     4553.250
   645:     4553.250     4553.250     4553.250     4553.250     4553.250
   650:     4557.250     4558.250     4558.250     4563.240     4563.250
   655:     4614.230     4619.740     4620.830     4622.970     4623.050
   660:     4623.190     4624.470     4674.770     4702.010     4702.010
   665:     4702.010     4702.020     4702.020     4702.020     4702.020
   670:     4702.020     4702.020     4706.020     4707.020     4707.020
   675:     4711.700     4711.700     4712.010     4712.020     4719.390
   680:     4723.580     4724.950     4726.300     4726.610     4728.100
   685:     4729.660     4730.020     4730.070     4730.250     4732.190
   690:     4738.870     4739.520     4740.380     4741.520     4745.730
   695:     4747.750     4748.650     4751.800     4802.290     4802.290
   700:     4802.290     4802.300     4802.300     4802.300     4802.300
   705:     4802.300     4802.300     4806.300     4807.300     4807.300
   710:     4812.290     4812.300     4851.040     4851.040     4851.040
   715:     4851.050     4851.050     4851.050     4851.050     4851.050
   720:     4851.050     4855.050     4856.050     4856.050     4861.040
   725:     4861.050     4914.090     4914.090     4914.090     4914.100
   730:     4914.100     4914.100     4914.100     4914.100     4914.100
   735:     4915.630     4915.630     4918.100     4919.100     4919.100
   740:     4919.550     4919.550     4920.020     4920.020     4920.160
   745:     4920.160     4924.090     4924.100     4930.250     4930.250
   750:     4930.250     4930.260     4930.260     4930.260     4930.260
   755:     4930.260     4930.260     4934.260     4935.260     4935.260
   760:     4936.720     4936.720     4940.250     4940.260     4941.720
   765:     4941.720     4941.720     4941.730     4941.730     4941.730
   770:     4941.730     4941.730     4941.730     4945.730     4946.730
   775:     4946.730     4951.720     4951.730     4960.770     4960.770
   780:     4960.770     4960.780     4960.780     4960.780     4960.780
   785:     4960.780     4960.780     4964.780     4965.780     4965.780
   790:     4967.090     4967.090     4970.770     4970.780     4985.850
   795:     4985.900     4991.850     4992.340     5135.430     5138.240
   800:     5140.250     5141.200     5142.500     5144.990     5218.970
   805:     5287.120     5287.120     5287.120     5287.130     5287.130
   810:     5287.130     5287.130     5287.130     5287.130     5291.130
   815:     5292.130     5292.130     5297.120     5297.130     5303.670
   820:     5304.330     5304.430     5307.290     5307.290     5307.290
   825:     5307.300     5307.300     5307.300     5307.300     5307.300
   830:     5307.300     5311.300     5312.300     5312.300     5317.290
   835:     5317.300     5318.910     5372.700     5372.700     5372.700
   840:     5372.710     5372.710     5372.710     5372.710     5372.710
   845:     5372.710     5376.710     5377.710     5377.710     5382.700
   850:     5382.710     5389.670     5389.670     5389.670     5389.680
   855:     5389.680     5389.680     5389.680     5389.680     5389.680
   860:     5393.680     5394.680     5394.680     5399.670     5399.680
   865:     5586.000     5586.000     5586.000     5586.010     5586.010
   870:     5586.010     5586.010     5586.010     5586.010     5590.010
   875:     5591.010     5591.010     5596.000     5596.010     5659.960
   880:     5659.960     5659.960     5659.970     5659.970     5659.970
   885:     5659.970     5659.970     5659.970     5663.970     5664.970
   890:     5664.970     5669.960     5669.970     5771.570     5771.570
   895:     5771.570     5771.580     5771.580     5771.580     5771.580
   900:     5771.580     5771.580     5775.160     5775.540     5775.580
   905:     5775.610     5776.580     5776.580     5781.570     5781.580
   910:     5781.590     5781.800     5834.420     5835.930     5835.930
   915:     5835.930     5835.940     5835.940     5835.940     5835.940
   920:     5835.940     5835.940     5839.940     5840.940     5840.940
   925:     5845.930     5845.940     5944.440     5944.440     5944.440
   930:     5944.450     5944.450     5944.450     5944.450     5944.450
   935:     5944.450     5948.450     5949.450     5949.450     5954.440
   940:     5954.450     6043.430     6043.430     6043.430     6043.440
   945:     6043.440     6043.440     6043.440     6043.440     6043.440
   950:     6047.440     6048.440     6048.440     6053.430     6053.440
   955:     6134.610     6142.020     6158.420     6227.150     6228.450
   960:     6229.070     6233.600     6238.020     6239.900     6241.380
   965:     6247.590     6256.480     6256.480     6256.480     6256.490
   970:     6256.490     6256.490     6256.490     6256.490     6256.490
   975:     6259.110     6259.110     6260.490     6261.490     6261.490
   980:     6266.480     6266.490     6290.930     6333.870     6333.870
   985:     6333.870     6333.880     6333.880     6333.880     6333.880
   990:     6333.880     6333.880     6337.880     6338.880     6338.880
   995:     6343.870     6343.880     6348.260     6358.760     6359.840
  1000:     6360.580     6364.190     6375.720     6383.360     6383.360
  1005:     6383.360     6383.370     6383.370     6383.370     6383.370
  1010:     6383.370     6383.370     6387.370     6388.370     6388.370
  1015:     6393.060     6393.060     6393.360     6393.370     6423.260
  1020:     6434.940     6434.940     6434.940     6434.950     6434.950
  1025:     6434.950     6434.950     6434.950     6434.950     6438.950
  1030:     6439.950     6439.950     6444.940     6444.950     6454.000
  1035:     6454.000     6454.000     6454.010     6454.010     6454.010
  1040:     6454.010     6454.010     6454.010     6458.010     6459.010
  1045:     6459.010     6464.000     6464.010     6568.870     6643.000
  1050:     6643.000     6643.000     6643.010     6643.010     6643.010
  1055:     6643.010     6643.010     6643.010     6646.550     6646.550
  1060:     6647.010     6648.010     6648.010     6653.000     6653.010
  1065:     6653.510     6653.510     6653.510     6653.520     6653.520
  1070:     6653.520     6653.520     6653.520     6653.520     6657.520
  1075:     6658.520     6658.520     6663.510     6663.520     6665.610
  1080:     6665.610     6665.610     6665.620     6665.620     6665.620
  1085:     6665.620     6665.620     6665.620     6669.620     6670.620
  1090:     6670.620     6671.500     6671.500     6674.510     6674.510
  1095:     6675.610     6675.620     6681.460     6694.950     6732.100
  1100:     6732.100     6732.100     6732.110     6732.110     6732.110
  1105:     6732.110     6732.110     6732.110     6736.110     6737.110
  1110:     6737.110     6742.100     6742.110     6754.380     6768.280
  1115:     6858.000     6977.630     6977.630     6977.630     6977.640
  1120:     6977.640     6977.640     6977.640     6977.640     6977.640
  1125:     6981.640     6982.640     6982.640     6987.630     6987.640
  1130:     7029.070     7029.070     7029.070     7029.080     7029.080
  1135:     7029.080     7029.080     7029.080     7029.080     7029.990
  1140:     7029.990     7033.080     7034.080     7034.080     7039.070
  1145:     7039.080     7073.810     7495.760     7668.960     7668.960
  1150:     7668.960     7668.970     7668.970     7668.970     7668.970
  1155:     7668.970     7668.970     7672.970     7673.970     7673.970
  1160:     7678.960     7678.970     7684.350     7684.350     7684.350
  1165:     7684.360     7684.360     7684.360     7684.360     7684.360
  1170:     7684.360     7688.360     7688.930     7688.930     7689.360
  1175:     7689.360     7694.350     7694.360     7733.100     7734.730
  1180:     7747.810     7768.590     7768.590     7768.590     7768.600
  1185:     7768.600     7768.600     7768.600     7768.600     7768.600
  1190:     7768.870     7768.870     7772.600     7773.600     7773.600
  1195:     7778.590     7778.600     7779.000     7779.000     7779.000
  1200:     7779.010     7779.010     7779.010     7779.010     7779.010
  1205:     7779.010     7783.010     7784.010     7784.010     7789.000
  1210:     7789.010     8023.540     8023.540     8023.540     8023.550
  1215:     8023.550     8023.550     8023.550     8023.550     8023.550
  1220:     8027.550     8028.550     8028.550     8033.540     8033.550
  1225:     8154.820     8154.820     8154.820     8154.830     8154.830
  1230:     8154.830     8154.830     8154.830     8154.830     8158.830
  1235:     8159.830     8159.830     8164.820     8164.830     8195.600
  1240:     8202.030     8205.660     8207.690     8210.670     8217.180
  1245:     8218.600     8223.720     8225.650     8229.010     8261.430
  1250:     8261.430     8261.430     8261.440     8261.440     8261.440
  1255:     8261.440     8261.440     8261.440     8265.400     8265.400
  1260:     8265.440     8266.440     8266.440     8267.860     8267.860
  1265:     8271.430     8271.440     8280.290     8280.290     8280.290
  1270:     8280.300     8280.300     8280.300     8280.300     8280.300
  1275:     8280.300     8282.070     8282.070     8284.300     8285.100
  1280:     8285.100     8285.300     8285.300     8286.940     8286.940
  1285:     8287.480     8287.480     8289.020     8289.020     8290.290
  1290:     8290.300     8315.310     8358.920     8358.920     8358.920
  1295:     8358.930     8358.930     8358.930     8358.930     8358.930
  1300:     8358.930     8362.930     8363.930     8363.930     8364.070
  1305:     8364.070     8368.920     8368.930     8371.670     8371.670
  1310:     8371.670     8371.680     8371.680     8371.680     8371.680
  1315:     8371.680     8371.680     8373.310     8375.680     8376.680
  1320:     8376.680     8378.600     8381.670     8381.680     8381.920
  1325:     8382.600     8383.070     8385.660     8390.210     8391.890
  1330:     8392.210     8392.470     8393.330     8393.420     8396.490
  1335:     8399.690     8400.870     8401.780     8403.000     8403.060
  1340:     8403.220     8403.730     8405.850     8406.410     8408.000
  1345:     8408.420     8408.970     8413.070     8415.040     8417.030
  1350:     8417.320     8417.990     8422.140     8429.530     8430.880
  1355:     8431.550     8432.880     8434.950     8435.050     8438.790
  1360:     8439.910     8442.890     8452.930     8452.930     8452.930
  1365:     8452.940     8452.940     8452.940     8452.940     8452.940
  1370:     8452.940     8456.940     8457.940     8457.940     8462.930
  1375:     8462.940     8505.200     8505.200     8505.200     8505.210
  1380:     8505.210     8505.210     8505.210     8505.210     8505.210
  1385:     8509.210     8510.210     8510.210     8515.200     8515.210
  1390:     8553.770     8553.770     8553.770     8553.780     8553.780
  1395:     8553.780     8553.780     8553.780     8553.780     8557.780
  1400:     8558.750     8558.750     8558.780     8558.780     8563.770
  1405:     8563.780     8564.080     8564.080     8564.080     8564.090
  1410:     8564.090     8564.090     8564.090     8564.090     8564.090
  1415:     8568.090     8569.090     8569.090     8574.080     8574.090
  1420:     8833.570     8833.570     8833.570     8833.580     8833.580
  1425:     8833.580     8833.580     8833.580     8833.580     8837.580
  1430:     8838.580     8838.580     8843.570     8843.580     8873.640
  1435:     9021.460     9028.980     9034.610     9034.610     9034.610
  1440:     9034.620     9034.620     9034.620     9034.620     9034.620
  1445:     9034.620     9037.570     9038.620     9039.620     9039.620
  1450:     9044.610     9044.620     9046.910     9058.320     9059.070
  1455:     9060.740     9064.100     9064.730     9066.420     9071.810
  1460:     9072.350     9072.640     9080.190     9080.820     9193.060
  1465:     9193.060     9193.060     9193.070     9193.070     9193.070
  1470:     9193.070     9193.070     9193.070     9197.070     9198.070
  1475:     9198.070     9203.060     9203.070     9204.540     9204.540
  1480:     9204.540     9204.550     9204.550     9204.550     9204.550
  1485:     9204.550     9204.550     9208.550     9209.550     9209.550
  1490:     9214.540     9214.550     9240.160     9240.160     9240.160
  1495:     9240.170     9240.170     9240.170     9240.170     9240.170
  1500:     9240.170     9243.980     9243.980     9244.170     9244.660
  1505:     9244.660     9245.170     9245.170     9250.160     9250.170
  1510:     9253.290     9253.290     9253.290     9253.300     9253.300
  1515:     9253.300     9253.300     9253.300     9253.300     9253.700
  1520:     9253.700     9257.300     9258.300     9258.300     9263.290
  1525:     9263.300     9545.440     9553.690     9604.520     9604.520
  1530:     9604.520     9604.530     9604.530     9604.530     9604.530
  1535:     9604.530     9604.530     9608.530     9609.530     9609.530
  1540:     9611.160     9611.160     9614.520     9614.530     9614.930
  1545:     9614.930     9614.930     9614.940     9614.940     9614.940
  1550:     9614.940     9614.940     9614.940     9618.940     9619.940
  1555:     9619.940     9620.400     9620.400     9624.930     9624.940
  1560:     9626.540     9635.340     9635.400     9636.870     9640.200
  1565:     9875.280     9892.730     9892.730     9892.730     9892.740
  1570:     9892.740     9892.740     9892.740     9892.740     9892.740
  1575:     9896.740     9897.740     9897.740     9902.730     9902.740
  1580:     9944.550     9944.550     9944.550     9944.560     9944.560
  1585:     9944.560     9944.560     9944.560     9944.560     9948.560
  1590:     9949.560     9949.560     9954.550     9954.560     9961.850
  1595:     9975.690     9975.690     9975.690     9975.700     9975.700
  1600:     9975.700     9975.700     9975.700     9975.700     9979.700
  1605:     9980.700     9980.700     9985.690     9985.700     9988.530
  1610:     9988.530     9988.530     9988.540     9988.540     9988.540
  1615:     9988.540     9988.540     9988.540     9992.540     9993.540
  1620:     9993.540     9998.530     9998.540    10016.520    10020.750
  1625:    10020.750    10020.750    10020.760    10020.760    10020.760
  1630:    10020.760    10020.760    10020.760    10024.760    10025.760
  1635:    10025.760    10026.480    10026.480    10028.080    10028.080
  1640:    10028.410    10028.410    10030.750    10030.760    10429.700
  1645:    10429.700    10429.700    10429.710    10429.710    10429.710
  1650:    10429.710    10429.710    10429.710    10432.740    10432.740
  1655:    10433.710    10434.710    10434.710    10439.700    10439.710
  1660:    10440.570    10440.570    10440.570    10440.580    10440.580
  1665:    10440.580    10440.580    10440.580    10440.580    10444.580
  1670:    10445.580    10445.580    10450.570    10450.580    10460.280
  1675:    10471.970    10607.060    10607.060    10607.060    10607.070
  1680:    10607.070    10607.070    10607.070    10607.070    10607.070
  1685:    10611.070    10612.070    10612.070    10617.060    10617.070
  1690:    10624.330    10634.930    10634.930    10634.930    10634.940
  1695:    10634.940    10634.940    10634.940    10634.940    10634.940
  1700:    10638.940    10639.940    10639.940    10640.610    10640.610
  1705:    10644.930    10644.940    10646.060    10646.060    10646.060
  1710:    10646.070    10646.070    10646.070    10646.070    10646.070
  1715:    10646.070    10650.070    10651.070    10651.070    10656.060
  1720:    10656.070    10668.140    10672.820    10672.820    10672.820
  1725:    10672.830    10672.830    10672.830    10672.830    10672.830
  1730:    10672.830    10676.830    10677.830    10677.830    10682.820
  1735:    10682.830    10733.150    10733.150    10733.150    10733.160
  1740:    10733.160    10733.160    10733.160    10733.160    10733.160
  1745:    10737.160    10738.160    10738.160    10743.150    10743.160
  1750:    10773.570    10799.190    10799.190    10799.190    10799.200
  1755:    10799.200    10799.200    10799.200    10799.200    10799.200
  1760:    10800.000
