File: C:\MED-PC\Data\2024-11-22_12h37m_Subject 48.txt


Start Date: 11/22/24
End Date: 11/22/24
Subject: 48
Experiment: OralFentSA
Group: One
Box: 4
Start Time: 12:37:07
End Time: 15:37:34
MSN: Golden_Liq_SelfAdmin_EXT
F:       0.000
G:     543.000
H:   10800.000
I:       0.000
J:       0.000
K:       0.000
L:       0.000
M:       0.000
N:       0.000
O:       0.000
P:       0.000
Q:       0.000
R:       0.000
S:       0.000
U:       0.000
V:       0.000
W:       0.000
X:       0.000
Y:       0.000
Z:       0.000
A:
     0:        0.000        0.000      180.000        4.000        0.000
     5:        5.000        0.000        5.000        0.000        0.000
    10:        1.000        0.000       10.000   100000.000       26.300
    15:       25.000      600.000        0.000        0.000        0.000
    20:        0.000
B:
     0:        0.000        0.000        0.000        0.000        0.000
     5:        0.000        0.000        0.000        0.000        0.000
    10:        0.000        0.000     1000.000 10000000.000        0.000
    15:        0.000        0.000        0.000        0.000        0.000
    20:        0.000
C:
     0:        0.000       41.000       34.000       49.000      207.000
     5:    10762.660       23.100       35.000     1960.300       56.009
    10:       49.000       34.000        0.000        0.000        0.000
    15:        0.000        0.000        0.000        0.000        0.000
    20:        0.000
D:
     0:       45.310       42.280        2.740        2.730        2.290
     5:       51.650       36.430      125.010      189.030       28.150
    10:       24.880      295.200       20.260       53.130       10.770
    15:       81.770      196.600       55.570        1.890        1.890
    20:       55.980       25.290       57.200       12.020      120.490
    25:       59.690        0.950        4.160      146.680       63.100
    30:      119.650        1.360        1.720        1.330       23.100
E:
     0:       19.000       11.000       26.000       27.000        6.000
     5:        6.000        6.000        6.000        6.000        6.000
    10:        1.000        6.000        6.000        6.000        6.000
    15:        6.000        6.000        6.000        6.000        6.000
    20:        2.000        4.000       22.000       24.000       12.000
    25:       19.000       11.000        1.000        6.000        6.000
    30:        1.000        1.000        2.000        4.000       22.000
    35:       24.000       12.000       19.000       11.000        6.000
    40:        6.000        6.000        6.000        6.000        6.000
    45:        6.000        6.000        6.000        6.000        6.000
    50:        6.000        6.000        6.000        6.000        6.000
    55:        1.000        1.000        2.000        4.000       22.000
    60:       24.000       12.000        6.000        6.000       19.000
    65:       11.000        2.000        4.000       22.000       24.000
    70:       12.000       21.000       22.000        6.000       19.000
    75:       11.000        2.000        4.000       22.000       24.000
    80:       12.000        6.000        6.000       19.000       11.000
    85:        1.000        1.000        1.000        6.000        6.000
    90:        2.000        4.000       22.000       24.000       12.000
    95:       19.000       11.000        6.000        6.000        6.000
   100:        6.000        6.000        6.000        6.000        6.000
   105:        6.000        6.000        6.000        6.000        6.000
   110:        6.000        6.000        2.000        4.000       22.000
   115:       24.000       12.000       19.000       11.000        1.000
   120:        6.000        1.000        6.000        6.000        6.000
   125:        2.000        4.000       22.000       24.000       12.000
   130:       21.000       22.000       19.000       11.000        1.000
   135:        6.000        6.000        6.000        6.000        1.000
   140:        1.000        2.000        4.000       22.000       24.000
   145:       12.000       19.000       11.000        1.000        6.000
   150:        6.000        6.000        6.000        2.000        4.000
   155:       22.000       24.000       12.000       19.000       11.000
   160:        6.000        6.000        6.000        6.000        2.000
   165:        4.000       22.000       24.000       12.000       19.000
   170:       11.000        6.000        1.000        6.000        6.000
   175:        2.000        4.000       22.000       24.000       12.000
   180:       19.000       11.000        1.000        6.000        2.000
   185:        4.000       22.000       24.000       12.000       19.000
   190:       11.000        6.000        2.000        4.000       22.000
   195:       24.000       12.000       19.000       11.000        6.000
   200:        6.000        6.000        6.000        6.000        6.000
   205:        1.000        6.000        6.000        1.000        1.000
   210:        6.000        6.000        2.000        4.000       22.000
   215:       24.000       12.000       19.000       11.000        2.000
   220:        4.000       22.000       24.000       12.000       19.000
   225:       11.000        2.000        4.000       22.000       24.000
   230:       12.000       19.000       11.000        6.000        6.000
   235:        1.000        1.000        2.000        4.000       22.000
   240:       24.000       12.000       19.000       11.000        1.000
   245:        6.000        2.000        4.000       22.000       24.000
   250:       12.000       19.000       11.000        6.000        2.000
   255:        4.000       22.000       24.000       12.000       19.000
   260:       11.000        6.000        6.000        6.000        6.000
   265:        6.000        6.000        6.000        6.000        6.000
   270:        2.000        4.000       22.000       24.000       12.000
   275:        6.000       19.000       11.000        6.000        6.000
   280:        6.000        6.000        6.000        6.000        6.000
   285:        6.000        6.000        6.000        6.000        6.000
   290:        1.000        2.000        4.000       22.000       24.000
   295:       12.000        6.000        6.000       19.000       11.000
   300:        6.000        2.000        4.000       22.000       24.000
   305:       12.000       21.000       22.000       19.000       11.000
   310:        2.000        4.000       22.000       24.000       12.000
   315:       21.000       22.000       19.000       11.000        6.000
   320:        6.000        6.000        6.000        1.000        6.000
   325:        6.000        2.000        4.000       22.000       24.000
   330:       12.000       21.000       22.000       21.000       22.000
   335:       19.000       11.000        6.000        1.000        6.000
   340:        6.000        2.000        4.000       22.000       24.000
   345:       12.000       21.000       22.000       19.000       11.000
   350:        1.000        6.000        1.000        2.000        4.000
   355:       22.000       24.000       12.000       19.000       11.000
   360:        6.000        2.000        4.000       22.000       24.000
   365:       12.000       19.000       11.000        6.000        6.000
   370:        6.000        6.000        6.000        1.000        6.000
   375:        6.000        6.000        6.000        6.000        6.000
   380:        2.000        4.000       22.000       24.000       12.000
   385:       19.000       11.000        6.000        6.000        6.000
   390:        6.000        6.000        6.000        6.000        6.000
   395:        6.000        6.000        6.000        6.000        2.000
   400:        4.000       22.000       24.000       12.000        6.000
   405:        6.000       19.000       11.000        6.000        6.000
   410:        6.000        6.000        6.000        6.000        6.000
   415:        6.000        6.000        6.000        6.000        2.000
   420:        4.000       22.000       24.000       12.000        6.000
   425:        6.000        6.000       19.000       11.000        6.000
   430:        2.000        4.000       22.000       24.000       12.000
   435:       19.000       11.000        2.000        4.000       22.000
   440:       24.000       12.000       19.000       11.000        1.000
   445:        6.000        6.000        2.000        4.000       22.000
   450:       24.000       12.000       19.000       11.000        6.000
   455:        6.000        6.000        2.000        4.000       22.000
   460:       24.000       12.000       21.000       22.000       19.000
   465:       11.000        1.000        6.000        6.000        2.000
   470:        4.000       22.000       24.000       12.000        6.000
   475:       19.000       11.000        6.000        6.000        6.000
   480:        6.000        6.000        6.000        6.000        6.000
   485:        6.000        6.000        6.000        6.000        6.000
   490:        6.000        6.000        6.000        2.000        4.000
   495:       22.000       24.000       12.000        6.000        6.000
   500:        6.000       19.000       11.000        6.000        6.000
   505:        2.000        4.000       22.000       24.000       12.000
   510:        6.000       19.000       11.000        6.000        6.000
   515:        6.000        1.000        6.000        2.000        4.000
   520:       22.000       24.000       12.000       21.000       22.000
   525:       19.000       11.000        6.000        6.000        6.000
   530:        1.000        6.000        6.000        6.000        6.000
   535:        2.000        4.000       22.000       24.000       12.000
   540:       19.000       11.000        1.000      100.000
T:
     0:        0.000        0.000        0.000        0.000       21.320
     5:       25.500       26.720       27.070       27.560       32.970
    10:       77.430       83.830       84.420       84.590       84.660
    15:       86.360       87.890       90.220       90.980       91.380
    20:      134.450      134.450      134.450      134.460      134.460
    25:      144.450      144.460      171.210      179.770      180.030
    30:      184.630      186.460      214.360      214.360      214.360
    35:      214.370      214.370      224.360      224.370      256.650
    40:      299.660      299.810      300.460      327.410      327.490
    45:      327.570      327.610      327.710      359.780      465.270
    50:      469.320      469.420      482.400      482.560      482.870
    55:      657.620      659.100      677.080      677.080      677.080
    60:      677.090      677.090      679.830      680.210      687.080
    65:      687.090      934.980      934.980      934.980      934.990
    70:      934.990      936.870      936.870      937.720      944.980
    75:      944.990     1010.070     1010.070     1010.070     1010.080
    80:     1010.080     1012.370     1015.620     1020.070     1020.080
    85:     1046.270     1048.170     1049.050     1193.830     1193.910
    90:     1259.170     1259.170     1259.170     1259.180     1259.180
    95:     1269.170     1269.180     1310.830     1310.960     1355.480
   100:     1393.710     1422.300     1450.110     1450.280     1455.340
   105:     1618.230     1619.190     1669.170     1707.750     1713.790
   110:     1717.670     1863.390     1892.000     1892.000     1892.000
   115:     1892.010     1892.010     1902.000     1902.010     1919.430
   120:     1928.440     2032.430     2045.570     2146.330     2152.430
   125:     2175.170     2175.170     2175.170     2175.180     2175.180
   130:     2178.720     2178.720     2185.170     2185.180     2247.310
   135:     2300.190     2313.860     2428.160     2428.250     2507.870
   140:     2533.860     2648.270     2648.270     2648.270     2648.280
   145:     2648.280     2658.270     2658.280     2660.290     2837.310
   150:     2838.200     2966.470     3011.740     3015.670     3015.670
   155:     3015.670     3015.680     3015.680     3025.670     3025.680
   160:     3043.830     3044.010     3093.840     3094.390     3113.870
   165:     3113.870     3113.870     3113.880     3113.880     3123.870
   170:     3123.880     3138.760     3165.880     3269.100     3274.580
   175:     3277.110     3277.110     3277.110     3277.120     3277.120
   180:     3287.110     3287.120     3499.010     3572.320     3590.800
   185:     3590.800     3590.800     3590.810     3590.810     3600.800
   190:     3600.810     3611.070     3809.140     3809.140     3809.140
   195:     3809.150     3809.150     3819.140     3819.150     3862.280
   200:     3862.540     3862.800     3864.250     3865.070     4013.080
   205:     4096.580     4120.470     4281.900     4373.210     4379.990
   210:     4434.290     4435.480     4579.680     4579.680     4579.680
   215:     4579.690     4579.690     4589.680     4589.690     4730.760
   220:     4730.760     4730.760     4730.770     4730.770     4740.760
   225:     4740.770     4741.620     4741.620     4741.620     4741.630
   230:     4741.630     4751.620     4751.630     4752.400     4752.980
   235:     4817.670     5018.340     5061.530     5061.530     5061.530
   240:     5061.540     5061.540     5071.530     5071.540     5116.550
   245:     5143.310     5209.060     5209.060     5209.060     5209.070
   250:     5209.070     5219.060     5219.070     5405.670     5500.480
   255:     5500.480     5500.480     5500.490     5500.490     5510.480
   260:     5510.490     5556.060     5559.250     5559.690     5560.120
   265:     5563.660     5564.210     5564.470     5585.240     5585.790
   270:     5589.490     5589.490     5589.490     5589.500     5589.500
   275:     5591.390     5599.490     5599.500     5678.890     5682.000
   280:     5700.180     5700.200     5700.550     5701.210     5717.070
   285:     5757.230     5757.510     5757.650     5933.160     5933.810
   290:     6046.420     6181.560     6181.560     6181.560     6181.570
   295:     6181.570     6183.460     6185.300     6191.560     6191.570
   300:     6207.730     6335.630     6335.630     6335.630     6335.640
   305:     6335.640     6344.870     6344.870     6345.630     6345.640
   310:     6549.310     6549.310     6549.310     6549.320     6549.320
   315:     6551.420     6551.420     6559.310     6559.320     6605.300
   320:     6769.570     6772.230     6773.030     6840.030     6849.840
   325:     6850.750     6855.010     6855.010     6855.010     6855.020
   330:     6855.020     6857.240     6857.240     6864.630     6864.630
   335:     6865.010     6865.020     6880.310     6923.540     6936.440
   340:     7074.510     7254.470     7254.470     7254.470     7254.480
   345:     7254.480     7263.340     7263.340     7264.470     7264.480
   350:     7303.950     7311.680     7342.340     7357.490     7357.490
   355:     7357.490     7357.500     7357.500     7367.490     7367.500
   360:     7369.520     7389.180     7389.180     7389.180     7389.190
   365:     7389.190     7399.180     7399.190     7509.680     7687.990
   370:     7691.570     7692.090     7693.030     7729.030     7734.960
   375:     7736.600     7917.090     7937.880     7939.300     7939.890
   380:     8009.000     8009.000     8009.000     8009.010     8009.010
   385:     8019.000     8019.010     8068.700     8160.690     8183.110
   390:     8183.600     8190.600     8192.150     8195.880     8196.550
   395:     8198.960     8199.940     8201.420     8203.080     8205.690
   400:     8205.690     8205.690     8205.700     8205.700     8206.650
   405:     8207.900     8215.690     8215.700     8229.760     8229.830
   410:     8231.110     8236.180     8236.770     8250.520     8256.850
   415:     8277.000     8277.300     8277.640     8543.040     8594.420
   420:     8594.420     8594.420     8594.430     8594.430     8598.590
   425:     8598.710     8603.790     8604.420     8604.430     8803.170
   430:     8867.570     8867.570     8867.570     8867.580     8867.580
   435:     8877.570     8877.580     8882.450     8882.450     8882.450
   440:     8882.460     8882.460     8892.450     8892.460     8920.670
   445:     9029.140     9033.420     9143.040     9143.040     9143.040
   450:     9143.050     9143.050     9153.040     9153.050     9206.150
   455:     9206.380     9409.470     9462.650     9462.650     9462.650
   460:     9462.660     9462.660     9465.280     9465.280     9472.650
   465:     9472.660     9528.190     9582.310     9586.800     9590.640
   470:     9590.640     9590.640     9590.650     9590.650     9592.010
   475:     9600.640     9600.650     9609.090     9610.390     9611.780
   480:     9613.460     9614.600     9615.450     9618.320     9618.980
   485:     9619.540     9620.020     9647.150     9652.200     9702.740
   490:     9705.070     9705.530     9708.260     9710.350     9710.350
   495:     9710.350     9710.360     9710.360     9712.080     9712.200
   500:     9712.720     9720.350     9720.360     9785.730     9787.110
   505:     9942.940     9942.940     9942.940     9942.950     9942.950
   510:     9944.280     9952.940     9952.950     9982.760    10106.860
   515:    10107.920    10196.680    10229.350    10376.670    10376.670
   520:    10376.670    10376.680    10376.680    10380.310    10380.310
   525:    10386.670    10386.680    10399.780    10461.940    10462.210
   530:    10467.660    10505.620    10528.720    10547.750    10754.250
   535:    10762.650    10762.650    10762.650    10762.660    10762.660
   540:    10772.650    10772.660    10777.060    10800.000
