File: C:\MED-PC\Data\2024-11-01_08h58m_Subject 41.txt


Start Date: 11/01/24
End Date: 11/01/24
Subject: 41
Experiment: OralFentSA
Group: One
Box: 9
Start Time: 08:58:48
End Time: 11:59:06
MSN: 20241014_Golden_Liq_SelfAdmin
F:       0.000
G:    1599.000
H:   10800.000
I:       0.000
J:       0.000
K:       0.000
L:       0.000
M:       0.000
N:       0.000
O:       0.000
P:       0.000
Q:       0.000
R:       0.000
S:       0.000
U:       0.000
V:       0.000
W:       0.000
X:       0.000
Y:       0.000
Z:       0.000
A:
     0:        0.000        0.000      180.000        4.000        0.000
     5:        5.000        0.000        5.000        0.000        0.000
    10:        1.000        0.000       10.000   100000.000       19.200
    15:       10.000      640.000        0.000        0.000        0.000
    20:        0.000
B:
     0:        0.000        0.000        0.000      400.000        0.000
     5:      500.000        0.000      500.000        0.000        0.000
    10:        0.000        0.000     1000.000 10000000.000        0.000
    15:        0.000        0.000        0.000        0.000        0.000
    20:        0.000
C:
     0:       10.000       11.000        8.000       13.000     1441.000
     5:    10779.930        2.930        9.000      125.600       13.956
    10:       13.000        8.000        0.000        0.000        0.000
    15:        0.000        0.000        0.000        0.000        0.000
    20:        0.000
D:
     0:       14.260       26.880        8.760        4.880       59.750
     5:        3.740        2.080        2.320        2.930
E:
     0:       19.000       11.000       26.000       27.000        6.000
     5:        6.000        6.000        6.000        6.000        2.000
    10:        4.000       22.000       24.000       12.000       13.000
    15:        8.000        5.000       17.000       18.000       14.000
    20:       10.000       21.000       22.000       21.000       22.000
    25:       19.000       11.000        6.000        6.000        6.000
    30:        6.000        6.000        6.000        6.000        6.000
    35:        6.000        6.000        6.000        6.000        6.000
    40:        6.000        6.000        6.000        6.000        6.000
    45:        6.000        6.000        6.000        6.000        6.000
    50:        6.000        6.000        6.000        6.000        6.000
    55:        6.000        6.000        6.000        6.000        6.000
    60:        6.000        6.000        6.000        6.000        6.000
    65:        6.000        6.000        6.000        6.000        6.000
    70:        6.000        6.000        6.000        6.000        6.000
    75:        6.000        6.000        6.000        6.000        6.000
    80:        6.000        6.000        6.000        6.000        6.000
    85:        6.000        6.000        6.000        6.000        6.000
    90:        6.000        6.000        6.000        6.000        6.000
    95:        6.000        6.000        6.000        6.000        6.000
   100:        6.000        6.000        6.000        6.000        6.000
   105:        6.000        6.000        6.000        6.000        6.000
   110:        6.000        6.000        6.000        6.000        6.000
   115:        1.000        6.000        6.000        6.000        6.000
   120:        6.000        6.000        6.000        6.000        6.000
   125:        6.000        6.000        6.000        6.000        2.000
   130:        4.000       22.000       24.000       12.000       13.000
   135:        8.000        5.000       17.000       18.000       14.000
   140:       10.000       19.000       11.000        6.000        1.000
   145:        6.000        6.000        6.000        6.000        6.000
   150:        6.000        6.000        6.000        2.000        4.000
   155:       22.000       24.000       12.000       13.000        8.000
   160:        5.000       17.000       21.000       22.000       18.000
   165:       14.000       10.000        6.000       19.000       11.000
   170:        6.000        6.000        6.000        6.000        6.000
   175:        6.000        6.000        6.000        6.000        6.000
   180:        6.000        6.000        6.000        6.000        6.000
   185:        6.000        6.000        6.000        6.000        6.000
   190:        6.000        6.000        6.000        6.000        6.000
   195:        6.000        6.000        6.000        6.000        6.000
   200:        6.000        6.000        6.000        6.000        6.000
   205:        6.000        6.000        6.000        6.000        6.000
   210:        6.000        6.000        6.000        6.000        6.000
   215:        6.000        6.000        6.000        6.000        6.000
   220:        6.000        6.000        6.000        6.000        6.000
   225:        6.000        6.000        6.000        6.000        6.000
   230:        6.000        6.000        6.000        6.000        6.000
   235:        6.000        6.000        6.000        6.000        6.000
   240:        6.000        6.000        6.000        6.000        6.000
   245:        6.000        6.000        6.000        6.000        6.000
   250:        6.000        6.000        6.000        6.000        6.000
   255:        6.000        6.000        6.000        6.000        6.000
   260:        6.000        6.000        6.000        6.000        6.000
   265:        6.000        6.000        6.000        6.000        6.000
   270:        6.000        6.000        6.000        6.000        6.000
   275:        6.000        6.000        6.000        6.000        6.000
   280:        6.000        6.000        6.000        6.000        6.000
   285:        6.000        6.000        6.000        6.000        6.000
   290:        6.000        6.000        6.000        6.000        6.000
   295:        6.000        6.000        6.000        6.000        6.000
   300:        6.000        6.000        6.000        6.000        6.000
   305:        6.000        6.000        6.000        6.000        6.000
   310:        6.000        6.000        6.000        6.000        6.000
   315:        6.000        6.000        6.000        6.000        6.000
   320:        6.000        6.000        6.000        6.000        6.000
   325:        6.000        6.000        6.000        6.000        6.000
   330:        6.000        6.000        6.000        6.000        6.000
   335:        6.000        6.000        6.000        6.000        6.000
   340:        6.000        6.000        6.000        6.000        6.000
   345:        6.000        6.000        6.000        6.000        6.000
   350:        6.000        6.000        6.000        6.000        6.000
   355:        6.000        6.000        6.000        6.000        6.000
   360:        6.000        6.000        6.000        6.000        6.000
   365:        6.000        6.000        6.000        6.000        6.000
   370:        6.000        6.000        6.000        6.000        6.000
   375:        6.000        6.000        6.000        6.000        6.000
   380:        6.000        6.000        6.000        6.000        6.000
   385:        6.000        6.000        6.000        6.000        6.000
   390:        6.000        6.000        6.000        6.000        6.000
   395:        6.000        6.000        6.000        6.000        6.000
   400:        6.000        6.000        6.000        6.000        6.000
   405:        6.000        6.000        6.000        6.000        6.000
   410:        6.000        6.000        6.000        6.000        6.000
   415:        6.000        6.000        6.000        6.000        6.000
   420:        6.000        6.000        6.000        6.000        6.000
   425:        6.000        6.000        6.000        6.000        6.000
   430:        6.000        6.000        6.000        6.000        6.000
   435:        6.000        6.000        6.000        6.000        6.000
   440:        6.000        6.000        6.000        6.000        6.000
   445:        6.000        6.000        6.000        6.000        6.000
   450:        6.000        6.000        6.000        6.000        6.000
   455:        6.000        6.000        6.000        6.000        6.000
   460:        6.000        6.000        6.000        6.000        6.000
   465:        6.000        6.000        6.000        6.000        6.000
   470:        6.000        6.000        6.000        6.000        6.000
   475:        6.000        6.000        6.000        6.000        6.000
   480:        6.000        6.000        6.000        6.000        6.000
   485:        6.000        6.000        6.000        6.000        6.000
   490:        6.000        6.000        6.000        6.000        6.000
   495:        6.000        6.000        6.000        6.000        6.000
   500:        6.000        6.000        6.000        6.000        6.000
   505:        6.000        6.000        6.000        6.000        6.000
   510:        6.000        6.000        6.000        6.000        6.000
   515:        6.000        6.000        6.000        6.000        6.000
   520:        6.000        6.000        6.000        6.000        6.000
   525:        6.000        6.000        6.000        6.000        6.000
   530:        6.000        6.000        6.000        6.000        6.000
   535:        6.000        6.000        6.000        6.000        6.000
   540:        6.000        6.000        6.000        6.000        6.000
   545:        6.000        6.000        6.000        6.000        6.000
   550:        6.000        6.000        6.000        6.000        6.000
   555:        6.000        6.000        6.000        6.000        6.000
   560:        6.000        6.000        6.000        6.000        6.000
   565:        6.000        6.000        6.000        6.000        6.000
   570:        6.000        6.000        6.000        6.000        6.000
   575:        6.000        6.000        6.000        6.000        6.000
   580:        6.000        6.000        6.000        6.000        6.000
   585:        6.000        6.000        6.000        6.000        6.000
   590:        6.000        6.000        6.000        6.000        6.000
   595:        6.000        6.000        6.000        6.000        6.000
   600:        6.000        6.000        6.000        6.000        6.000
   605:        6.000        6.000        6.000        6.000        6.000
   610:        6.000        6.000        6.000        6.000        6.000
   615:        6.000        6.000        6.000        1.000        2.000
   620:        4.000       22.000       24.000       12.000       13.000
   625:        8.000        5.000       17.000       18.000        6.000
   630:       14.000       10.000       19.000       11.000        6.000
   635:        6.000        6.000        6.000        6.000        6.000
   640:        6.000        6.000        6.000        6.000        6.000
   645:        6.000        6.000        6.000        6.000        6.000
   650:        6.000        6.000        6.000        6.000        6.000
   655:        6.000        6.000        6.000        6.000        6.000
   660:        6.000        6.000        6.000        6.000        6.000
   665:        6.000        6.000        6.000        6.000        6.000
   670:        6.000        6.000        6.000        6.000        6.000
   675:        6.000        6.000        6.000        6.000        1.000
   680:        1.000        1.000        6.000        6.000        6.000
   685:        6.000        2.000        4.000       22.000       24.000
   690:       12.000       13.000        8.000        5.000       17.000
   695:       18.000       14.000       10.000       19.000       11.000
   700:        2.000        4.000       22.000       24.000       12.000
   705:       13.000        8.000        5.000       17.000       18.000
   710:       14.000       10.000       19.000       11.000        6.000
   715:        6.000        6.000        6.000        6.000        6.000
   720:        6.000        6.000        6.000        6.000        6.000
   725:        6.000        6.000        6.000        6.000        6.000
   730:        6.000        6.000        6.000        6.000        6.000
   735:        6.000        6.000        6.000        6.000        6.000
   740:        6.000        6.000        6.000        6.000        6.000
   745:        6.000        6.000        6.000        6.000        6.000
   750:        6.000        6.000        6.000        6.000        6.000
   755:        6.000        6.000        6.000        6.000        6.000
   760:        6.000        6.000        6.000        6.000        6.000
   765:        6.000        6.000        6.000        6.000        6.000
   770:        6.000        6.000        6.000        6.000        6.000
   775:        6.000        6.000        6.000        6.000        6.000
   780:        6.000        6.000        6.000        6.000        6.000
   785:        6.000        6.000        6.000        6.000        6.000
   790:        6.000        6.000        6.000        6.000        6.000
   795:        6.000        6.000        6.000        6.000        6.000
   800:        6.000        6.000        6.000        6.000        6.000
   805:        6.000        6.000        6.000        6.000        6.000
   810:        6.000        6.000        6.000        6.000        6.000
   815:        6.000        6.000        6.000        6.000        6.000
   820:        6.000        6.000        6.000        6.000        6.000
   825:        6.000        6.000        6.000        6.000        6.000
   830:        6.000        6.000        6.000        6.000        6.000
   835:        6.000        6.000        6.000        6.000        6.000
   840:        6.000        6.000        6.000        6.000        6.000
   845:        6.000        6.000        6.000        6.000        6.000
   850:        6.000        6.000        6.000        6.000        6.000
   855:        6.000        6.000        6.000        6.000        6.000
   860:        6.000        6.000        6.000        6.000        6.000
   865:        6.000        6.000        6.000        6.000        6.000
   870:        6.000        6.000        6.000        6.000        6.000
   875:        6.000        6.000        6.000        6.000        6.000
   880:        6.000        6.000        6.000        6.000        6.000
   885:        6.000        6.000        6.000        6.000        6.000
   890:        6.000        6.000        6.000        6.000        6.000
   895:        6.000        6.000        6.000        6.000        6.000
   900:        6.000        6.000        6.000        6.000        6.000
   905:        6.000        6.000        6.000        6.000        6.000
   910:        6.000        6.000        6.000        6.000        6.000
   915:        6.000        6.000        6.000        6.000        6.000
   920:        6.000        6.000        6.000        6.000        6.000
   925:        6.000        6.000        6.000        6.000        6.000
   930:        6.000        6.000        6.000        6.000        6.000
   935:        6.000        6.000        6.000        6.000        6.000
   940:        6.000        6.000        6.000        6.000        6.000
   945:        6.000        6.000        6.000        6.000        6.000
   950:        6.000        6.000        6.000        6.000        6.000
   955:        6.000        6.000        6.000        6.000        6.000
   960:        6.000        6.000        6.000        6.000        6.000
   965:        6.000        6.000        6.000        6.000        6.000
   970:        6.000        6.000        6.000        6.000        6.000
   975:        6.000        6.000        6.000        6.000        6.000
   980:        6.000        6.000        6.000        6.000        6.000
   985:        6.000        6.000        6.000        6.000        6.000
   990:        6.000        6.000        6.000        6.000        6.000
   995:        6.000        6.000        6.000        6.000        6.000
  1000:        6.000        6.000        6.000        6.000        6.000
  1005:        6.000        6.000        6.000        6.000        6.000
  1010:        6.000        6.000        6.000        6.000        6.000
  1015:        6.000        6.000        6.000        6.000        6.000
  1020:        6.000        6.000        6.000        6.000        6.000
  1025:        6.000        6.000        6.000        6.000        6.000
  1030:        6.000        6.000        6.000        6.000        6.000
  1035:        6.000        6.000        6.000        6.000        6.000
  1040:        6.000        6.000        6.000        6.000        6.000
  1045:        6.000        6.000        6.000        6.000        6.000
  1050:        6.000        6.000        6.000        6.000        6.000
  1055:        6.000        6.000        6.000        6.000        6.000
  1060:        6.000        6.000        6.000        6.000        6.000
  1065:        6.000        6.000        6.000        6.000        6.000
  1070:        6.000        6.000        6.000        6.000        6.000
  1075:        6.000        6.000        6.000        6.000        6.000
  1080:        6.000        6.000        6.000        6.000        6.000
  1085:        6.000        6.000        6.000        6.000        6.000
  1090:        6.000        6.000        6.000        6.000        6.000
  1095:        6.000        6.000        6.000        6.000        6.000
  1100:        6.000        6.000        6.000        6.000        6.000
  1105:        6.000        6.000        6.000        6.000        6.000
  1110:        6.000        6.000        6.000        6.000        6.000
  1115:        6.000        6.000        6.000        6.000        6.000
  1120:        6.000        6.000        6.000        6.000        6.000
  1125:        6.000        6.000        6.000        6.000        6.000
  1130:        6.000        6.000        6.000        6.000        6.000
  1135:        6.000        6.000        6.000        6.000        6.000
  1140:        6.000        6.000        6.000        6.000        6.000
  1145:        6.000        6.000        6.000        6.000        6.000
  1150:        6.000        6.000        6.000        6.000        6.000
  1155:        6.000        6.000        6.000        6.000        6.000
  1160:        6.000        6.000        6.000        6.000        6.000
  1165:        6.000        6.000        6.000        6.000        6.000
  1170:        6.000        6.000        6.000        6.000        6.000
  1175:        6.000        6.000        6.000        6.000        6.000
  1180:        6.000        6.000        6.000        6.000        6.000
  1185:        6.000        6.000        6.000        6.000        6.000
  1190:        6.000        6.000        6.000        6.000        6.000
  1195:        6.000        6.000        6.000        6.000        6.000
  1200:        6.000        6.000        6.000        6.000        6.000
  1205:        6.000        6.000        6.000        6.000        6.000
  1210:        6.000        6.000        6.000        6.000        6.000
  1215:        6.000        6.000        6.000        6.000        6.000
  1220:        6.000        6.000        6.000        6.000        6.000
  1225:        6.000        6.000        6.000        6.000        6.000
  1230:        6.000        6.000        6.000        6.000        6.000
  1235:        6.000        6.000        6.000        6.000        6.000
  1240:        6.000        6.000        6.000        6.000        6.000
  1245:        6.000        6.000        6.000        6.000        6.000
  1250:        6.000        6.000        6.000        6.000        6.000
  1255:        6.000        6.000        6.000        6.000        6.000
  1260:        6.000        6.000        6.000        6.000        6.000
  1265:        6.000        6.000        6.000        6.000        6.000
  1270:        6.000        6.000        6.000        6.000        6.000
  1275:        6.000        6.000        6.000        6.000        6.000
  1280:        6.000        6.000        6.000        6.000        6.000
  1285:        6.000        6.000        6.000        6.000        6.000
  1290:        6.000        6.000        6.000        6.000        6.000
  1295:        6.000        6.000        6.000        6.000        6.000
  1300:        6.000        6.000        6.000        6.000        6.000
  1305:        6.000        6.000        6.000        6.000        6.000
  1310:        6.000        6.000        6.000        6.000        6.000
  1315:        6.000        6.000        6.000        6.000        6.000
  1320:        6.000        6.000        6.000        6.000        6.000
  1325:        6.000        6.000        6.000        6.000        6.000
  1330:        6.000        6.000        6.000        6.000        6.000
  1335:        6.000        6.000        6.000        6.000        6.000
  1340:        6.000        6.000        6.000        6.000        6.000
  1345:        6.000        6.000        6.000        6.000        6.000
  1350:        6.000        6.000        6.000        6.000        6.000
  1355:        6.000        6.000        6.000        6.000        6.000
  1360:        6.000        6.000        6.000        6.000        6.000
  1365:        6.000        6.000        6.000        6.000        6.000
  1370:        6.000        6.000        6.000        6.000        6.000
  1375:        6.000        6.000        6.000        6.000        6.000
  1380:        6.000        6.000        6.000        6.000        6.000
  1385:        6.000        6.000        6.000        6.000        6.000
  1390:        6.000        6.000        6.000        6.000        6.000
  1395:        6.000        6.000        6.000        6.000        6.000
  1400:        6.000        6.000        6.000        6.000        6.000
  1405:        6.000        6.000        6.000        6.000        6.000
  1410:        6.000        6.000        6.000        6.000        6.000
  1415:        6.000        6.000        6.000        6.000        6.000
  1420:        6.000        6.000        6.000        6.000        6.000
  1425:        6.000        6.000        6.000        6.000        6.000
  1430:        6.000        6.000        6.000        6.000        6.000
  1435:        6.000        6.000        6.000        6.000        6.000
  1440:        6.000        6.000        6.000        6.000        6.000
  1445:        6.000        6.000        6.000        6.000        6.000
  1450:        6.000        6.000        6.000        6.000        6.000
  1455:        6.000        6.000        6.000        6.000        6.000
  1460:        6.000        6.000        6.000        6.000        6.000
  1465:        6.000        6.000        6.000        6.000        6.000
  1470:        6.000        6.000        6.000        6.000        6.000
  1475:        6.000        6.000        6.000        1.000        6.000
  1480:        6.000        6.000        1.000        2.000        4.000
  1485:       22.000       24.000       12.000       13.000        8.000
  1490:        5.000       17.000        6.000       18.000       14.000
  1495:       10.000       19.000       11.000        6.000        6.000
  1500:        2.000        4.000       22.000       24.000       12.000
  1505:       13.000        8.000        5.000       17.000        6.000
  1510:       18.000       14.000       10.000       19.000       11.000
  1515:        2.000        4.000       22.000       24.000       12.000
  1520:       13.000        8.000        5.000       17.000        6.000
  1525:       18.000       14.000       10.000       19.000       11.000
  1530:        6.000        6.000        6.000        6.000        6.000
  1535:        6.000        6.000        6.000        6.000        6.000
  1540:        6.000        6.000        6.000        6.000        6.000
  1545:        6.000        6.000        6.000        6.000        6.000
  1550:        6.000        6.000        6.000        6.000        6.000
  1555:        6.000        6.000        6.000        6.000        6.000
  1560:        6.000        6.000        6.000        6.000        6.000
  1565:        6.000        6.000        6.000        6.000        6.000
  1570:        6.000        6.000        6.000        6.000        6.000
  1575:        6.000        6.000        2.000        4.000       22.000
  1580:       24.000       12.000       13.000        8.000        5.000
  1585:       17.000        6.000       18.000       14.000       10.000
  1590:        6.000        6.000       19.000       11.000        6.000
  1595:        6.000        6.000        6.000        6.000      100.000
T:
     0:        0.000        0.000        0.000        0.000        0.020
     5:        6.200       15.610       20.020       20.190       29.420
    10:       29.420       29.420       29.430       29.430       29.430
    15:       29.430       29.430       29.430       33.430       34.430
    20:       34.430       36.990       36.990       39.390       39.390
    25:       39.420       39.430       43.690       45.620       46.030
    30:       46.550       49.760       50.550      283.380      538.850
    35:      540.610      640.350      640.830      646.610      647.040
    40:      727.600      727.830      771.770      771.970      772.790
    45:      789.520      790.430      790.710      791.300      812.920
    50:      813.280      814.010      814.170      814.870      820.940
    55:      821.030      821.580      821.770      821.910      822.060
    60:      835.210      837.260      869.750      869.890      881.780
    65:      915.160      934.430      934.500      947.570     1088.480
    70:     1088.770     1132.720     1166.710     1177.970     1179.740
    75:     1179.820     1179.980     1181.180     1182.220     1182.400
    80:     1182.470     1182.510     1188.580     1198.000     1200.870
    85:     1212.840     1216.310     1216.370     1279.540     1312.360
    90:     1329.080     1329.620     1384.090     1395.790     1398.140
    95:     1398.230     1398.360     1398.480     1398.590     1398.720
   100:     1398.840     1398.980     1399.050     1399.390     1399.500
   105:     1401.960     1404.680     1405.450     1412.230     1416.550
   110:     1417.860     1430.570     1431.250     1441.820     1442.340
   115:     1451.020     1463.790     1489.250     1497.340     1497.950
   120:     1499.240     1499.450     1502.370     1554.810     1617.750
   125:     1617.980     1650.400     1659.250     1673.800     1746.590
   130:     1746.590     1746.590     1746.600     1746.600     1746.600
   135:     1746.600     1746.600     1746.600     1750.600     1751.600
   140:     1751.600     1756.590     1756.600     1773.480     1786.020
   145:     1818.370     1819.070     1819.090     1819.130     1819.250
   150:     1819.360     1821.500     1850.460     1852.660     1852.660
   155:     1852.660     1852.670     1852.670     1852.670     1852.670
   160:     1852.670     1852.670     1856.130     1856.130     1856.670
   165:     1857.670     1857.670     1861.430     1862.660     1862.670
   170:     1866.640     1868.630     1868.740     1868.900     1869.100
   175:     1869.240     1869.420     1869.610     1869.960     1871.770
   180:     1882.410     1882.480     1884.750     1885.000     1890.230
   185:     1891.400     1896.300     1896.430     1896.530     1897.920
   190:     1907.990     1947.010     1949.590     1949.890     1949.990
   195:     1950.600     1950.690     1951.030     2016.140     2018.250
   200:     2018.700     2019.070     2022.650     2038.240     2039.320
   205:     2039.640     2040.070     2041.170     2047.470     2048.480
   210:     2049.420     2050.380     2050.460     2050.880     2051.770
   215:     2052.670     2075.210     2075.660     2090.670     2106.340
   220:     2107.210     2107.360     2107.410     2119.590     2119.770
   225:     2132.760     2134.970     2135.080     2136.830     2136.930
   230:     2137.520     2146.900     2148.040     2148.140     2149.930
   235:     2150.280     2158.350     2158.470     2164.240     2164.500
   240:     2165.710     2166.110     2170.340     2180.850     2181.710
   245:     2186.200     2186.370     2187.100     2187.180     2198.010
   250:     2198.170     2198.330     2201.410     2201.440     2205.270
   255:     2206.810     2206.900     2207.360     2207.800     2207.920
   260:     2208.110     2208.150     2208.230     2208.300     2208.450
   265:     2209.890     2210.770     2213.140     2213.240     2239.150
   270:     2239.550     2266.210     2267.330     2274.080     2323.660
   275:     2323.990     2324.230     2327.990     2337.990     2339.360
   280:     2339.830     2343.200     2346.660     2355.380     2355.620
   285:     2358.290     2369.380     2369.500     2373.840     2374.660
   290:     2385.750     2385.920     2389.760     2390.510     2391.450
   295:     2391.510     2391.690     2392.280     2392.350     2393.700
   300:     2394.140     2394.370     2394.540     2395.180     2397.800
   305:     2397.960     2398.060     2399.390     2400.350     2411.000
   310:     2422.570     2422.720     2423.250     2423.900     2423.960
   315:     2424.740     2426.310     2426.530     2428.450     2428.960
   320:     2429.010     2429.450     2429.960     2432.390     2435.160
   325:     2435.260     2439.280     2439.440     2440.160     2441.980
   330:     2442.370     2442.510     2443.100     2443.190     2443.270
   335:     2443.420     2448.930     2449.840     2449.880     2450.320
   340:     2450.460     2450.810     2450.960     2451.070     2451.370
   345:     2451.470     2451.850     2452.490     2452.610     2452.790
   350:     2453.940     2458.910     2459.340     2489.410     2491.520
   355:     2493.640     2498.950     2507.600     2508.140     2508.280
   360:     2508.510     2508.670     2508.790     2517.430     2517.550
   365:     2664.220     2670.030     2673.060     2674.330     2678.440
   370:     2679.220     2679.980     2694.070     2697.250     2698.480
   375:     2699.550     2699.660     2699.960     2822.900     2822.950
   380:     2823.570     2824.760     2825.250     2919.640     2919.750
   385:     2919.820     3014.230     3014.360     3014.610     3077.710
   390:     3128.350     3131.130     3131.230     3143.580     3146.940
   395:     3180.740     3181.440     3183.020     3183.070     3183.170
   400:     3183.190     3183.430     3183.530     3183.640     3184.190
   405:     3184.980     3188.000     3188.300     3198.240     3201.660
   410:     3254.720     3255.860     3423.260     3423.380     3424.100
   415:     3424.220     3452.360     3526.490     3604.120     3605.580
   420:     3640.970     3641.070     3645.370     3645.520     3662.970
   425:     3664.680     3664.770     3665.200     3675.800     3676.070
   430:     3676.150     3676.350     3676.430     3676.500     3676.580
   435:     3726.460     3729.660     3766.040     3768.140     3769.880
   440:     3772.940     3773.090     3775.480     3775.580     3775.800
   445:     3775.860     3775.940     3776.040     3776.650     3776.690
   450:     3776.750     3776.930     3779.090     3779.150     3779.370
   455:     3782.520     3782.690     3782.830     3782.870     3783.020
   460:     3783.040     3801.570     3804.830     3805.280     3805.400
   465:     3805.440     3805.520     3806.040     3806.450     3806.540
   470:     3806.640     3810.530     3811.740     3811.780     3811.820
   475:     3812.050     3814.350     3814.610     3814.970     3815.490
   480:     3815.720     3816.620     3816.760     3819.140     3819.290
   485:     3819.370     3819.480     3820.480     3820.560     3821.770
   490:     3821.940     3822.770     3823.670     3825.220     3825.330
   495:     3826.040     3827.720     3827.830     3833.800     3834.150
   500:     3834.480     3834.570     3834.940     3837.560     3837.860
   505:     3837.920     3838.020     3838.050     3865.810     4001.640
   510:     4005.430     4005.710     4066.040     4107.750     4112.610
   515:     4120.510     4121.410     4270.850     4270.920     4274.580
   520:     4275.120     4275.210     4275.310     4275.390     4383.840
   525:     4415.090     4422.450     4470.090     4494.010     4516.230
   530:     4516.720     4542.120     4570.810     4574.510     4574.620
   535:     4575.000     4580.450     4624.690     4624.900     4625.120
   540:     4625.350     4625.600     4628.440     4628.780     4628.880
   545:     4723.640     4740.660     4740.720     4740.810     4750.430
   550:     4750.800     4750.940     4752.560     4752.630     4753.580
   555:     4753.870     4789.810     4789.930     4797.630     4803.420
   560:     4835.110     4857.930     4858.240     4862.590     4862.820
   565:     4863.180     4863.320     4897.080     4897.450     4899.510
   570:     5417.150     5420.560     5551.300     5557.700     5559.750
   575:     5560.240     5560.490     5560.850     5561.600     5562.560
   580:     5563.820     5564.310     5564.740     5566.320     5567.620
   585:     5623.970     5695.290     5725.170     5779.240     5780.090
   590:     5780.330     5780.440     5780.490     5783.980     5786.410
   595:     5788.840     5788.960     5841.690     5843.510     5851.220
   600:     5852.670     5853.140     5853.280     5853.690     5855.720
   605:     5861.950     5864.900     5865.340     5865.400     5865.460
   610:     5865.500     5865.630     5865.730     5912.630     5914.390
   615:     5915.250     5915.440     5915.780     5941.250     5956.040
   620:     5956.040     5956.040     5956.050     5956.050     5956.050
   625:     5956.050     5956.050     5956.050     5960.050     5960.930
   630:     5961.050     5961.050     5966.040     5966.050     5967.870
   635:     5971.500     5973.380     5974.580     5975.710     5975.960
   640:     5976.140     5976.270     5976.430     5976.870     5976.920
   645:     5977.760     5978.470     5985.350     5985.790     5987.700
   650:     5987.970     5990.390     5994.450     6001.330     6001.780
   655:     6004.100     6004.760     6004.950     6005.320     6023.830
   660:     6028.090     6028.210     6028.380     6028.620     6029.920
   665:     6030.140     6030.280     6030.350     6031.170     6041.620
   670:     6041.840     6048.200     6048.350     6051.590     6053.470
   675:     6053.710     6053.820     6057.490     6058.160     6099.010
   680:     6099.440     6099.700     6161.420     6163.070     6163.480
   685:     6172.020     6219.160     6219.160     6219.160     6219.170
   690:     6219.170     6219.170     6219.170     6219.170     6219.170
   695:     6223.170     6224.170     6224.170     6229.160     6229.170
   700:     6452.960     6452.960     6452.960     6452.970     6452.970
   705:     6452.970     6452.970     6452.970     6452.970     6456.970
   710:     6457.970     6457.970     6462.960     6462.970     6512.720
   715:     6523.500     6526.880     6529.110     6529.490     6538.790
   720:     6540.150     6541.740     6545.450     6546.660     6548.760
   725:     6551.780     6552.770     6635.720     6642.710     6662.610
   730:     6664.150     6664.280     6664.690     6664.840     6665.750
   735:     6674.970     6677.960     6678.240     6678.880     6681.160
   740:     6682.260     6683.540     6683.790     6683.970     6685.870
   745:     6688.540     6688.620     6689.670     6689.880     6690.890
   750:     6691.030     6691.340     6692.740     6693.020     6695.960
   755:     6707.280     6707.640     6707.980     6708.670     6708.730
   760:     6709.140     6709.530     6709.710     6709.930     6711.220
   765:     6711.310     6711.400     6711.620     6712.380     6712.520
   770:     6720.820     6720.930     6721.410     6721.520     6721.800
   775:     6721.960     6724.150     6724.470     6724.930     6725.070
   780:     6729.160     6745.200     6746.050     6746.200     6746.300
   785:     6746.820     6747.770     6747.830     6747.870     6765.900
   790:     6812.930     6813.470     6813.540     6813.660     6813.850
   795:     6815.040     6815.430     6815.980     6816.220     6829.700
   800:     6830.020     6830.130     6830.180     6830.270     6831.630
   805:     6832.000     6836.710     6836.890     6837.080     6837.260
   810:     6841.900     6865.630     6865.810     6865.930     6866.120
   815:     6866.230     6866.470     6866.610     6866.950     6879.480
   820:     6905.190     6911.680     6912.190     6912.420     6913.020
   825:     6913.550     6913.720     6914.040     6914.220     6914.280
   830:     6914.470     6914.590     6914.750     6915.010     6915.290
   835:     6915.590     6915.830     6916.380     6916.670     6917.390
   840:     6917.590     6917.650     6918.050     6918.270     6931.660
   845:     6938.570     6939.290     6939.430     6939.580     6939.940
   850:     6943.440     6944.330     6944.380     6944.800     6945.400
   855:     6945.530     6945.600     6945.760     6945.790     6945.880
   860:     6946.170     6946.230     6946.530     6946.610     6946.720
   865:     6946.780     6946.810     6946.920     6947.110     6952.600
   870:     6952.780     6954.280     6954.370     6954.630     6954.850
   875:     6954.910     6954.950     6955.730     6956.150     6956.260
   880:     6956.410     6956.600     6957.430     6958.130     6959.520
   885:     6989.490     6989.650     6989.910     6990.210     6999.220
   890:     6999.550     7030.130     7030.260     7046.140     7047.940
   895:     7048.420     7048.500     7048.620     7056.270     7056.430
   900:     7056.920     7058.490     7058.610     7058.860     7059.710
   905:     7063.260     7064.500     7064.690     7064.790     7073.900
   910:     7074.000     7074.270     7075.590     7076.070     7076.200
   915:     7085.540     7085.670     7085.860     7089.280     7091.640
   920:     7091.680     7091.750     7091.790     7091.900     7091.960
   925:     7092.040     7092.170     7100.180     7100.220     7100.270
   930:     7100.450     7100.600     7101.200     7101.320     7101.630
   935:     7112.780     7117.040     7118.190     7122.660     7122.720
   940:     7123.690     7124.200     7124.940     7125.010     7125.060
   945:     7125.110     7125.360     7125.670     7128.220     7129.450
   950:     7130.000     7130.340     7130.520     7131.090     7132.730
   955:     7134.670     7138.360     7140.790     7141.040     7141.190
   960:     7141.440     7143.350     7143.510     7146.930     7148.650
   965:     7148.780     7148.880     7149.060     7149.160     7150.920
   970:     7151.110     7151.180     7151.330     7151.370     7151.500
   975:     7152.280     7152.360     7152.690     7152.840     7152.970
   980:     7158.300     7158.370     7158.480     7160.730     7161.240
   985:     7161.330     7168.900     7169.050     7169.210     7169.340
   990:     7169.840     7170.490     7171.230     7176.120     7176.200
   995:     7176.300     7176.450     7176.610     7176.780     7176.990
  1000:     7211.500     7215.650     7215.890     7244.680     7251.920
  1005:     7253.460     7253.980     7254.080     7254.280     7254.640
  1010:     7254.890     7255.820     7257.110     7257.270     7258.200
  1015:     7323.110     7325.960     7346.080     7347.730     7351.550
  1020:     7355.760     7357.430     7357.500     7357.950     7361.880
  1025:     7361.940     7362.110     7362.300     7362.900     7364.630
  1030:     7366.940     7372.890     7373.750     7374.050     7374.750
  1035:     7374.840     7376.450     7376.560     7387.180     7409.320
  1040:     7411.130     7411.370     7411.710     7419.350     7419.380
  1045:     7419.460     7419.580     7420.460     7420.780     7420.820
  1050:     7445.950     7448.780     7449.240     7450.050     7450.140
  1055:     7450.280     7468.850     7468.930     7469.050     7469.260
  1060:     7469.650     7470.040     7471.470     7489.890     7490.340
  1065:     7493.770     7494.140     7494.540     7494.820     7494.890
  1070:     7495.170     7495.200     7498.630     7499.380     7499.420
  1075:     7507.850     7508.010     7508.150     7508.230     7508.320
  1080:     7509.050     7509.740     7510.830     7510.880     7510.990
  1085:     7513.170     7513.260     7516.290     7516.490     7516.820
  1090:     7516.960     7517.130     7517.230     7517.250     7518.070
  1095:     7519.320     7519.380     7531.740     7531.870     7532.950
  1100:     7533.170     7533.230     7533.280     7535.250     7536.030
  1105:     7537.690     7538.180     7538.630     7538.730     7538.840
  1110:     7539.450     7542.600     7542.930     7545.350     7546.010
  1115:     7547.480     7547.560     7548.600     7548.750     7548.960
  1120:     7549.270     7549.330     7549.380     7549.440     7550.240
  1125:     7551.540     7555.630     7557.670     7557.730     7557.890
  1130:     7558.060     7558.270     7558.380     7573.280     7577.420
  1135:     7579.280     7590.550     7593.480     7594.530     7596.470
  1140:     7598.310     7598.720     7598.880     7599.100     7599.670
  1145:     7599.800     7599.940     7600.390     7600.580     7600.710
  1150:     7601.040     7601.210     7601.350     7602.330     7602.500
  1155:     7603.160     7603.210     7603.430     7603.540     7604.010
  1160:     7605.140     7607.560     7607.640     7607.890     7613.010
  1165:     7617.730     7618.050     7618.160     7618.230     7618.300
  1170:     7620.270     7620.870     7621.480     7622.960     7623.210
  1175:     7626.510     7626.610     7629.360     7629.530     7629.930
  1180:     7630.150     7630.450     7634.460     7634.590     7634.650
  1185:     7634.730     7635.090     7635.430     7635.660     7635.700
  1190:     7635.850     7636.000     7636.570     7637.010     7637.270
  1195:     7637.490     7637.820     7639.310     7639.580     7642.890
  1200:     7644.480     7644.800     7646.070     7646.720     7649.410
  1205:     7649.560     7649.690     7650.150     7650.280     7651.390
  1210:     7656.350     7657.620     7657.790     7658.020     7658.150
  1215:     7658.420     7658.480     7658.700     7658.890     7659.130
  1220:     7661.820     7662.330     7662.800     7663.900     7664.030
  1225:     7664.560     7664.670     7665.040     7668.140     7668.260
  1230:     7669.400     7669.550     7670.730     7671.350     7672.570
  1235:     7672.980     7673.180     7673.300     7673.400     7673.620
  1240:     7673.910     7674.110     7674.250     7674.370     7675.460
  1245:     7675.740     7675.980     7676.400     7676.570     7676.680
  1250:     7676.770     7677.120     7677.350     7677.530     7677.590
  1255:     7677.870     7678.060     7678.790     7679.280     7679.500
  1260:     7679.570     7679.910     7680.060     7680.630     7680.790
  1265:     7680.860     7681.070     7681.940     7682.130     7685.860
  1270:     7689.250     7689.430     7691.340     7691.470     7691.730
  1275:     7692.610     7693.630     7693.910     7694.550     7694.700
  1280:     7694.850     7696.480     7696.610     7696.980     7697.030
  1285:     7700.660     7700.760     7702.120     7702.310     7707.440
  1290:     7707.750     7711.220     7711.640     7714.240     7714.530
  1295:     7723.650     7723.710     7736.580     7738.160     7739.090
  1300:     7743.260     7750.130     7755.600     7757.640     7758.220
  1305:     7758.320     7760.760     7765.070     7930.400     7953.680
  1310:     8004.100     8005.240     8005.380     8439.520     8440.280
  1315:     8441.250     8443.480     8443.670     8444.240     8444.330
  1320:     8449.700     8449.900     8450.400     8450.450     8450.840
  1325:     8451.830     8451.980     8484.690     8485.250     8485.800
  1330:     8486.330     8486.890     8487.480     8488.090     8488.660
  1335:     8489.210     8489.260     8489.660     8489.700     8490.230
  1340:     8490.280     8490.940     8490.990     8491.100     8491.580
  1345:     8492.170     8494.960     8495.020     8495.120     8495.400
  1350:     8495.940     8496.010     8496.570     8496.660     8497.110
  1355:     8497.140     8497.160     8497.220     8497.320     8497.430
  1360:     8500.330     8500.360     8500.410     8541.940     8562.620
  1365:     8562.970     8735.540     8736.500     8736.830     8737.380
  1370:     8746.830     8747.380     8747.730     8747.970     8748.060
  1375:     8748.430     8748.540     8749.020     8752.110     8762.550
  1380:     8763.160     8763.220     8763.700     8763.760     8764.220
  1385:     8764.300     8764.780     8765.270     8765.830     8765.890
  1390:     8766.390     8766.450     8766.950     8767.010     8767.320
  1395:     8767.440     8767.530     8767.620     8767.940     8768.020
  1400:     8768.320     8768.450     8768.520     8768.920     8768.990
  1405:     8769.300     8769.420     8769.490     8769.810     8769.870
  1410:     8770.230     8770.770     8770.840     8771.250     8771.340
  1415:     8771.800     8771.890     8811.620     8831.420     8847.560
  1420:     8926.310     9025.680     9026.690     9026.790     9030.420
  1425:     9128.120     9131.310     9133.030     9133.090     9142.370
  1430:     9142.560     9143.560     9191.610     9192.060     9193.680
  1435:     9194.210     9194.460     9194.690     9194.740     9194.880
  1440:     9195.410     9195.480     9195.500     9197.920     9198.720
  1445:     9202.290     9537.610     9551.330     9551.560     9551.670
  1450:     9562.160     9640.370     9640.410    10096.070    10096.610
  1455:    10096.730    10098.330    10112.450    10112.810    10113.030
  1460:    10148.300    10148.550    10148.680    10154.610    10162.920
  1465:    10163.850    10166.060    10170.680    10172.310    10172.360
  1470:    10173.290    10173.350    10173.510    10173.530    10173.830
  1475:    10174.900    10228.050    10228.320    10283.120    10307.790
  1480:    10308.130    10311.460    10389.970    10454.650    10454.650
  1485:    10454.650    10454.660    10454.660    10454.660    10454.660
  1490:    10454.660    10454.660    10458.400    10458.660    10459.660
  1495:    10459.660    10464.650    10464.660    10465.400    10467.840
  1500:    10500.720    10500.720    10500.720    10500.730    10500.730
  1505:    10500.730    10500.730    10500.730    10500.730    10502.810
  1510:    10504.730    10505.730    10505.730    10510.720    10510.730
  1515:    10575.500    10575.500    10575.500    10575.510    10575.510
  1520:    10575.510    10575.510    10575.510    10575.510    10577.830
  1525:    10579.510    10580.510    10580.510    10585.500    10585.510
  1530:    10654.120    10655.530    10656.520    10656.700    10666.570
  1535:    10671.630    10672.120    10673.580    10674.080    10674.770
  1540:    10677.090    10678.980    10683.130    10684.960    10686.020
  1545:    10686.410    10686.820    10687.720    10689.870    10690.420
  1550:    10690.480    10690.700    10691.000    10693.070    10696.360
  1555:    10696.400    10697.670    10698.890    10702.570    10703.810
  1560:    10703.910    10704.450    10704.490    10704.770    10705.180
  1565:    10705.390    10705.480    10705.720    10707.930    10708.280
  1570:    10708.970    10710.050    10711.850    10715.300    10715.370
  1575:    10715.860    10716.980    10779.920    10779.920    10779.920
  1580:    10779.930    10779.930    10779.930    10779.930    10779.930
  1585:    10779.930    10782.860    10783.930    10784.930    10784.930
  1590:    10786.630    10789.890    10789.920    10789.930    10791.880
  1595:    10794.420    10794.590    10795.980    10796.880    10800.000
