File: C:\MED-PC\Data\2024-10-29_09h06m_Subject 44.txt


Start Date: 10/29/24
End Date: 10/29/24
Subject: 44
Experiment: OralFentSA
Group: One
Box: 12
Start Time: 09:06:58
End Time: 12:29:42
MSN: 20241014_Golden_Liq_SelfAdmin
F:       0.000
G:     209.000
H:   10800.000
I:       0.000
J:       0.000
K:       0.000
L:       0.000
M:       0.000
N:       0.000
O:       0.000
P:       0.000
Q:       0.000
R:       0.000
S:       0.000
U:       0.000
V:       0.000
W:       0.000
X:       0.000
Y:       0.000
Z:       0.000
A:
     0:        0.000        0.000      180.000        4.000        0.000
     5:        5.000        0.000        5.000        0.000        0.000
    10:        1.000        0.000       10.000   100000.000       19.200
    15:        7.000      640.000        0.000        0.000        0.000
    20:        0.000
B:
     0:        0.000        0.000        0.000      400.000        0.000
     5:      500.000        0.000      500.000        0.000        0.000
    10:        0.000        0.000     1000.000 10000000.000        0.000
    15:        0.000        0.000        0.000        0.000        0.000
    20:        0.000
C:
     0:        7.000        8.000        2.000       19.000       81.000
     5:     9053.350       12.040        7.000       58.660        8.380
    10:       19.000        2.000        0.000        0.000        0.000
    15:        0.000        0.000        0.000        0.000        0.000
    20:        0.000
D:
     0:       10.080        4.180        8.080       13.550        7.260
     5:        3.470       12.040
E:
     0:       19.000       11.000       26.000       27.000        1.000
     5:        6.000        1.000        6.000        6.000        6.000
    10:        6.000        6.000        2.000        4.000       22.000
    15:       24.000       12.000       13.000        8.000        5.000
    20:       17.000       21.000       22.000       18.000       14.000
    25:       10.000       19.000       11.000        6.000        6.000
    30:        6.000        6.000        6.000        2.000        4.000
    35:       22.000       24.000       12.000       13.000        8.000
    40:        5.000       17.000       21.000       22.000       18.000
    45:        6.000        6.000       14.000       10.000        6.000
    50:       19.000       11.000        6.000        2.000        4.000
    55:       22.000       24.000       12.000       13.000        8.000
    60:        5.000       17.000       18.000       14.000       10.000
    65:       21.000       22.000       21.000       22.000        6.000
    70:       19.000       11.000        6.000        6.000        6.000
    75:        6.000        6.000        6.000        2.000        4.000
    80:       22.000       24.000       12.000       13.000        8.000
    85:        5.000       17.000       21.000       22.000       21.000
    90:       22.000       21.000       22.000       21.000       22.000
    95:       21.000       22.000       18.000       14.000       10.000
   100:       19.000       11.000        6.000        6.000        6.000
   105:        6.000        6.000        6.000        6.000        6.000
   110:        6.000        6.000        6.000        6.000        6.000
   115:        6.000        6.000        6.000        6.000        6.000
   120:        6.000        6.000        6.000        6.000        6.000
   125:        6.000        6.000        6.000        6.000        6.000
   130:        6.000        6.000        6.000        6.000        6.000
   135:        6.000        6.000        6.000        6.000        6.000
   140:        6.000        6.000        6.000        6.000        6.000
   145:        6.000        2.000        4.000       22.000       24.000
   150:       12.000       13.000        8.000        5.000       17.000
   155:       18.000       14.000       10.000        6.000       19.000
   160:       11.000        6.000        6.000        2.000        4.000
   165:       22.000       24.000       12.000       13.000        8.000
   170:        5.000       17.000       21.000       22.000        6.000
   175:        6.000       18.000       14.000       10.000       19.000
   180:       11.000        6.000        6.000        6.000        6.000
   185:        6.000        6.000        2.000        4.000       22.000
   190:       24.000       12.000       13.000        8.000        5.000
   195:       17.000       21.000       22.000       18.000       14.000
   200:       10.000       21.000       22.000       19.000       11.000
   205:        6.000        6.000        6.000        6.000      100.000
T:
     0:        0.000        0.000        0.000        0.000      132.070
     5:      149.230      434.420      938.860      944.720      945.230
    10:      945.420      948.360      962.620      962.620      962.620
    15:      962.630      962.630      962.630      962.630      962.630
    20:      962.630      962.890      962.890      966.630      967.630
    25:      967.630      972.620      972.630      972.710      982.220
    30:      985.600      985.710      986.360      994.160      994.160
    35:      994.160      994.170      994.170      994.170      994.170
    40:      994.170      994.170      994.880      994.880      998.170
    45:      998.350      998.470      999.170      999.170     1002.210
    50:     1004.160     1004.170     1005.730     1011.030     1011.030
    55:     1011.030     1011.040     1011.040     1011.040     1011.040
    60:     1011.040     1011.040     1015.040     1016.040     1016.040
    65:     1017.180     1017.180     1017.270     1017.270     1019.120
    70:     1021.030     1021.040     1022.890     1024.400     1024.660
    75:     1025.280     1026.610     1026.730     1032.120     1032.120
    80:     1032.120     1032.130     1032.130     1032.130     1032.130
    85:     1032.130     1032.130     1032.470     1032.470     1032.640
    90:     1032.640     1033.320     1033.320     1033.980     1033.980
    95:     1034.290     1034.290     1036.130     1037.130     1037.130
   100:     1042.120     1042.130     1045.680     1045.810     1066.360
   105:     1127.430     2637.210     3518.050     3522.090     3522.840
   110:     3524.320     3539.280     3540.070     3563.640     3614.420
   115:     3617.090     3617.640     3646.270     3646.460     3705.850
   120:     5593.850     5594.010     5599.610     5599.750     5644.010
   125:     5644.400     5644.570     5654.930     5773.920     5774.120
   130:     5935.150     7168.790     7168.970     7240.430     7240.620
   135:     7247.090     7247.890     7250.520     7251.900     7259.080
   140:     7259.290     7260.930     7261.090     7265.710     7290.770
   145:     7290.870     7292.340     7292.340     7292.340     7292.350
   150:     7292.350     7292.350     7292.350     7292.350     7292.350
   155:     7296.350     7297.350     7297.350     7299.610     7302.340
   160:     7302.350     7304.180     7381.930     7390.350     7390.350
   165:     7390.350     7390.360     7390.360     7390.360     7390.360
   170:     7390.360     7390.360     7390.410     7390.410     7393.830
   175:     7393.860     7394.360     7395.360     7395.360     7400.350
   180:     7400.360     7465.460     7465.550     7470.620     7681.020
   185:     7689.470     8958.010     9053.340     9053.340     9053.340
   190:     9053.350     9053.350     9053.350     9053.350     9053.350
   195:     9053.350     9053.480     9053.480     9057.350     9058.350
   200:     9058.350     9059.410     9059.410     9063.340     9063.350
   205:     9065.390     9070.280     9075.470     9094.170    10800.000
