File: C:\MED-PC\Data\2024-11-25_09h23m_Subject 44.txt


Start Date: 11/25/24
End Date: 11/25/24
Subject: 44
Experiment: OralFentSA
Group: One
Box: 12
Start Time: 09:23:39
End Time: 12:14:17
MSN: 20241014Golden_Liq_SelfAdmin_REI
F:       0.000
G:     353.000
H:    3600.000
I:       0.000
J:       0.000
K:       0.000
L:       0.000
M:       0.000
N:       0.000
O:       0.000
P:       0.000
Q:       0.000
R:       0.000
S:       0.000
U:       0.000
V:       0.000
W:       0.000
X:       0.000
Y:       0.000
Z:       0.000
A:
     0:        0.000        0.000       60.000        4.000        0.000
     5:        5.000        0.000        5.000        0.000        0.000
    10:        1.000        0.000       10.000   100000.000       19.000
    15:       26.000      640.000        0.000        0.000        0.000
    20:        0.000
B:
     0:        0.000        0.000        0.000      400.000        0.000
     5:      500.000        0.000      500.000        0.000        0.000
    10:        0.000        0.000     1000.000 10000000.000        0.000
    15:        0.000        0.000        0.000        0.000        0.000
    20:        0.000
C:
     0:       18.000       19.000       20.000       25.000       63.000
     5:     3291.030      172.180       15.000     1057.260       70.484
    10:       25.000       20.000        0.000        0.000        0.000
    15:        0.000        0.000        0.000        0.000        0.000
    20:        0.000
D:
     0:        4.660       65.230       16.180        6.400      477.990
     5:       14.610        3.980        2.640       15.490       17.930
    10:        1.740       36.730      218.730        2.770      172.180
E:
     0:       19.000       11.000       26.000       27.000        6.000
     5:        6.000        6.000        6.000        1.000        1.000
    10:        6.000        6.000        6.000        6.000        6.000
    15:        6.000        1.000        1.000        1.000        6.000
    20:        2.000        4.000       22.000       24.000       12.000
    25:       13.000        8.000        5.000       17.000       18.000
    30:       14.000       10.000       19.000       11.000        2.000
    35:        4.000       22.000       24.000       12.000       13.000
    40:        8.000        5.000       17.000       18.000        6.000
    45:       14.000       10.000        6.000       19.000       11.000
    50:        1.000        1.000        6.000        6.000        6.000
    55:        2.000        4.000       22.000       24.000       12.000
    60:       13.000        8.000        5.000       17.000       18.000
    65:       14.000       10.000       19.000       11.000        6.000
    70:        1.000        2.000        4.000       22.000       24.000
    75:       12.000       13.000        8.000        5.000       17.000
    80:       18.000       14.000       10.000       19.000       11.000
    85:        6.000        6.000        2.000        4.000       22.000
    90:       24.000       12.000       13.000        8.000        5.000
    95:       17.000       18.000       14.000       10.000       19.000
   100:       11.000        1.000        2.000        4.000       22.000
   105:       24.000       12.000       13.000        8.000        5.000
   110:       17.000       18.000       14.000       10.000        6.000
   115:       19.000       11.000        6.000        2.000        4.000
   120:       22.000       24.000       12.000       13.000        8.000
   125:        5.000       17.000       21.000       22.000       18.000
   130:       21.000       22.000       14.000       10.000       19.000
   135:       11.000        1.000        6.000        2.000        4.000
   140:       22.000       24.000       12.000       13.000        8.000
   145:        5.000       17.000       18.000       14.000       10.000
   150:       19.000       11.000        6.000        6.000        2.000
   155:        4.000       22.000       24.000       12.000       13.000
   160:        8.000        5.000       17.000        6.000       18.000
   165:        6.000       14.000       10.000       19.000       11.000
   170:        6.000        2.000        4.000       22.000       24.000
   175:       12.000       13.000        8.000        5.000       17.000
   180:        6.000        6.000        6.000       18.000        6.000
   185:       14.000       10.000        6.000       21.000       22.000
   190:       21.000       22.000       19.000       11.000        2.000
   195:        4.000       22.000       24.000       12.000       13.000
   200:        8.000        5.000       17.000       18.000       14.000
   205:       10.000       21.000       22.000       19.000       11.000
   210:        6.000        6.000        6.000        1.000        1.000
   215:        1.000        1.000        1.000        2.000        4.000
   220:       22.000       24.000       12.000       13.000        8.000
   225:        5.000       17.000       21.000       22.000       18.000
   230:       20.000       20.000       14.000       10.000       20.000
   235:       19.000       11.000        6.000        6.000        6.000
   240:        6.000        6.000        6.000        6.000        2.000
   245:        4.000       22.000       24.000       12.000       13.000
   250:        8.000        5.000       17.000        6.000       18.000
   255:       14.000       10.000       19.000       11.000        6.000
   260:        6.000        6.000        2.000        4.000       22.000
   265:       24.000       12.000       13.000        8.000        5.000
   270:       17.000       18.000       14.000       10.000       19.000
   275:       11.000        6.000        6.000        6.000        1.000
   280:        6.000        6.000        2.000        4.000       22.000
   285:       24.000       12.000       13.000        8.000        5.000
   290:       17.000       18.000       20.000       14.000       10.000
   295:       19.000       11.000        2.000        4.000       22.000
   300:       24.000       12.000       13.000        8.000        5.000
   305:       17.000       18.000       14.000       10.000       19.000
   310:       11.000        6.000        6.000        6.000        6.000
   315:        6.000        6.000        6.000        2.000        4.000
   320:       22.000       24.000       12.000       13.000        8.000
   325:        5.000       17.000        6.000        6.000       18.000
   330:       14.000       10.000        6.000       19.000       11.000
   335:        2.000        4.000       22.000       24.000       12.000
   340:       13.000        8.000        5.000       17.000       21.000
   345:       22.000       18.000       14.000       10.000       19.000
   350:       11.000        6.000        6.000      100.000
T:
     0:        0.000        0.000        0.000        0.000       32.630
     5:       78.060       78.600       80.190       87.050      120.360
    10:      275.410      335.630      398.780      430.400      436.560
    15:      475.700      512.040      514.380      514.710      563.030
    20:      601.470      601.470      601.470      601.480      601.480
    25:      601.480      601.480      601.480      601.480      605.480
    30:      606.480      606.480      611.470      611.480      628.140
    35:      628.140      628.140      628.150      628.150      628.150
    40:      628.150      628.150      628.150      632.150      632.810
    45:      633.150      633.150      635.080      638.140      638.150
    50:      657.980      660.540      798.190      798.220      798.560
    55:      869.640      869.640      869.640      869.650      869.650
    60:      869.650      869.650      869.650      869.650      873.650
    65:      874.650      874.650      879.640      879.650      934.880
    70:      944.370      951.580      951.580      951.580      951.590
    75:      951.590      951.590      951.590      951.590      951.590
    80:      955.590      956.590      956.590      961.580      961.590
    85:      967.770      968.630      980.270      980.270      980.270
    90:      980.280      980.280      980.280      980.280      980.280
    95:      980.280      984.280      985.280      985.280      990.270
   100:      990.280     1011.530     1014.010     1014.010     1014.010
   105:     1014.020     1014.020     1014.020     1014.020     1014.020
   110:     1014.020     1018.020     1019.020     1019.020     1020.420
   115:     1024.010     1024.020     1024.700     1029.920     1029.920
   120:     1029.920     1029.930     1029.930     1029.930     1029.930
   125:     1029.930     1029.930     1033.380     1033.380     1033.930
   130:     1034.070     1034.070     1034.930     1034.930     1039.920
   135:     1039.930     1167.700     1507.920     1524.350     1524.350
   140:     1524.350     1524.360     1524.360     1524.360     1524.360
   145:     1524.360     1524.360     1528.360     1529.360     1529.360
   150:     1534.350     1534.360     1538.970     1539.030     1773.460
   155:     1773.460     1773.460     1773.470     1773.470     1773.470
   160:     1773.470     1773.470     1773.470     1777.450     1777.470
   165:     1777.580     1778.470     1778.470     1783.460     1783.470
   170:     1831.670     1890.380     1890.380     1890.380     1890.390
   175:     1890.390     1890.390     1890.390     1890.390     1890.390
   180:     1893.030     1893.180     1893.240     1894.390     1894.810
   185:     1895.390     1895.390     1895.650     1898.990     1898.990
   190:     1900.280     1900.280     1900.380     1900.390     2000.040
   195:     2000.040     2000.040     2000.050     2000.050     2000.050
   200:     2000.050     2000.050     2000.050     2004.050     2005.050
   205:     2005.050     2007.040     2007.040     2010.040     2010.050
   210:     2015.540     2045.020     2045.470     2184.790     2185.550
   215:     2187.240     2187.690     2187.750     2205.090     2205.090
   220:     2205.090     2205.100     2205.100     2205.100     2205.100
   225:     2205.100     2205.100     2205.310     2205.310     2209.100
   230:     2209.660     2209.880     2210.100     2210.100     2210.900
   235:     2215.090     2215.100     2223.030     2224.570     2314.750
   240:     2314.950     2315.220     2315.470     2316.150     2508.620
   245:     2508.620     2508.620     2508.630     2508.630     2508.630
   250:     2508.630     2508.630     2508.630     2510.370     2512.630
   255:     2513.630     2513.630     2518.620     2518.630     2518.820
   260:     2531.010     2550.290     2555.500     2555.500     2555.500
   265:     2555.510     2555.510     2555.510     2555.510     2555.510
   270:     2555.510     2559.510     2560.510     2560.510     2565.500
   275:     2565.510     2592.240     2616.530     2617.900     2697.540
   280:     2825.700     2845.370     2857.010     2857.010     2857.010
   285:     2857.020     2857.020     2857.020     2857.020     2857.020
   290:     2857.020     2861.020     2861.850     2862.020     2862.020
   295:     2867.010     2867.020     3033.700     3033.700     3033.700
   300:     3033.710     3033.710     3033.710     3033.710     3033.710
   305:     3033.710     3037.710     3038.710     3038.710     3043.700
   310:     3043.710     3252.440     3252.660     3252.980     3253.500
   315:     3254.290     3254.520     3255.180     3259.870     3259.870
   320:     3259.870     3259.880     3259.880     3259.880     3259.880
   325:     3259.880     3259.880     3262.650     3263.270     3263.880
   330:     3264.880     3264.880     3266.570     3269.870     3269.880
   335:     3291.020     3291.020     3291.020     3291.030     3291.030
   340:     3291.030     3291.030     3291.030     3291.030     3291.510
   345:     3291.510     3295.030     3296.030     3296.030     3301.020
   350:     3301.030     3463.210     3463.680     3600.000
