File: C:\MED-PC\Data\2024-10-21_09h58m_Subject 41.txt


Start Date: 10/21/24
End Date: 10/21/24
Subject: 41
Experiment: OralFentSA
Group: One
Box: 9
Start Time: 09:58:04
End Time: 12:58:26
MSN: 20241014_Golden_Liq_SelfAdmin
F:       0.000
G:     853.000
H:   10800.000
I:       0.000
J:       0.000
K:       0.000
L:       0.000
M:       0.000
N:       0.000
O:       0.000
P:       0.000
Q:       0.000
R:       0.000
S:       0.000
U:       0.000
V:       0.000
W:       0.000
X:       0.000
Y:       0.000
Z:       0.000
A:
     0:        0.000        0.000      180.000        4.000        0.000
     5:        5.000        0.000        5.000        0.000        0.000
    10:        1.000        0.000       10.000      600.000       19.100
    15:        1.000      640.000        0.000        0.000        0.000
    20:        0.000
B:
     0:        0.000        0.000        0.000      400.000        0.000
     5:      500.000        0.000      500.000        0.000        0.000
    10:        0.000        0.000     1000.000    60000.000        0.000
    15:        0.000        0.000        0.000        0.000        0.000
    20:        0.000
C:
     0:       33.000       34.000       21.000       31.000      370.000
     5:    10392.020      546.830       23.000     1439.930       62.606
    10:       31.000       21.000       10.000        0.000        0.000
    15:        0.000        0.000        0.000        0.000        0.000
    20:        0.000
D:
     0:       20.040       46.590        7.570       11.310        9.220
     5:      113.380       24.830       48.820       59.520      124.400
    10:        5.110       82.540       13.120       41.870        1.610
    15:        3.450       15.340        8.030       63.110       27.380
    20:       11.420      154.440      546.830
E:
     0:       19.000       11.000       26.000       27.000        1.000
     5:        2.000        4.000       22.000       24.000       12.000
    10:       13.000        8.000        5.000       17.000       18.000
    15:       14.000       10.000       21.000       22.000       19.000
    20:       11.000        6.000        6.000        6.000        6.000
    25:        2.000        4.000       22.000       24.000       12.000
    30:       13.000        8.000        5.000       17.000       18.000
    35:       14.000       10.000       19.000       11.000        1.000
    40:        6.000        6.000        1.000        2.000        4.000
    45:       22.000       24.000       12.000       13.000        8.000
    50:        5.000       17.000       18.000       14.000       10.000
    55:        6.000       19.000       11.000        6.000        6.000
    60:        6.000        6.000        6.000        6.000        6.000
    65:        6.000        6.000        6.000        6.000        6.000
    70:        6.000        6.000        6.000        6.000        1.000
    75:        2.000        4.000       22.000       24.000       12.000
    80:       13.000        8.000        5.000       17.000       18.000
    85:       14.000       10.000       19.000       11.000        1.000
    90:        2.000        4.000       22.000       24.000       12.000
    95:       13.000        8.000        5.000       17.000       18.000
   100:       14.000       10.000       19.000       11.000        6.000
   105:        6.000        6.000        6.000        6.000        6.000
   110:        6.000        6.000        6.000        6.000        6.000
   115:        6.000        6.000        6.000        6.000        6.000
   120:        6.000        6.000        6.000        6.000        6.000
   125:        6.000        6.000        6.000        1.000        6.000
   130:        1.000        6.000        6.000        6.000        6.000
   135:        6.000        6.000        6.000        6.000        6.000
   140:        6.000        6.000        6.000        6.000        6.000
   145:        6.000        6.000        6.000        6.000        6.000
   150:        6.000        2.000        4.000       22.000       24.000
   155:       12.000       13.000        8.000        5.000       17.000
   160:       18.000       21.000       22.000       14.000       10.000
   165:        6.000        6.000        6.000       19.000       11.000
   170:        6.000        1.000        6.000        6.000        6.000
   175:        6.000        2.000        4.000       22.000       24.000
   180:       12.000       13.000        8.000        5.000       17.000
   185:       18.000       21.000       22.000       14.000       10.000
   190:       19.000       11.000        2.000        4.000       22.000
   195:       24.000       12.000       13.000        8.000        5.000
   200:       17.000       21.000       22.000       18.000       14.000
   205:       10.000       19.000       11.000        1.000        6.000
   210:        6.000        6.000        6.000        2.000        4.000
   215:       22.000       24.000       12.000       13.000        8.000
   220:        5.000       17.000       18.000       14.000       10.000
   225:       19.000       11.000        6.000        6.000        6.000
   230:        6.000        6.000        6.000        2.000        4.000
   235:       22.000       24.000       12.000       13.000        8.000
   240:        5.000       17.000       18.000       21.000       22.000
   245:       14.000       10.000       19.000       11.000        2.000
   250:        4.000       22.000       24.000       12.000       13.000
   255:        8.000        5.000       17.000       18.000       14.000
   260:       10.000       19.000       11.000        1.000        6.000
   265:        6.000        6.000        6.000        6.000        6.000
   270:        2.000        4.000       22.000       24.000       12.000
   275:       13.000        8.000        5.000       17.000       18.000
   280:       14.000       10.000       19.000       11.000        1.000
   285:        1.000        1.000        1.000        1.000        6.000
   290:        6.000        2.000        4.000       22.000       24.000
   295:       12.000       13.000        8.000        5.000       17.000
   300:       18.000       14.000       10.000       21.000       22.000
   305:       19.000       11.000        6.000        6.000        6.000
   310:        6.000        6.000        6.000        6.000        6.000
   315:        6.000        6.000        2.000        4.000       22.000
   320:       24.000       12.000       13.000        8.000        5.000
   325:       17.000       18.000       14.000       10.000        6.000
   330:        6.000        6.000        6.000       19.000       11.000
   335:        6.000        6.000        1.000        1.000        6.000
   340:        6.000        6.000        2.000        4.000       22.000
   345:       24.000       12.000       13.000        8.000        5.000
   350:       17.000       21.000       22.000       18.000       14.000
   355:       10.000       19.000       11.000        6.000        6.000
   360:        6.000        6.000        6.000        6.000        6.000
   365:        6.000        6.000        2.000        4.000       22.000
   370:       24.000       12.000       13.000        8.000        5.000
   375:       17.000       18.000       14.000       10.000       19.000
   380:       11.000        6.000        6.000        6.000        6.000
   385:        6.000        6.000        6.000        6.000        6.000
   390:        6.000        6.000        6.000        6.000        6.000
   395:        6.000        6.000        6.000        6.000        6.000
   400:        6.000        6.000        6.000        6.000        6.000
   405:        6.000        6.000        2.000        4.000       22.000
   410:       24.000       12.000       13.000        8.000        5.000
   415:       17.000       18.000       14.000       10.000       19.000
   420:       11.000        2.000        4.000       22.000       24.000
   425:       12.000       13.000        8.000        5.000       17.000
   430:       18.000       14.000       10.000       19.000       11.000
   435:        6.000        6.000        1.000        6.000        6.000
   440:        6.000        6.000        6.000        6.000        6.000
   445:        6.000        6.000        1.000       25.000       24.000
   450:       12.000       13.000        8.000        5.000       17.000
   455:        6.000       18.000       14.000       10.000       19.000
   460:       11.000        6.000        6.000        6.000        6.000
   465:        6.000        6.000        6.000        6.000        6.000
   470:        6.000        6.000        6.000        6.000        6.000
   475:        6.000        6.000       25.000       24.000       12.000
   480:       13.000        8.000        5.000       17.000        6.000
   485:        6.000       18.000        6.000        6.000       14.000
   490:       10.000        6.000       19.000       11.000        6.000
   495:        6.000        6.000        6.000        6.000        6.000
   500:        6.000        6.000        6.000        6.000        6.000
   505:        6.000        6.000        6.000        6.000        6.000
   510:        6.000        6.000        6.000        6.000        6.000
   515:        6.000        6.000        6.000        6.000        6.000
   520:        6.000        6.000        6.000        6.000        6.000
   525:        6.000        6.000        6.000        6.000        6.000
   530:        6.000        6.000        6.000        6.000        6.000
   535:       25.000       24.000       12.000       13.000        8.000
   540:        5.000       17.000       18.000       14.000       10.000
   545:       19.000       11.000        6.000        2.000        4.000
   550:       22.000       24.000       12.000       13.000        8.000
   555:        5.000       17.000       18.000       14.000       10.000
   560:        6.000       19.000       11.000        6.000        6.000
   565:        6.000        6.000        6.000        6.000        6.000
   570:        6.000        6.000        6.000        6.000        6.000
   575:        6.000        6.000        6.000        6.000       25.000
   580:       24.000       12.000       13.000        8.000        5.000
   585:       17.000       18.000       14.000       10.000       19.000
   590:       11.000        6.000        6.000        6.000        6.000
   595:        6.000        6.000        6.000        6.000        6.000
   600:        6.000        6.000        6.000        6.000        6.000
   605:        6.000        6.000        6.000        6.000        6.000
   610:        6.000        6.000        6.000        6.000        6.000
   615:        6.000        6.000        6.000        6.000        6.000
   620:        6.000        6.000        6.000        6.000        6.000
   625:        6.000        6.000        6.000        6.000        6.000
   630:        6.000        6.000        6.000        6.000        6.000
   635:       25.000       24.000       12.000       13.000        8.000
   640:        5.000       17.000       18.000       14.000       10.000
   645:       19.000       11.000        2.000        4.000       22.000
   650:       24.000       12.000       13.000        8.000        5.000
   655:       17.000       18.000       14.000       10.000       19.000
   660:       11.000        2.000        4.000       22.000       24.000
   665:       12.000       13.000        8.000        5.000       17.000
   670:       18.000       14.000       10.000       19.000       11.000
   675:        6.000        6.000        6.000        6.000        1.000
   680:        6.000        6.000        6.000        6.000        6.000
   685:        6.000        6.000        6.000        6.000        6.000
   690:        6.000        6.000        6.000        6.000        6.000
   695:        2.000        4.000       22.000       24.000       12.000
   700:       13.000        8.000        5.000       17.000       18.000
   705:       14.000       10.000       19.000       11.000        6.000
   710:        6.000        6.000        6.000        6.000        6.000
   715:        6.000        6.000        6.000        6.000        6.000
   720:        6.000        6.000        6.000        6.000        6.000
   725:        6.000        6.000        6.000        6.000        6.000
   730:        6.000        6.000        6.000        6.000        6.000
   735:       25.000       24.000       12.000       13.000        8.000
   740:        5.000       17.000       18.000       14.000       10.000
   745:       19.000       11.000        6.000        6.000        6.000
   750:        6.000        6.000        6.000        6.000        6.000
   755:        6.000        6.000        6.000        6.000        6.000
   760:        6.000        6.000        6.000        6.000        6.000
   765:        6.000        6.000        6.000        6.000        1.000
   770:        6.000        6.000        6.000        6.000        6.000
   775:        6.000        6.000        6.000        6.000       25.000
   780:       24.000       12.000       13.000        8.000        5.000
   785:       17.000       18.000       14.000       10.000       19.000
   790:       11.000        6.000        6.000        6.000        6.000
   795:        6.000        6.000        6.000        6.000        6.000
   800:        6.000       25.000       24.000       12.000       13.000
   805:        8.000        5.000       17.000       18.000       14.000
   810:       10.000       19.000       11.000        2.000        4.000
   815:       22.000       24.000       12.000       13.000        8.000
   820:        5.000       17.000       18.000       14.000       10.000
   825:       21.000       22.000       19.000       11.000       25.000
   830:       24.000       12.000       13.000        8.000        5.000
   835:       17.000       18.000       14.000       10.000       19.000
   840:       11.000       25.000       24.000       12.000       13.000
   845:        8.000        5.000       17.000       18.000       14.000
   850:       10.000       19.000       11.000      100.000
T:
     0:        0.000        0.000        0.000        0.000       58.290
     5:       65.210       65.210       65.210       65.220       65.220
    10:       65.220       65.220       65.220       65.220       69.220
    15:       70.220       70.220       75.180       75.180       75.210
    20:       75.220       85.260       85.820       87.240       87.410
    25:      102.850      102.850      102.850      102.860      102.860
    30:      102.860      102.860      102.860      102.860      106.860
    35:      107.860      107.860      112.850      112.860      140.490
    40:      149.450      149.640      188.760      197.340      197.340
    45:      197.340      197.350      197.350      197.350      197.350
    50:      197.350      197.350      201.350      202.350      202.350
    55:      204.920      207.340      207.350      208.590      208.930
    60:      213.400      213.530      213.820      216.110      222.710
    65:      233.090      244.540      244.970      245.880      248.400
    70:      251.580      259.650      259.730      264.560      273.970
    75:      302.430      302.430      302.430      302.440      302.440
    80:      302.440      302.440      302.440      302.440      306.440
    85:      307.440      307.440      312.430      312.440      321.310
    90:      330.810      330.810      330.810      330.820      330.820
    95:      330.820      330.820      330.820      330.820      334.820
   100:      335.820      335.820      340.810      340.820      342.130
   105:      342.240      344.740      344.970      397.890      397.920
   110:      441.130      441.830      453.880      457.100      457.180
   115:      458.060      478.230      479.770      486.490      491.290
   120:      492.970      493.310      494.050      497.030      497.050
   125:      497.110      536.590      537.020      553.560      622.580
   130:      641.070      651.570      657.950      658.260      658.450
   135:      661.730      662.320      666.650      676.360      678.290
   140:      678.350      678.560      678.740      678.810      679.140
   145:      680.340      686.330      692.000      693.090      693.440
   150:      697.290      707.310      707.310      707.310      707.320
   155:      707.320      707.320      707.320      707.320      707.320
   160:      711.320      711.730      711.730      712.320      712.320
   165:      716.540      716.770      716.980      717.310      717.320
   170:      745.900      876.820      906.100      907.090      907.560
   175:      907.990      913.360      913.360      913.360      913.370
   180:      913.370      913.370      913.370      913.370      913.370
   185:      917.370      918.220      918.220      918.370      918.370
   190:      923.360      923.370      923.870      923.870      923.870
   195:      923.880      923.880      923.880      923.880      923.880
   200:      923.880      927.640      927.640      927.880      928.880
   205:      928.880      933.870      933.880     1010.510     1037.260
   210:     1037.860     1045.770     1055.100     1059.170     1059.170
   215:     1059.170     1059.180     1059.180     1059.180     1059.180
   220:     1059.180     1059.180     1063.180     1064.180     1064.180
   225:     1069.170     1069.180     1084.010     1085.390     1158.050
   230:     1159.120     1159.240     1173.580     1215.280     1215.280
   235:     1215.280     1215.290     1215.290     1215.290     1215.290
   240:     1215.290     1215.290     1219.290     1219.800     1219.800
   245:     1220.290     1220.290     1225.280     1225.290     1226.620
   250:     1226.620     1226.620     1226.630     1226.630     1226.630
   255:     1226.630     1226.630     1226.630     1230.630     1231.630
   260:     1231.630     1236.620     1236.630     1238.260     1275.450
   265:     1275.530     1276.360     1283.000     1283.640     1285.390
   270:     1387.340     1387.340     1387.340     1387.350     1387.350
   275:     1387.350     1387.350     1387.350     1387.350     1391.350
   280:     1392.350     1392.350     1397.340     1397.350     1413.340
   285:     1416.250     1421.760     1422.790     1424.460     1446.870
   290:     1447.270     1490.840     1490.840     1490.840     1490.850
   295:     1490.850     1490.850     1490.850     1490.850     1490.850
   300:     1494.850     1495.850     1495.850     1500.690     1500.690
   305:     1500.840     1500.850     1615.250     1676.040     1849.570
   310:     1851.290     1865.390     1880.480     1880.780     1976.310
   315:     1988.690     1989.560     2004.430     2004.430     2004.430
   320:     2004.440     2004.440     2004.440     2004.440     2004.440
   325:     2004.440     2008.440     2009.440     2009.440     2009.550
   330:     2012.720     2012.740     2013.060     2014.430     2014.440
   335:     2015.150     2051.000     2066.040     2077.380     2155.350
   340:     2201.250     2509.600     2584.350     2584.350     2584.350
   345:     2584.360     2584.360     2584.360     2584.360     2584.360
   350:     2584.360     2587.390     2587.390     2588.360     2589.360
   355:     2589.360     2594.350     2594.360     2666.900     2675.030
   360:     2693.620     2722.650     2722.690     2724.540     2725.200
   365:     2726.410     2769.020     2953.540     2953.540     2953.540
   370:     2953.550     2953.550     2953.550     2953.550     2953.550
   375:     2953.550     2957.550     2958.550     2958.550     2963.540
   380:     2963.550     2966.670     3031.710     3032.370     3032.570
   385:     3032.950     3033.700     3060.830     3064.570     3195.840
   390:     3195.930     3296.420     3369.490     3393.260     3393.410
   395:     3403.920     3404.140     3404.940     3405.070     3405.360
   400:     3406.150     3406.510     3407.510     3407.740     3407.990
   405:     3408.350     3410.530     3427.630     3427.630     3427.630
   410:     3427.640     3427.640     3427.640     3427.640     3427.640
   415:     3427.640     3431.640     3432.640     3432.640     3437.630
   420:     3437.640     3469.050     3469.050     3469.050     3469.060
   425:     3469.060     3469.060     3469.060     3469.060     3469.060
   430:     3473.060     3474.060     3474.060     3479.050     3479.060
   435:     3510.930     3538.860     3635.490     3708.080     3708.300
   440:     3708.630     3709.780     3710.290     3710.530     3718.090
   445:     3794.620     3794.990     3813.960     4079.050     4079.060
   450:     4079.060     4079.060     4079.060     4079.060     4079.060
   455:     4080.670     4083.060     4084.060     4084.060     4089.050
   460:     4089.060     4095.370     4145.130     4145.530     4528.280
   465:     4528.770     4530.610     4545.640     4545.880     4545.970
   470:     4554.170     4603.520     4612.730     4612.800     4615.660
   475:     4667.480     4671.550     4689.050     4689.060     4689.060
   480:     4689.060     4689.060     4689.060     4689.060     4692.510
   485:     4692.930     4693.060     4693.170     4693.340     4694.060
   490:     4694.060     4695.880     4699.050     4699.060     4812.660
   495:     4818.900     4819.710     4822.670     4823.160     4823.580
   500:     4824.930     4825.750     4826.410     4830.510     4831.030
   505:     4835.710     4835.850     4836.880     4848.580     4848.710
   510:     4848.840     4848.960     4849.120     4849.390     4850.200
   515:     4853.260     4853.480     4855.640     4855.730     4855.850
   520:     4855.950     4856.030     4859.460     4859.930     4861.740
   525:     4862.650     4863.070     4899.080     4899.440     5037.970
   530:     5067.780     5297.770     5297.870     5298.070     5298.740
   535:     5299.050     5299.060     5299.060     5299.060     5299.060
   540:     5299.060     5299.060     5303.060     5304.060     5304.060
   545:     5309.050     5309.060     5314.400     5353.580     5353.580
   550:     5353.580     5353.590     5353.590     5353.590     5353.590
   555:     5353.590     5353.590     5357.590     5358.590     5358.590
   560:     5361.620     5363.580     5363.590     5368.150     5369.400
   565:     5599.210     5599.240     5599.650     5600.210     5604.510
   570:     5604.820     5605.940     5611.380     5616.430     5616.690
   575:     5702.050     5743.290     5805.890     5806.410     5963.580
   580:     5963.590     5963.590     5963.590     5963.590     5963.590
   585:     5963.590     5967.590     5968.590     5968.590     5973.580
   590:     5973.590     6026.700     6027.000     6027.390     6029.350
   595:     6032.810     6034.440     6039.190     6039.960     6041.530
   600:     6041.620     6042.070     6042.440     6106.260     6108.190
   605:     6116.700     6175.620     6176.550     6231.810     6233.970
   610:     6234.150     6235.610     6235.710     6236.740     6237.160
   615:     6237.800     6238.340     6238.410     6238.560     6239.350
   620:     6246.260     6246.560     6247.680     6248.340     6251.520
   625:     6252.280     6252.520     6489.200     6489.250     6489.650
   630:     6489.820     6548.610     6548.690     6548.820     6548.920
   635:     6573.580     6573.590     6573.590     6573.590     6573.590
   640:     6573.590     6573.590     6577.590     6578.590     6578.590
   645:     6583.580     6583.590     6598.940     6598.940     6598.940
   650:     6598.950     6598.950     6598.950     6598.950     6598.950
   655:     6598.950     6602.950     6603.950     6603.950     6608.940
   660:     6608.950     6619.310     6619.310     6619.310     6619.320
   665:     6619.320     6619.320     6619.320     6619.320     6619.320
   670:     6623.320     6624.320     6624.320     6629.310     6629.320
   675:     6646.700     6660.060     6672.400     6672.890     6695.360
   680:     6739.850     6740.340     6744.140     6744.410     6779.340
   685:     6839.120     6839.190     6841.040     6841.530     6844.400
   690:     6847.190     6855.430     6856.850     6862.190     6863.800
   695:     6889.550     6889.550     6889.550     6889.560     6889.560
   700:     6889.560     6889.560     6889.560     6889.560     6893.560
   705:     6894.560     6894.560     6899.550     6899.560     6900.980
   710:     6901.570     6901.920     6902.060     6902.250     6906.540
   715:     6907.790     6912.410     6914.070     6915.820     6918.370
   720:     6926.090     6926.990     7206.820     7207.250     7312.610
   725:     7312.770     7313.110     7352.240     7352.440     7352.860
   730:     7359.320     7374.740     7375.070     7377.630     7438.480
   735:     7499.550     7499.560     7499.560     7499.560     7499.560
   740:     7499.560     7499.560     7503.560     7504.560     7504.560
   745:     7509.550     7509.560     7654.000     7654.270     7659.350
   750:     7700.450     7778.830     7779.060     7780.650     7780.950
   755:     7781.630     7784.650     7794.310     7798.420     7798.660
   760:     7809.980     7814.700     7814.930     7815.440     7815.500
   765:     7823.370     7824.670     7839.480     7843.840     7857.970
   770:     8035.570     8035.730     8036.150     8036.710     8037.030
   775:     8038.610     8038.740     8042.000     8043.340     8109.550
   780:     8109.560     8109.560     8109.560     8109.560     8109.560
   785:     8109.560     8113.560     8114.560     8114.560     8119.550
   790:     8119.560     8656.390     8656.500     8661.190     8661.340
   795:     8662.320     8663.670     8663.850     8679.940     8693.030
   800:     8696.890     8719.550     8719.560     8719.560     8719.560
   805:     8719.560     8719.560     8719.560     8723.560     8724.560
   810:     8724.560     8729.550     8729.560     9172.010     9172.010
   815:     9172.010     9172.020     9172.020     9172.020     9172.020
   820:     9172.020     9172.020     9176.020     9177.020     9177.020
   825:     9180.600     9180.600     9182.010     9182.020     9782.010
   830:     9782.020     9782.020     9782.020     9782.020     9782.020
   835:     9782.020     9786.020     9787.020     9787.020     9792.010
   840:     9792.020    10392.010    10392.020    10392.020    10392.020
   845:    10392.020    10392.020    10392.020    10396.020    10397.020
   850:    10397.020    10402.010    10402.020    10800.000
