File: C:\MED-PC\Data\2024-11-13_09h51m_Subject 38.txt


Start Date: 11/13/24
End Date: 11/13/24
Subject: 38
Experiment: OralFentSA
Group: One
Box: 6
Start Time: 09:51:50
End Time: 12:50:05
MSN: Golden_Liq_SelfAdmin_EXT
F:       0.000
G:     484.000
H:   10598.100
I:       0.000
J:       0.000
K:       0.000
L:       0.000
M:       0.000
N:       0.000
O:       0.000
P:       0.000
Q:       0.000
R:       0.000
S:       0.000
U:       0.000
V:       0.000
W:       0.000
X:       0.000
Y:       0.000
Z:       0.000
A:
     0:        0.000        0.000      180.000        4.000        0.000
     5:        5.000        0.000        5.000        0.000        0.000
    10:        1.000        0.000       10.000   100000.000       25.000
    15:       18.000      600.000        0.000        0.000        0.000
    20:        0.000
B:
     0:        0.000        0.000        0.000        0.000        0.000
     5:        0.000        0.000        0.000        0.000        0.000
    10:        0.000        0.000     1000.000 10000000.000        0.000
    15:        0.000        0.000        0.000        0.000        0.000
    20:        0.000
C:
     0:        0.000        3.000        2.000        4.000      460.000
     5:     5052.080       22.380        2.000       97.740       48.870
    10:        4.000        2.000        0.000        0.000        0.000
    15:        0.000        0.000        0.000        0.000        0.000
    20:        0.000
D:
     0:       75.360       22.380
E:
     0:       19.000       11.000       26.000       27.000        6.000
     5:        6.000        6.000        6.000        6.000        6.000
    10:        6.000        2.000        4.000       22.000       24.000
    15:       12.000       21.000       22.000       21.000       22.000
    20:       19.000       11.000        6.000        6.000        6.000
    25:        6.000        6.000        6.000        6.000        6.000
    30:        6.000        6.000        6.000        6.000        6.000
    35:        1.000        6.000        6.000        6.000        6.000
    40:        6.000        6.000        6.000        6.000        6.000
    45:        6.000        6.000        6.000        6.000        6.000
    50:        6.000        6.000        6.000        6.000        6.000
    55:        6.000        6.000        6.000        6.000        6.000
    60:        6.000        6.000        6.000        6.000        6.000
    65:        6.000        6.000        6.000        6.000        6.000
    70:        6.000        6.000        6.000        6.000        6.000
    75:        6.000        6.000        6.000        6.000        6.000
    80:        6.000        1.000        6.000        6.000        6.000
    85:        6.000        6.000        6.000        6.000        6.000
    90:        6.000        6.000        6.000        6.000        6.000
    95:        6.000        6.000        6.000        6.000        6.000
   100:        6.000        6.000        6.000        6.000        6.000
   105:        6.000        6.000        6.000        6.000        6.000
   110:        6.000        6.000        6.000        6.000        6.000
   115:        6.000        6.000        6.000        6.000        6.000
   120:        6.000        6.000        6.000        6.000        6.000
   125:        6.000        6.000        6.000        6.000        6.000
   130:        6.000        6.000        6.000        6.000        6.000
   135:        6.000        6.000        6.000        6.000        6.000
   140:        6.000        6.000        6.000        6.000        6.000
   145:        6.000        6.000        6.000        6.000        6.000
   150:        6.000        6.000        6.000        6.000        6.000
   155:        6.000        6.000        6.000        6.000        2.000
   160:        4.000       22.000       24.000       12.000       19.000
   165:       11.000        6.000        6.000        6.000        6.000
   170:        6.000        6.000        6.000        6.000        6.000
   175:        6.000        6.000        6.000        6.000        6.000
   180:        6.000        6.000        6.000        6.000        6.000
   185:        6.000        6.000        6.000        6.000        6.000
   190:        6.000        6.000        6.000        6.000        6.000
   195:        6.000        6.000        6.000        6.000        6.000
   200:        6.000        6.000        6.000        6.000        6.000
   205:        6.000        6.000        6.000        6.000        6.000
   210:        6.000        6.000        6.000        6.000        6.000
   215:        6.000        6.000        6.000        6.000        6.000
   220:        6.000        6.000        6.000        6.000        6.000
   225:        6.000        6.000        6.000        6.000        6.000
   230:        6.000        6.000        6.000        6.000        6.000
   235:        6.000        6.000        6.000        6.000        6.000
   240:        6.000        6.000        6.000        6.000        6.000
   245:        6.000        6.000        6.000        6.000        6.000
   250:        6.000        6.000        6.000        6.000        6.000
   255:        6.000        6.000        6.000        6.000        6.000
   260:        6.000        6.000        6.000        6.000        6.000
   265:        6.000        6.000        6.000        6.000        6.000
   270:        6.000        6.000        6.000        6.000        6.000
   275:        6.000        6.000        6.000        6.000        6.000
   280:        6.000        6.000        6.000        6.000        6.000
   285:        6.000        6.000        6.000        6.000        6.000
   290:        6.000        6.000        6.000        6.000        6.000
   295:        6.000        6.000        6.000        6.000        6.000
   300:        6.000        6.000        6.000        6.000        6.000
   305:        6.000        6.000        6.000        6.000        6.000
   310:        6.000        6.000        6.000        6.000        6.000
   315:        6.000        6.000        6.000        6.000        6.000
   320:        6.000        6.000        6.000        6.000        6.000
   325:        6.000        6.000        6.000        6.000        6.000
   330:        6.000        6.000        6.000        6.000        6.000
   335:        6.000        6.000        6.000        6.000        6.000
   340:        6.000        6.000        6.000        6.000        6.000
   345:        6.000        6.000        6.000        6.000        6.000
   350:        6.000        6.000        6.000        6.000        6.000
   355:        6.000        6.000        6.000        6.000        6.000
   360:        6.000        6.000        6.000        6.000        6.000
   365:        6.000        6.000        6.000        6.000        6.000
   370:        6.000        6.000        6.000        6.000        6.000
   375:        6.000        6.000        6.000        6.000        6.000
   380:        6.000        6.000        6.000        6.000        6.000
   385:        6.000        6.000        6.000        6.000        6.000
   390:        6.000        6.000        6.000        6.000        6.000
   395:        6.000        6.000        6.000        6.000        6.000
   400:        6.000        6.000        6.000        6.000        6.000
   405:        6.000        6.000        6.000        6.000        6.000
   410:        6.000        6.000        6.000        6.000        6.000
   415:        6.000        6.000        6.000        6.000        6.000
   420:        6.000        6.000        6.000        6.000        6.000
   425:        6.000        6.000        6.000        6.000        6.000
   430:        6.000        6.000        6.000        6.000        6.000
   435:        6.000        6.000        6.000        6.000        6.000
   440:        6.000        6.000        6.000        6.000        6.000
   445:        6.000        6.000        6.000        6.000        6.000
   450:        6.000        6.000        6.000        6.000        6.000
   455:        6.000        6.000        6.000        6.000        6.000
   460:        6.000        6.000        6.000        6.000        6.000
   465:        6.000        6.000        6.000        6.000        6.000
   470:        6.000        6.000        6.000        6.000        6.000
   475:        6.000        6.000        6.000        6.000        6.000
   480:        6.000        6.000        6.000        6.000
T:
     0:        0.000        0.000        0.000        0.000       32.260
     5:       32.390       66.230       71.620       73.450       74.020
    10:      231.740      257.920      257.920      257.920      257.930
    15:      257.930      258.560      258.560      259.040      259.040
    20:      267.920      267.930      333.290      351.090      412.760
    25:      715.360      879.470      880.780      924.250     1042.970
    30:     1156.610     1317.550     1387.490     1387.650     1388.910
    35:     1398.860     1445.590     1446.630     1449.320     1459.550
    40:     1462.220     1481.590     1482.600     1522.350     1522.540
    45:     1522.640     1582.340     1582.440     1582.610     1584.320
    50:     1584.750     1585.940     1586.440     1624.860     1805.210
    55:     1881.520     1881.770     1968.950     2110.860     2134.070
    60:     2134.160     2134.440     2134.610     2432.700     2447.080
    65:     2452.160     2730.760     2816.110     2889.550     2893.610
    70:     2894.790     2894.960     2896.160     2896.260     2902.920
    75:     2903.160     2914.210     2918.150     2919.510     2919.860
    80:     2922.740     2991.740     3028.460     3032.270     3038.870
    85:     3039.090     3042.970     3046.000     3073.850     3076.700
    90:     3079.320     3086.970     3087.060     3089.190     3123.220
    95:     3123.380     3182.190     3251.490     3362.300     3368.750
   100:     3375.430     3377.910     3458.850     3463.170     3463.220
   105:     3464.000     3541.180     3549.190     3604.100     3662.780
   110:     3663.330     3665.030     3666.980     3733.280     3733.340
   115:     3738.610     3881.320     3881.450     4068.760     4068.930
   120:     4077.210     4077.430     4080.570     4083.370     4089.580
   125:     4093.150     4096.800     4182.500     4183.360     4645.210
   130:     4647.020     4647.420     4647.910     4656.540     4656.660
   135:     4694.080     4696.820     4719.140     4719.900     4720.440
   140:     4721.860     4725.870     4739.380     4818.910     4821.620
   145:     4867.820     4869.580     4873.290     4873.960     4874.370
   150:     4878.360     4912.930     4916.520     4917.700     4917.890
   155:     4927.580     5032.550     5032.780     5043.360     5052.070
   160:     5052.070     5052.070     5052.080     5052.080     5062.070
   165:     5062.080     5074.460     5074.620     5076.620     5076.890
   170:     5083.280     5084.390     5314.880     5319.180     5322.930
   175:     5326.120     5328.400     5328.460     5331.390     5334.940
   180:     5335.150     5341.270     5388.870     5392.490     5396.860
   185:     5397.900     5400.180     5402.030     5469.910     5503.800
   190:     5503.900     5511.920     5523.220     5586.210     5586.610
   195:     5651.810     5670.770     5670.930     5704.970     5705.340
   200:     5707.760     5708.240     5708.350     5714.020     5717.830
   205:     5741.540     5741.610     5757.650     5758.710     5760.790
   210:     5761.630     5771.020     5812.080     5812.280     5815.530
   215:     5815.940     5840.350     5859.740     5859.890     5861.050
   220:     5876.520     5878.020     5878.950     5888.410     5889.620
   225:     5903.270     5903.520     5904.160     5978.960     5983.910
   230:     5983.990     6003.860     6005.250     6005.360     6006.060
   235:     6082.800     6082.920     6120.700     6154.720     6154.840
   240:     6157.320     6157.690     6157.750     6237.420     6349.680
   245:     6352.310     6352.720     6507.450     6519.900     6521.650
   250:     6525.140     6545.690     6548.620     6548.850     6548.940
   255:     6549.070     6549.190     6549.870     6550.610     6550.670
   260:     6553.350     6627.160     6650.660     6655.600     6659.570
   265:     6742.540     6744.210     7025.200     7051.280     7052.700
   270:     7058.350     7058.500     7060.200     7072.130     7072.980
   275:     7078.090     7187.380     7194.210     7194.800     7203.530
   280:     7226.870     7294.050     7414.980     7415.160     7419.200
   285:     7420.510     7428.940     7430.430     7456.630     7463.810
   290:     7501.730     7517.880     7521.990     7525.300     7528.220
   295:     7528.270     7528.390     7528.550     7547.110     7547.210
   300:     7547.310     7547.800     7547.960     7548.120     7548.240
   305:     7548.410     7623.130     7626.730     7627.640     7629.290
   310:     7632.000     7632.950     7633.500     7635.910     7637.350
   315:     7637.680     7638.910     7648.020     7657.280     7657.320
   320:     7662.530     7672.020     7673.020     7720.080     7723.390
   325:     7772.540     7772.680     7816.030     7817.350     7817.550
   330:     7845.270     7847.660     7885.480     7890.230     7893.430
   335:     7963.970     7964.110     7964.130     8033.780     8035.550
   340:     8065.820     8065.980     8077.950     8150.800     8155.040
   345:     8157.950     8160.770     8173.260     8175.550     8180.660
   350:     8180.900     8183.790     8184.560     8186.820     8192.320
   355:     8192.460     8192.970     8244.040     8247.080     8249.250
   360:     8250.450     8250.860     8252.060     8252.760     8254.060
   365:     8254.580     8257.830     8419.970     8427.950     8520.140
   370:     8570.390     8570.650     8572.280     8591.760     8592.920
   375:     8603.570     8604.180     8611.000     8612.330     8616.070
   380:     8618.000     8618.600     8623.550     8629.440     8637.180
   385:     8638.840     8656.950     8690.430     8692.250     8733.960
   390:     8736.550     8739.710     8739.990     8748.400     8748.770
   395:     8752.270     8753.120     8760.990     8763.340     8765.200
   400:     8768.790     8770.410     8810.120     8810.270     8810.500
   405:     8821.340     8823.890     8876.310     8878.730     8879.490
   410:     8997.590     9026.580     9027.960     9062.100     9065.360
   415:     9109.230     9109.560     9110.180     9150.640     9168.200
   420:     9168.330     9168.420     9189.770     9274.510     9301.030
   425:     9301.190     9306.370     9313.000     9314.360     9367.560
   430:     9521.070     9521.630     9578.960     9579.590     9584.140
   435:     9587.830     9596.360     9596.500     9700.880     9700.980
   440:     9701.240     9719.890     9720.180     9720.310     9722.250
   445:     9725.220     9759.820     9762.190     9820.770     9821.230
   450:     9942.400     9953.790     9966.590     9966.870     9967.300
   455:     9990.300     9992.110    10002.490    10003.760    10004.360
   460:    10019.250    10019.360    10021.310    10127.770    10220.050
   465:    10227.960    10238.030    10238.320    10327.410    10327.540
   470:    10328.480    10328.590    10337.950    10338.380    10339.330
   475:    10393.910    10394.010    10394.180    10416.100    10464.980
   480:    10475.420    10572.790    10573.030    10577.040
