File: C:\MED-PC\Data\2024-11-21_13h10m_Subject 52.txt


Start Date: 11/21/24
End Date: 11/21/24
Subject: 52
Experiment: OralFentSA
Group: One
Box: 8
Start Time: 13:10:05
End Time: 16:10:17
MSN: Golden_Liq_SelfAdmin_EXT
F:       0.000
G:    1243.000
H:   10800.000
I:       0.000
J:       0.000
K:       0.000
L:       0.000
M:       0.000
N:       0.000
O:       0.000
P:       0.000
Q:       0.000
R:       0.000
S:       0.000
U:       0.000
V:       0.000
W:       0.000
X:       0.000
Y:       0.000
Z:       0.000
A:
     0:        0.000        0.000      180.000        4.000        0.000
     5:        5.000        0.000        5.000        0.000        0.000
    10:        1.000        0.000       10.000   100000.000       31.200
    15:       24.000      600.000        0.000        0.000        0.000
    20:        0.000
B:
     0:        0.000        0.000        0.000        0.000        0.000
     5:        0.000        0.000        0.000        0.000        0.000
    10:        0.000        0.000     1000.000 10000000.000        0.000
    15:        0.000        0.000        0.000        0.000        0.000
    20:        0.000
C:
     0:        0.000       63.000       83.000       85.000      676.000
     5:    10634.870        5.750       42.000     2719.280       64.745
    10:       85.000       83.000        0.000        0.000        0.000
    15:        0.000        0.000        0.000        0.000        0.000
    20:        0.000
D:
     0:       41.880       16.700        3.330       28.260        7.360
     5:       26.630       78.520       35.790       62.870       50.330
    10:       61.570       17.070       27.540       19.320       11.940
    15:      237.680      135.060      179.490      391.210       38.710
    20:       60.060        2.800      329.770        2.690      225.220
    25:       22.100       20.270      105.510       20.000        3.680
    30:       61.620       44.120        2.100       59.010        5.950
    35:       19.730       28.190       13.870       29.220        5.050
    40:      181.310        5.750
E:
     0:       19.000       11.000       26.000       27.000        6.000
     5:        6.000        6.000        6.000        6.000        6.000
    10:        6.000        6.000        6.000        6.000        6.000
    15:        6.000        2.000        4.000       22.000       24.000
    20:       12.000       19.000       11.000        6.000        6.000
    25:        6.000        6.000        6.000        6.000        2.000
    30:        4.000       22.000       24.000       12.000       20.000
    35:       19.000       11.000        1.000        6.000        6.000
    40:        6.000        6.000        6.000        6.000        6.000
    45:        6.000        6.000        6.000        6.000        1.000
    50:        6.000        1.000        2.000        4.000       22.000
    55:       24.000       12.000       19.000       11.000        2.000
    60:        4.000       22.000       24.000       12.000       19.000
    65:       11.000        1.000        2.000        4.000       22.000
    70:       24.000       12.000        6.000        6.000        6.000
    75:        6.000        6.000       19.000       11.000        1.000
    80:        6.000        6.000        6.000        6.000        6.000
    85:        6.000        6.000        6.000        6.000        6.000
    90:        6.000        6.000        6.000        6.000        6.000
    95:        6.000        2.000        4.000       22.000       24.000
   100:       12.000       21.000       22.000       19.000       11.000
   105:        6.000        6.000        6.000        6.000        6.000
   110:        6.000        6.000        6.000        6.000        6.000
   115:        6.000        6.000        6.000        6.000        6.000
   120:        6.000        6.000        6.000        6.000        6.000
   125:        6.000        6.000        1.000        1.000        2.000
   130:        4.000       22.000       24.000       12.000       19.000
   135:       11.000        1.000        1.000        2.000        4.000
   140:       22.000       24.000       12.000       21.000       22.000
   145:        6.000        6.000        6.000        6.000        6.000
   150:        6.000        6.000       19.000       11.000        6.000
   155:        6.000        1.000        1.000        2.000        4.000
   160:       22.000       24.000       12.000       21.000       22.000
   165:       19.000       11.000        2.000        4.000       22.000
   170:       24.000       12.000       19.000       11.000        2.000
   175:        4.000       22.000       24.000       12.000       19.000
   180:       11.000        6.000        6.000        6.000        1.000
   185:        2.000        4.000       22.000       24.000       12.000
   190:       21.000       22.000       19.000       11.000        2.000
   195:        4.000       22.000       24.000       12.000       19.000
   200:       11.000        6.000        6.000        6.000        6.000
   205:        6.000        6.000        6.000        6.000        6.000
   210:        6.000        6.000        1.000        1.000        2.000
   215:        4.000       22.000       24.000       12.000       19.000
   220:       11.000        2.000        4.000       22.000       24.000
   225:       12.000       19.000       11.000        1.000        6.000
   230:        6.000        6.000        6.000        6.000        6.000
   235:        6.000        6.000        1.000        2.000        4.000
   240:       22.000       24.000       12.000       21.000       22.000
   245:       19.000       11.000        6.000        6.000        6.000
   250:        6.000        6.000        1.000        2.000        4.000
   255:       22.000       24.000       12.000       19.000       11.000
   260:        2.000        4.000       22.000       24.000       12.000
   265:       19.000       11.000        1.000        6.000        6.000
   270:        6.000        6.000        6.000        6.000        6.000
   275:        6.000        6.000        6.000        6.000        6.000
   280:        6.000        6.000        6.000        6.000        6.000
   285:        6.000        6.000        6.000        6.000        6.000
   290:        6.000        6.000        6.000        6.000        6.000
   295:        6.000        6.000        6.000        6.000        6.000
   300:        6.000        6.000        6.000        1.000        1.000
   305:        2.000        4.000       22.000       24.000       12.000
   310:       21.000       22.000       19.000       11.000        6.000
   315:        6.000        6.000        6.000        6.000        6.000
   320:        6.000        2.000        4.000       22.000       24.000
   325:       12.000       19.000       11.000        6.000        6.000
   330:        6.000        6.000        6.000        6.000        6.000
   335:        6.000        6.000        6.000        6.000        6.000
   340:        6.000        6.000        1.000        1.000        6.000
   345:        6.000        6.000        6.000        6.000        6.000
   350:        6.000        6.000        2.000        4.000       22.000
   355:       24.000       12.000       19.000       11.000        2.000
   360:        4.000       22.000       24.000       12.000       19.000
   365:       11.000        1.000        6.000        1.000        1.000
   370:        1.000        2.000        4.000       22.000       24.000
   375:       12.000       19.000       11.000        6.000        6.000
   380:        6.000        6.000        6.000        6.000        6.000
   385:        6.000        6.000        6.000        6.000        6.000
   390:        6.000        6.000        1.000        6.000        6.000
   395:        6.000        6.000        6.000        6.000        6.000
   400:        6.000        6.000        6.000        6.000        6.000
   405:        6.000        6.000        6.000        6.000        6.000
   410:        6.000        6.000        6.000        6.000        6.000
   415:        6.000        6.000        6.000        6.000        6.000
   420:        6.000        1.000        2.000        4.000       22.000
   425:       24.000       12.000       19.000       11.000        1.000
   430:        1.000        2.000        4.000       22.000       24.000
   435:       12.000       19.000       11.000        6.000        6.000
   440:        6.000        6.000        6.000        1.000        6.000
   445:        6.000        6.000        6.000        6.000        6.000
   450:        6.000        6.000        6.000        2.000        4.000
   455:       22.000       24.000       12.000       19.000       11.000
   460:        6.000        6.000        6.000        6.000        6.000
   465:        6.000        6.000        1.000        2.000        4.000
   470:       22.000       24.000       12.000       21.000       22.000
   475:       21.000       22.000       19.000       11.000        1.000
   480:        6.000        6.000        6.000        6.000        6.000
   485:        6.000        2.000        4.000       22.000       24.000
   490:       12.000       21.000       22.000       19.000       11.000
   495:        1.000        6.000        6.000        6.000        6.000
   500:        6.000        6.000        6.000        6.000        6.000
   505:        6.000        6.000        6.000        6.000        6.000
   510:        6.000        6.000        6.000        6.000        6.000
   515:        6.000        6.000        6.000        6.000        6.000
   520:        6.000        6.000        6.000        6.000        6.000
   525:        6.000        6.000        6.000        6.000        6.000
   530:        6.000        6.000        6.000        6.000        6.000
   535:        6.000        6.000        6.000        6.000        6.000
   540:        2.000        4.000       22.000       24.000       12.000
   545:       20.000       19.000       11.000        1.000        1.000
   550:        1.000        6.000        6.000        6.000        6.000
   555:        6.000        6.000        6.000        6.000        1.000
   560:        1.000        6.000        6.000        6.000        6.000
   565:        6.000        6.000        6.000        6.000        6.000
   570:        6.000        2.000        4.000       22.000       24.000
   575:       12.000       19.000       11.000        6.000        6.000
   580:        6.000        6.000        6.000        6.000        6.000
   585:        6.000        6.000        6.000        6.000        6.000
   590:        6.000        6.000        6.000        6.000        6.000
   595:        6.000        6.000        6.000        6.000        1.000
   600:        2.000        4.000       22.000       24.000       12.000
   605:       21.000       22.000       19.000       11.000        2.000
   610:        4.000       22.000       24.000       12.000       21.000
   615:       22.000       19.000       11.000        1.000        1.000
   620:        6.000        6.000        6.000        6.000        6.000
   625:        6.000        6.000        6.000        6.000        6.000
   630:        6.000        6.000        6.000        6.000        6.000
   635:        6.000        6.000        2.000        4.000       22.000
   640:       24.000       12.000        6.000        6.000        6.000
   645:       19.000       11.000        6.000        6.000        6.000
   650:        6.000        6.000        6.000        6.000        6.000
   655:        6.000        6.000        6.000        6.000        1.000
   660:        1.000        2.000        4.000       22.000       24.000
   665:       12.000       19.000       11.000        1.000        6.000
   670:        6.000        6.000        6.000        6.000        6.000
   675:        6.000        6.000        6.000        6.000        6.000
   680:        1.000        1.000        2.000        4.000       22.000
   685:       24.000       12.000       19.000       11.000        2.000
   690:        4.000       22.000       24.000       12.000        6.000
   695:        6.000       19.000       11.000        6.000        6.000
   700:        6.000        6.000        6.000        6.000        6.000
   705:        6.000        6.000        6.000        6.000        6.000
   710:        6.000        6.000        6.000        6.000        6.000
   715:        6.000        6.000        6.000        6.000        6.000
   720:        6.000        6.000        2.000        4.000       22.000
   725:       24.000       12.000       21.000       22.000       19.000
   730:       11.000        1.000        6.000        6.000        2.000
   735:        4.000       22.000       24.000       12.000       19.000
   740:       11.000        6.000        6.000        6.000        6.000
   745:        6.000        6.000        6.000        6.000        1.000
   750:        6.000        6.000        6.000        6.000        6.000
   755:        6.000        6.000        6.000        6.000        6.000
   760:        6.000        6.000        6.000        6.000        6.000
   765:        6.000        6.000        6.000        6.000        6.000
   770:        6.000        6.000        6.000        6.000        6.000
   775:        6.000        6.000        6.000        6.000        6.000
   780:        6.000        6.000        6.000        6.000        6.000
   785:        6.000        6.000        6.000        6.000        6.000
   790:        6.000        6.000        6.000        6.000        6.000
   795:        6.000        6.000        6.000        6.000        6.000
   800:        6.000        6.000        6.000        6.000        6.000
   805:        6.000        6.000        6.000        6.000        2.000
   810:        4.000       22.000       24.000       12.000       21.000
   815:       22.000       19.000       11.000        6.000        6.000
   820:        6.000        6.000        6.000        6.000        6.000
   825:        6.000        6.000        6.000        6.000        6.000
   830:        6.000        6.000        6.000        6.000        6.000
   835:        6.000        6.000        6.000        6.000        6.000
   840:        6.000        6.000        6.000        6.000        1.000
   845:        1.000        1.000        1.000        2.000        4.000
   850:       22.000       24.000       12.000       19.000       11.000
   855:        2.000        4.000       22.000       24.000       12.000
   860:       19.000       11.000        1.000        1.000        6.000
   865:        6.000        6.000        6.000        6.000        6.000
   870:        6.000        6.000        6.000        6.000        6.000
   875:        6.000        6.000        6.000        6.000        6.000
   880:        6.000        6.000        6.000        6.000        1.000
   885:        1.000        2.000        4.000       22.000       24.000
   890:       12.000       21.000       22.000       19.000       11.000
   895:        6.000        6.000        2.000        4.000       22.000
   900:       24.000       12.000        6.000       19.000       11.000
   905:        2.000        4.000       22.000       24.000       12.000
   910:       19.000       11.000        6.000        6.000        6.000
   915:        6.000        6.000        6.000        6.000        2.000
   920:        4.000       22.000       24.000       12.000       19.000
   925:       11.000        1.000        2.000        4.000       22.000
   930:       24.000       12.000       19.000       11.000        1.000
   935:        6.000        6.000        6.000        6.000        6.000
   940:        6.000        6.000        6.000        1.000        1.000
   945:        1.000        1.000        6.000        6.000        6.000
   950:        1.000        1.000        2.000        4.000       22.000
   955:       24.000       12.000       21.000       22.000       19.000
   960:       11.000        2.000        4.000       22.000       24.000
   965:       12.000        6.000        6.000        6.000        6.000
   970:        6.000       19.000       11.000        6.000        6.000
   975:        6.000        6.000        6.000        6.000        2.000
   980:        4.000       22.000       24.000       12.000       19.000
   985:       11.000        2.000        4.000       22.000       24.000
   990:       12.000       19.000       11.000        6.000        6.000
   995:        2.000        4.000       22.000       24.000       12.000
  1000:        6.000        6.000        6.000        6.000       19.000
  1005:       11.000        6.000        6.000        6.000        6.000
  1010:        6.000        6.000        6.000        6.000        1.000
  1015:        1.000        1.000        6.000        1.000        1.000
  1020:        1.000        2.000        4.000       22.000       24.000
  1025:       12.000       21.000       22.000       19.000       11.000
  1030:        6.000        6.000        6.000        6.000        6.000
  1035:        6.000        6.000        6.000        6.000        6.000
  1040:        1.000        1.000        6.000        6.000        2.000
  1045:        4.000       22.000       24.000       12.000       21.000
  1050:       22.000       21.000       22.000       19.000       11.000
  1055:        6.000        2.000        4.000       22.000       24.000
  1060:       12.000       21.000       22.000       21.000       22.000
  1065:       19.000       11.000        6.000        6.000        1.000
  1070:        2.000        4.000       22.000       24.000       12.000
  1075:       21.000       22.000       19.000       11.000        6.000
  1080:        6.000        1.000        2.000        4.000       22.000
  1085:       24.000       12.000        6.000        6.000        6.000
  1090:        6.000        6.000        6.000        6.000        6.000
  1095:       19.000       11.000        6.000        6.000        6.000
  1100:        6.000        6.000        6.000        6.000        6.000
  1105:        6.000        6.000        6.000        6.000        6.000
  1110:        6.000        6.000        6.000        6.000        6.000
  1115:        6.000        6.000        6.000        6.000        6.000
  1120:        6.000        6.000        6.000        6.000        6.000
  1125:        6.000        6.000        6.000        6.000        6.000
  1130:        6.000        6.000        6.000        6.000        6.000
  1135:        6.000        6.000        6.000        6.000        6.000
  1140:        6.000        6.000        6.000        6.000        6.000
  1145:        6.000        6.000        6.000        6.000        6.000
  1150:        6.000        6.000        6.000        6.000        6.000
  1155:        6.000        6.000        6.000        6.000        6.000
  1160:        6.000        6.000        6.000        6.000        2.000
  1165:        4.000       22.000       24.000       12.000       19.000
  1170:       11.000        2.000        4.000       22.000       24.000
  1175:       12.000       21.000       22.000       21.000       22.000
  1180:       19.000       11.000        2.000        4.000       22.000
  1185:       24.000       12.000       19.000       11.000        1.000
  1190:        1.000        6.000        6.000        6.000        6.000
  1195:        6.000        6.000        6.000        6.000        6.000
  1200:        6.000        6.000        6.000        6.000        6.000
  1205:        6.000        6.000        6.000        6.000        2.000
  1210:        4.000       22.000       24.000       12.000       19.000
  1215:       11.000        1.000        1.000        2.000        4.000
  1220:       22.000       24.000       12.000        6.000        6.000
  1225:        6.000        6.000        6.000        6.000        6.000
  1230:       19.000       11.000        6.000        6.000        2.000
  1235:        4.000       22.000       24.000       12.000       19.000
  1240:       11.000        1.000        1.000      100.000
T:
     0:        0.000        0.000        0.000        0.000       11.780
     5:       11.810       11.840       11.900       12.050       14.810
    10:       15.380       15.690       16.680       16.820       17.490
    15:       17.550       32.120       32.120       32.120       32.130
    20:       32.130       42.120       42.130       74.010       78.980
    25:       79.020       79.110       79.380       81.770       94.000
    30:       94.000       94.000       94.010       94.010      101.020
    35:      104.000      104.010      105.830      110.710      111.290
    40:      111.400      138.210      139.820      141.250      143.860
    45:      144.380      144.960      145.880      146.070      166.160
    50:      198.300      206.240      230.620      230.620      230.620
    55:      230.630      230.630      240.620      240.630      279.410
    60:      279.410      279.410      279.420      279.420      289.410
    65:      289.420      345.640      351.620      351.620      351.620
    70:      351.630      351.630      354.960      355.250      355.850
    75:      358.490      358.650      361.620      361.630      367.290
    80:      388.260      389.930      390.820      392.780      393.980
    85:      394.190      394.550      395.420      396.010      402.610
    90:      403.400      404.780      407.370      408.540      410.030
    95:      410.160      425.680      425.680      425.680      425.690
   100:      425.690      430.380      430.380      435.680      435.690
   105:      453.950      455.910      456.000      456.060      460.310
   110:      460.360      460.730      464.410      464.680      466.610
   115:      468.120      469.020      498.650      500.380      502.800
   120:      503.650      505.490      505.520      505.850      505.930
   125:      509.940      510.860      518.680      596.720      616.740
   130:      616.740      616.740      616.750      616.750      626.740
   135:      626.750      647.870      655.200      676.820      676.820
   140:      676.820      676.830      676.830      681.120      681.120
   145:      684.190      685.080      685.370      685.410      685.600
   150:      685.680      685.710      686.820      686.830      687.910
   155:      689.000      751.620      756.970      762.620      762.620
   160:      762.620      762.630      762.630      766.530      766.530
   165:      772.620      772.630     1151.230     1151.230     1151.230
   170:     1151.240     1151.240     1161.230     1161.240     1164.240
   175:     1164.240     1164.240     1164.250     1164.250     1174.240
   180:     1174.250     1190.880     1191.270     1233.220     1282.810
   185:     1359.580     1359.580     1359.580     1359.590     1359.590
   190:     1366.050     1366.050     1369.580     1369.590     1397.220
   195:     1397.220     1397.220     1397.230     1397.230     1407.220
   200:     1407.230     1475.750     1480.980     1481.730     1481.900
   205:     1482.420     1482.560     1482.640     1486.080     1573.020
   210:     1576.480     1577.300     1611.690     1618.280     1626.300
   215:     1626.300     1626.300     1626.310     1626.310     1636.300
   220:     1636.310     1680.960     1680.960     1680.960     1680.970
   225:     1680.970     1690.960     1690.970     1701.060     1716.760
   230:     1718.040     1725.620     1727.830     1728.520     1728.910
   235:     1730.780     1731.030     1785.670     1922.400     1922.400
   240:     1922.400     1922.410     1922.410     1927.160     1927.160
   245:     1932.400     1932.410     1985.280     1987.480     1989.780
   250:     1989.980     1990.490     2127.270     2174.250     2174.250
   255:     2174.250     2174.260     2174.260     2184.250     2184.260
   260:     2193.030     2193.030     2193.030     2193.040     2193.040
   265:     2203.030     2203.040     2230.900     2243.370     2245.140
   270:     2246.190     2246.400     2246.500     2246.590     2249.330
   275:     2249.410     2251.600     2252.020     2252.100     2254.500
   280:     2254.650     2254.750     2254.940     2258.280     2259.100
   285:     2264.420     2264.450     2264.580     2264.740     2265.940
   290:     2267.200     2267.910     2268.920     2270.390     2270.460
   295:     2271.450     2271.830     2272.200     2272.240     2272.270
   300:     2272.890     2272.960     2275.400     2283.290     2286.200
   305:     2483.350     2483.350     2483.350     2483.360     2483.360
   310:     2488.210     2488.210     2493.350     2493.360     2544.930
   315:     2545.200     2545.460     2545.690     2545.760     2546.130
   320:     2548.080     2560.080     2560.080     2560.080     2560.090
   325:     2560.090     2570.080     2570.090     2577.160     2579.430
   330:     2579.460     2579.750     2581.070     2581.470     2581.540
   335:     2581.680     2581.770     2582.660     2584.720     2584.780
   340:     2585.010     2585.270     2612.090     2618.850     2781.460
   345:     2782.120     2783.220     2787.310     2787.370     2787.510
   350:     2787.570     2788.230     2839.380     2839.380     2839.380
   355:     2839.390     2839.390     2849.380     2849.390     2856.750
   360:     2856.750     2856.750     2856.760     2856.760     2866.750
   365:     2866.760     2872.280     2884.300     2891.810     2902.790
   370:     2926.910     2933.500     2933.500     2933.500     2933.510
   375:     2933.510     2943.500     2943.510     2952.830     2955.970
   380:     2956.060     2956.560     2956.620     2956.890     2958.070
   385:     2958.130     2961.680     2962.080     2962.250     2962.900
   390:     2966.140     2966.850     3031.380     3097.760     3097.990
   395:     3137.210     3137.320     3137.750     3137.800     3139.700
   400:     3139.900     3141.790     3141.950     3141.990     3144.230
   405:     3144.310     3146.600     3147.230     3147.340     3154.780
   410:     3155.610     3157.830     3159.000     3159.030     3159.130
   415:     3159.270     3159.320     3159.680     3159.910     3160.030
   420:     3160.280     3171.580     3183.850     3183.850     3183.850
   425:     3183.860     3183.860     3193.850     3193.860     3441.820
   430:     3803.590     3836.180     3836.180     3836.180     3836.190
   435:     3836.190     3846.180     3846.190     3848.130     3848.620
   440:     3851.390     3851.440     3853.760     3861.190     3893.440
   445:     3894.810     3896.220     3896.350     3896.600     3896.670
   450:     3896.910     3900.720     3900.970     3909.230     3909.230
   455:     3909.230     3909.240     3909.240     3919.230     3919.240
   460:     4146.920     4148.620     4149.540     4149.760     4149.840
   465:     4156.420     4156.670     4181.860     4184.900     4184.900
   470:     4184.900     4184.910     4184.910     4185.050     4185.050
   475:     4193.750     4193.750     4194.900     4194.910     4304.290
   480:     4319.970     4323.030     4323.630     4323.740     4324.380
   485:     4324.810     4455.820     4455.820     4455.820     4455.830
   490:     4455.830     4459.630     4459.630     4465.820     4465.830
   495:     4531.190     4635.320     4635.720     4635.890     4636.830
   500:     4639.720     4641.000     4641.050     4641.070     4642.770
   505:     4643.150     4643.460     4643.610     4645.200     4652.400
   510:     4655.090     4655.280     4655.470     4657.310     4657.420
   515:     4657.890     4661.430     4661.880     4662.020     4662.270
   520:     4662.340     4662.960     4663.090     4663.980     4664.180
   525:     4664.390     4665.020     4668.930     4671.510     4671.590
   530:     4674.430     4674.520     4674.610     4674.710     4675.110
   535:     4675.170     4695.980     4698.590     4699.900     4700.860
   540:     4743.010     4743.010     4743.010     4743.020     4743.020
   545:     4750.880     4753.010     4753.020     4753.230     4753.490
   550:     5081.970     5134.230     5134.430     5134.470     5134.870
   555:     5141.130     5142.770     5143.100     5144.060     5153.510
   560:     5172.330     5190.960     5191.000     5191.510     5194.310
   565:     5194.410     5194.460     5194.590     5226.320     5229.030
   570:     5230.250     5234.040     5234.040     5234.040     5234.050
   575:     5234.050     5244.040     5244.050     5272.760     5274.380
   580:     5275.150     5279.920     5280.080     5280.470     5281.870
   585:     5282.070     5284.160     5284.230     5284.320     5439.780
   590:     5440.620     5440.770     5440.820     5441.200     5441.590
   595:     5441.660     5442.040     5442.180     5442.260     5481.020
   600:     5492.920     5492.920     5492.920     5492.930     5492.930
   605:     5494.820     5494.820     5502.920     5502.930     5512.910
   610:     5512.910     5512.910     5512.920     5512.920     5518.090
   615:     5518.090     5522.910     5522.920     5532.500     5542.200
   620:     5572.980     5573.680     5573.710     5574.930     5575.030
   625:     5578.120     5638.420     5639.860     5639.920     5641.200
   630:     5642.680     5646.110     5647.120     5647.590     5647.670
   635:     5649.890     5651.540     5655.770     5655.770     5655.770
   640:     5655.780     5655.780     5658.580     5659.850     5661.790
   645:     5665.770     5665.780     5666.210     5666.570     5666.860
   650:     5666.910     5668.440     5668.610     5668.700     5670.850
   655:     5670.940     5671.270     5671.480     5671.540     5699.900
   660:     5715.820     5776.490     5776.490     5776.490     5776.500
   665:     5776.500     5786.490     5786.500     5791.320     6106.270
   670:     6106.380     6107.190     6107.700     6109.790     6110.500
   675:     6114.510     6114.550     6114.640     6115.450     6120.430
   680:     6144.610     6171.980     6274.530     6274.530     6274.530
   685:     6274.540     6274.540     6284.530     6284.540     6480.130
   690:     6480.130     6480.130     6480.140     6480.140     6482.830
   695:     6487.250     6490.130     6490.140     6543.520     6543.950
   700:     6545.120     6546.520     6549.530     6549.660     6553.270
   705:     6557.120     6557.860     6558.050     6558.530     6558.740
   710:     6560.350     6561.610     6562.700     6562.750     6564.080
   715:     6564.350     6566.170     6567.290     6567.920     6568.280
   720:     6569.830     6570.040     6572.590     6572.590     6572.590
   725:     6572.600     6572.600     6576.400     6576.400     6582.590
   730:     6582.600     6601.680     6797.820     6798.150     6841.560
   735:     6841.560     6841.560     6841.570     6841.570     6851.560
   740:     6851.570     6863.670     6864.580     6865.850     6867.700
   745:     6867.920     6868.880     6870.380     6870.710     6908.670
   750:     7078.740     7078.790     7079.100     7081.020     7081.050
   755:     7081.900     7082.030     7082.720     7083.270     7083.330
   760:     7083.430     7083.680     7083.930     7098.730     7099.100
   765:     7099.430     7099.480     7099.530     7100.640     7102.900
   770:     7106.210     7106.310     7109.590     7111.110     7111.360
   775:     7111.820     7111.910     7112.330     7112.440     7114.250
   780:     7114.280     7114.360     7114.450     7114.540     7114.690
   785:     7114.800     7114.870     7115.180     7115.800     7116.610
   790:     7116.750     7117.220     7117.280     7117.490     7117.780
   795:     7117.910     7119.230     7124.360     7125.530     7125.620
   800:     7125.660     7148.500     7148.630     7150.640     7151.330
   805:     7152.340     7159.300     7160.860     7160.940     7167.930
   810:     7167.930     7167.930     7167.940     7167.940     7174.830
   815:     7174.830     7177.930     7177.940     7188.210     7188.400
   820:     7188.540     7190.060     7190.460     7191.610     7191.920
   825:     7191.980     7192.160     7193.480     7193.530     7194.120
   830:     7194.200     7194.720     7197.480     7197.870     7197.890
   835:     7201.620     7201.820     7204.290     7204.820     7205.300
   840:     7206.640     7207.790     7208.080     7208.570     7212.530
   845:     7218.020     7316.410     7340.000     7385.040     7385.040
   850:     7385.040     7385.050     7385.050     7395.040     7395.050
   855:     7398.550     7398.550     7398.550     7398.560     7398.560
   860:     7408.550     7408.560     7456.210     7497.160     7504.070
   865:     7504.510     7508.980     7510.150     7512.000     7514.500
   870:     7514.600     7515.730     7516.590     7517.190     7517.270
   875:     7517.290     7518.740     7518.950     7519.500     7519.540
   880:     7520.520     7521.280     7523.470     7523.560     7536.140
   885:     7537.310     7542.520     7542.520     7542.520     7542.530
   890:     7542.530     7547.680     7547.680     7552.520     7552.530
   895:     7562.530     7562.650     7623.310     7623.310     7623.310
   900:     7623.320     7623.320     7627.000     7633.310     7633.320
   905:     7645.080     7645.080     7645.080     7645.090     7645.090
   910:     7655.080     7655.090     7706.710     7707.240     7707.320
   915:     7707.530     7714.120     7715.790     7769.220     7786.960
   920:     7786.960     7786.960     7786.970     7786.970     7796.960
   925:     7796.970     7810.210     7815.740     7815.740     7815.740
   930:     7815.750     7815.750     7825.740     7825.750     7833.850
   935:     7859.870     7861.300     7861.680     7861.920     7861.970
   940:     7863.130     7864.690     7865.370     7902.580     7906.670
   945:     7933.860     8506.180     8646.410     8646.480     8646.520
   950:     8695.310     8695.370     8719.230     8719.230     8719.230
   955:     8719.240     8719.240     8724.980     8724.980     8729.230
   960:     8729.240     9088.310     9088.310     9088.310     9088.320
   965:     9088.320     9090.420     9091.320     9092.720     9093.320
   970:     9093.450     9098.310     9098.320     9156.160     9157.070
   975:     9157.140     9157.290     9157.340     9158.440     9166.210
   980:     9166.210     9166.210     9166.220     9166.220     9176.210
   985:     9176.220     9198.520     9198.520     9198.520     9198.530
   990:     9198.530     9208.520     9208.530     9257.540     9257.640
   995:     9276.630     9276.630     9276.630     9276.640     9276.640
  1000:     9282.590     9282.610     9282.950     9283.710     9286.630
  1005:     9286.640     9288.440     9288.890     9289.420     9289.630
  1010:     9289.860     9290.490     9291.640     9297.000     9311.540
  1015:     9313.500     9315.490     9328.170     9350.960     9621.140
  1020:     9647.400     9663.880     9663.880     9663.880     9663.890
  1025:     9663.890     9665.300     9665.300     9673.880     9673.890
  1030:     9683.620     9685.860     9686.810     9692.650     9694.080
  1035:     9695.190     9695.330     9695.420     9695.570     9696.310
  1040:     9712.160     9770.890     9782.440     9782.940     9784.210
  1045:     9784.210     9784.210     9784.220     9784.220     9788.330
  1050:     9788.330     9789.340     9789.340     9794.210     9794.220
  1055:     9812.410     9821.480     9821.480     9821.480     9821.490
  1060:     9821.490     9827.730     9827.730     9827.850     9827.850
  1065:     9831.480     9831.490     9835.360     9836.610     9844.930
  1070:     9900.420     9900.420     9900.420     9900.430     9900.430
  1075:     9905.060     9905.060     9910.420     9910.430     9929.650
  1080:     9929.720     9943.300     9950.990     9950.990     9950.990
  1085:     9951.000     9951.000     9956.050     9957.370     9957.940
  1090:     9958.300     9958.870     9959.160     9959.970     9960.210
  1095:     9960.990     9961.000     9961.850     9961.980     9963.840
  1100:     9964.300     9964.390     9964.680     9967.120     9968.020
  1105:     9968.300     9969.360     9970.890     9971.080    10010.260
  1110:    10011.400    10011.510    10011.820    10012.310    10012.690
  1115:    10013.340    10014.660    10016.640    10019.270    10019.440
  1120:    10020.820    10020.990    10021.410    10021.810    10021.950
  1125:    10023.390    10024.080    10025.530    10025.850    10034.450
  1130:    10035.220    10035.260    10035.740    10037.210    10038.540
  1135:    10041.740    10043.730    10044.090    10044.300    10044.550
  1140:    10044.650    10044.710    10044.810    10045.480    10047.950
  1145:    10049.140    10059.410    10060.880    10062.260    10062.450
  1150:    10062.880    10063.080    10064.420    10065.960    10066.310
  1155:    10066.500    10066.710    10067.950    10068.350    10068.500
  1160:    10068.850    10068.930    10069.010    10069.340    10088.690
  1165:    10088.690    10088.690    10088.700    10088.700    10098.690
  1170:    10098.700    10130.320    10130.320    10130.320    10130.330
  1175:    10130.330    10139.710    10139.710    10140.080    10140.080
  1180:    10140.320    10140.330    10151.750    10151.750    10151.750
  1185:    10151.760    10151.760    10161.750    10161.760    10196.380
  1190:    10311.620    10333.070    10334.020    10336.900    10337.100
  1195:    10337.310    10339.000    10343.580    10346.260    10346.340
  1200:    10346.490    10346.640    10346.960    10347.150    10347.410
  1205:    10348.920    10349.150    10349.270    10351.720    10359.110
  1210:    10359.110    10359.110    10359.120    10359.120    10369.110
  1215:    10369.120    10471.570    10580.590    10589.890    10589.890
  1220:    10589.890    10589.900    10589.900    10595.650    10596.670
  1225:    10596.750    10598.430    10599.290    10599.670    10599.860
  1230:    10599.890    10599.900    10600.030    10603.650    10634.860
  1235:    10634.860    10634.860    10634.870    10634.870    10644.860
  1240:    10644.870    10684.140    10723.210    10800.000
