File: C:\MED-PC\Data\2024-11-13_09h51m_Subject 34.txt


Start Date: 11/13/24
End Date: 11/13/24
Subject: 34
Experiment: OralFentSA
Group: One
Box: 2
Start Time: 09:51:45
End Time: 12:50:05
MSN: Golden_Liq_SelfAdmin_EXT
F:       0.000
G:     592.000
H:   10598.100
I:       0.000
J:       0.000
K:       0.000
L:       0.000
M:       0.000
N:       0.000
O:       0.000
P:       0.000
Q:       0.000
R:       0.000
S:       0.000
U:       0.000
V:       0.000
W:       0.000
X:       0.000
Y:       0.000
Z:       0.000
A:
     0:        0.000        0.000      180.000        4.000        0.000
     5:        5.000        0.000        5.000        0.000        0.000
    10:        1.000        0.000       10.000   100000.000       19.000
    15:       18.000      600.000        0.000        0.000        0.000
    20:        0.000
B:
     0:        0.000        0.000        0.000        0.000        0.000
     5:        0.000        0.000        0.000        0.000        0.000
    10:        0.000        0.000     1000.000 10000000.000        0.000
    15:        0.000        0.000        0.000        0.000        0.000
    20:        0.000
C:
     0:        0.000       15.000        8.000       18.000      474.000
     5:    10003.650      399.370       12.000     2232.540      186.045
    10:       18.000        8.000        0.000        0.000        0.000
    15:        0.000        0.000        0.000        0.000        0.000
    20:        0.000
D:
     0:        6.910       32.530       54.410       29.050      116.560
     5:       29.220      330.680       23.140     1119.000       10.350
    10:       81.320      399.370
E:
     0:       19.000       11.000       26.000       27.000        6.000
     5:        6.000        1.000        6.000        6.000        6.000
    10:        6.000        6.000        6.000        2.000        4.000
    15:       22.000       24.000       12.000        6.000       19.000
    20:       11.000        6.000        6.000        6.000        6.000
    25:        6.000        6.000        6.000        6.000        6.000
    30:        1.000        1.000        6.000        2.000        4.000
    35:       22.000       24.000       12.000       21.000       22.000
    40:       21.000       22.000       21.000       22.000       19.000
    45:       11.000        6.000        2.000        4.000       22.000
    50:       24.000       12.000       19.000       11.000        2.000
    55:        4.000       22.000       24.000       12.000       19.000
    60:       11.000        6.000        6.000        6.000        6.000
    65:        6.000        6.000        6.000        6.000        6.000
    70:        6.000        6.000        6.000        6.000        6.000
    75:        6.000        2.000        4.000       22.000       24.000
    80:       12.000       19.000       11.000        6.000        6.000
    85:        6.000        6.000        2.000        4.000       22.000
    90:       24.000       12.000       19.000       11.000        6.000
    95:        2.000        4.000       22.000       24.000       12.000
   100:       20.000       20.000       20.000       19.000       11.000
   105:        6.000        2.000        4.000       22.000       24.000
   110:       12.000       19.000       11.000        6.000        6.000
   115:        6.000        6.000        6.000        6.000        6.000
   120:        6.000        6.000        6.000        6.000        6.000
   125:        6.000        6.000        6.000        6.000        6.000
   130:        6.000        6.000        6.000        6.000        6.000
   135:        6.000        6.000        6.000        6.000        6.000
   140:        6.000        6.000        1.000        6.000        6.000
   145:        6.000        6.000        6.000        6.000        6.000
   150:        6.000        6.000        2.000        4.000       22.000
   155:       24.000       12.000       21.000       22.000       19.000
   160:       11.000        2.000        4.000       22.000       24.000
   165:       12.000       19.000       11.000        6.000        6.000
   170:        6.000        6.000        6.000        6.000        6.000
   175:        6.000        6.000        6.000        2.000        4.000
   180:       22.000       24.000       12.000       19.000       11.000
   185:        6.000        6.000        6.000        6.000        6.000
   190:        6.000        6.000        6.000        6.000        6.000
   195:        6.000        6.000        6.000        6.000        6.000
   200:        6.000        6.000        6.000        6.000        6.000
   205:        6.000        6.000        6.000        6.000        6.000
   210:        6.000        6.000        6.000        6.000        6.000
   215:        6.000        6.000        6.000        6.000        6.000
   220:        6.000        6.000        6.000        6.000        6.000
   225:        6.000        6.000        6.000        6.000        6.000
   230:        6.000        6.000        6.000        6.000        6.000
   235:        6.000        6.000        6.000        6.000        6.000
   240:        6.000        6.000        6.000        6.000        6.000
   245:        6.000        6.000        6.000        6.000        6.000
   250:        6.000        6.000        6.000        6.000        6.000
   255:        6.000        6.000        6.000        6.000        6.000
   260:        6.000        6.000        6.000        6.000        6.000
   265:        6.000        6.000        6.000        6.000        6.000
   270:        6.000        6.000        6.000        6.000        6.000
   275:        6.000        6.000        6.000        6.000        6.000
   280:        6.000        6.000        6.000        6.000        6.000
   285:        6.000        6.000        6.000        6.000        6.000
   290:        6.000        6.000        6.000        6.000        6.000
   295:        6.000        6.000        6.000        6.000        6.000
   300:        6.000        6.000        6.000        6.000        6.000
   305:        6.000        6.000        6.000        6.000        6.000
   310:        6.000        6.000        6.000        6.000        6.000
   315:        6.000        6.000        6.000        6.000        6.000
   320:        6.000        6.000        6.000        6.000        6.000
   325:        6.000        6.000        6.000        6.000        6.000
   330:        6.000        6.000        6.000        6.000        6.000
   335:        6.000        6.000        6.000        6.000        6.000
   340:        6.000        6.000        6.000        6.000        6.000
   345:        6.000        6.000        6.000        6.000        6.000
   350:        6.000        6.000        6.000        6.000        6.000
   355:        6.000        6.000        6.000        6.000        6.000
   360:        6.000        6.000        6.000        6.000        6.000
   365:        6.000        6.000        6.000        6.000        6.000
   370:        6.000        6.000        6.000        6.000        6.000
   375:        6.000        6.000        6.000        6.000        6.000
   380:        6.000        6.000        6.000        6.000        6.000
   385:        6.000        6.000        6.000        6.000        6.000
   390:        6.000        6.000        6.000        6.000        6.000
   395:        6.000        6.000        6.000        6.000        6.000
   400:        6.000        6.000        6.000        6.000        6.000
   405:        6.000        6.000        6.000        6.000        6.000
   410:        6.000        6.000        6.000        6.000        6.000
   415:        6.000        6.000        6.000        6.000        6.000
   420:        6.000        6.000        6.000        6.000        6.000
   425:        6.000        6.000        6.000        6.000        6.000
   430:        6.000        6.000        6.000        6.000        6.000
   435:        6.000        6.000        6.000        6.000        6.000
   440:        6.000        6.000        6.000        6.000        6.000
   445:        6.000        6.000        6.000        6.000        6.000
   450:        6.000        6.000        6.000        6.000        6.000
   455:        6.000        6.000        6.000        6.000        6.000
   460:        6.000        6.000        6.000        6.000        6.000
   465:        6.000        6.000        6.000        6.000        6.000
   470:        6.000        6.000        6.000        6.000        6.000
   475:        6.000        6.000        6.000        6.000        6.000
   480:        6.000        6.000        6.000        6.000        6.000
   485:        6.000        6.000        6.000        6.000        6.000
   490:        6.000        6.000        6.000        6.000        6.000
   495:        6.000        6.000        6.000        6.000        6.000
   500:        6.000        6.000        6.000        6.000        6.000
   505:        6.000        6.000        6.000        6.000        6.000
   510:        6.000        6.000        6.000        6.000        6.000
   515:        6.000        6.000        6.000        6.000        6.000
   520:        6.000        6.000        6.000        6.000        6.000
   525:        6.000        6.000        6.000        6.000        6.000
   530:        6.000        6.000        6.000        6.000        6.000
   535:        6.000        6.000        6.000        6.000        6.000
   540:        6.000        6.000        6.000        2.000        4.000
   545:       22.000       24.000       12.000       19.000       11.000
   550:        6.000        6.000        6.000        6.000        6.000
   555:        6.000        6.000        6.000        6.000        6.000
   560:        2.000        4.000       22.000       24.000       12.000
   565:       19.000       11.000        6.000        6.000        6.000
   570:        6.000        6.000        6.000        6.000        1.000
   575:        2.000        4.000       22.000       24.000       12.000
   580:       19.000       11.000        6.000        6.000        6.000
   585:        6.000        6.000        6.000        6.000        6.000
   590:        6.000        6.000
T:
     0:        0.000        0.000        0.000        0.000       10.450
     5:       29.200       61.930       77.810       95.010      100.680
    10:      100.780      155.840      161.420      189.460      189.460
    15:      189.460      189.470      189.470      196.380      199.460
    20:      199.470      199.880      200.930      201.280      205.190
    25:      219.160      530.970      533.630      535.170      596.590
    30:      608.480      610.200      617.200      629.220      629.220
    35:      629.220      629.230      629.230      630.710      630.710
    40:      632.510      632.510      638.070      638.070      639.220
    45:      639.230      661.760      676.090      676.090      676.090
    50:      676.100      676.100      686.090      686.100      712.040
    55:      712.040      712.040      712.050      712.050      722.040
    60:      722.050      766.460      766.960      767.720      768.360
    65:      768.690      772.110      794.860      795.310      863.220
    70:     1111.100     1111.280     1111.450     1113.320     1113.370
    75:     1113.630     1178.620     1178.620     1178.620     1178.630
    80:     1178.630     1188.620     1188.630     1207.680     1207.870
    85:     1208.030     1319.190     1338.120     1338.120     1338.120
    90:     1338.130     1338.130     1348.120     1348.130     1454.690
    95:     1478.060     1478.060     1478.060     1478.070     1478.070
   100:     1484.470     1485.240     1485.710     1488.060     1488.070
   105:     1507.290     1554.740     1554.740     1554.740     1554.750
   110:     1554.750     1564.740     1564.750     1885.430     1893.200
   115:     1896.050     1898.080     1933.050     1933.110     1935.340
   120:     1988.260     2169.350     2169.580     2172.270     2177.110
   125:     2184.860     2308.740     2308.910     2309.830     2312.210
   130:     2314.480     2315.380     2315.590     2488.230     2501.620
   135:     2502.330     2513.010     2513.100     2523.910     2586.890
   140:     2587.010     2587.690     2602.450     2737.610     2738.120
   145:     2745.550     2750.510     2882.510     2891.330     2892.260
   150:     2892.440     2894.000     2898.300     2898.300     2898.300
   155:     2898.310     2898.310     2900.520     2900.520     2908.300
   160:     2908.310     2926.690     2926.690     2926.690     2926.700
   165:     2926.700     2936.690     2936.700     2949.840     2950.010
   170:     2954.680     2995.700     2996.680     3000.230     3000.640
   175:     3005.750     3005.920     3007.390     3036.840     3036.840
   180:     3036.840     3036.850     3036.850     3046.840     3046.850
   185:     4155.850     4159.010     4161.850     4163.440     4173.880
   190:     4176.250     4184.580     4185.010     4225.460     4225.810
   195:     4231.080     4282.590     4286.740     4286.870     4293.510
   200:     4294.020     4836.590     4839.860     4839.940     4849.470
   205:     4849.560     4852.100     4852.520     4858.200     4878.620
   210:     4890.170     4891.890     4897.220     4897.500     4897.600
   215:     4897.680     4897.860     4898.240     4898.370     4898.770
   220:     4898.930     4899.070     4899.160     4899.270     4899.360
   225:     4899.490     4899.660     4899.870     4900.100     4902.020
   230:     4902.940     4903.940     4904.160     4904.420     4911.340
   235:     4911.570     4912.930     4913.000     4917.410     4917.580
   240:     4917.760     4917.880     4918.020     4918.260     4918.540
   245:     4920.300     4920.570     4920.770     4920.820     4920.960
   250:     4921.300     4921.430     4921.630     4921.750     4922.020
   255:     4922.170     4922.310     4922.610     4923.210     4928.300
   260:     4928.410     4928.560     4928.820     4929.120     4929.400
   265:     4929.730     4931.290     4931.510     4931.740     4931.930
   270:     4932.130     4932.600     4932.950     4933.040     4933.100
   275:     4934.450     4937.310     4937.580     5009.020     5091.300
   280:     5091.670     5092.010     5092.120     5097.980     5098.590
   285:     5099.170     5099.700     5100.120     5100.470     5100.720
   290:     5305.970     5306.060     5306.130     5308.330     5311.850
   295:     5313.020     5313.220     5313.380     5318.360     5429.680
   300:     5429.790     5431.820     5431.950     5432.360     5432.760
   305:     5432.850     5435.330     5435.640     5785.330     5785.420
   310:     5787.000     5788.790     6281.500     6282.340     6284.440
   315:     6285.870     6285.970     6286.420     6286.530     6287.270
   320:     6288.530     6290.280     6290.420     6290.450     6291.730
   325:     6291.920     6293.530     6293.650     6294.540     6300.320
   330:     6300.840     6301.320     6303.770     6303.950     6303.980
   335:     6304.550     6305.320     6305.860     6322.730     6322.880
   340:     6326.590     6328.320     6329.150     6329.240     6330.270
   345:     6330.770     6330.920     6357.560     6358.670     6773.670
   350:     6773.920     6775.100     6779.420     6779.460     6779.760
   355:     6788.960     6791.250     6791.410     6792.620     6793.630
   360:     6793.790     6795.560     6798.590     6821.520     6822.890
   365:     6822.990     6823.080     6837.390     6839.420     6845.330
   370:     6880.540     6887.770     6887.980     6895.010     6895.520
   375:     6895.800     6896.220     6896.520     6896.720     6898.430
   380:     6898.830     6899.130     6899.440     6899.790     6900.140
   385:     6900.330     6900.530     6900.900     7151.930     7152.150
   390:     7171.460     7171.750     7171.830     7171.870     7172.170
   395:     7172.240     7177.150     7179.970     7180.330     7180.690
   400:     7180.810     7180.990     7186.480     7188.100     7188.420
   405:     7188.720     7189.020     7189.300     7189.630     7189.950
   410:     7190.280     7190.570     7190.850     7191.170     7191.510
   415:     7191.860     7192.170     7192.580     7192.900     7193.210
   420:     7193.550     7193.850     7194.140     7194.450     7194.770
   425:     7195.750     7196.060     7196.380     7197.290     7210.050
   430:     7210.130     7228.500     7228.890     7228.960     7229.230
   435:     7229.610     7230.310     7230.640     7230.960     7231.250
   440:     7231.550     7231.840     7232.150     7232.460     7232.760
   445:     7233.070     7233.400     7233.760     7234.070     7234.370
   450:     7234.670     7234.980     7235.270     7235.520     7235.780
   455:     7236.050     7236.320     7238.590     7238.970     7239.310
   460:     7239.730     7240.110     7240.470     7240.800     7241.070
   465:     7241.360     7241.650     7241.950     7242.240     7242.560
   470:     7242.890     7243.210     7243.540     7243.850     7244.170
   475:     7244.460     7244.600     7244.940     7261.550     7346.300
   480:     7384.260     7386.500     7386.790     7506.140     7590.660
   485:     7630.200     7651.920     7659.900     7661.330     7677.060
   490:     7958.900     7959.720     7964.080     7964.340     7964.750
   495:     7967.110     8008.850     8009.100     8009.360     8010.200
   500:     8029.450     8034.410     8034.770     8035.410     8277.290
   505:     8277.370     8277.400     8278.110     8278.320     8278.690
   510:     8279.040     8279.360     8333.160     8338.250     8384.040
   515:     8384.440     8385.560     8385.880     8389.140     8389.190
   520:     8393.000     8393.530     8397.130     8447.410     8449.440
   525:     8452.060     8467.300     8467.340     8467.400     8467.480
   530:     8668.090     8668.220     8706.320     8706.530     8707.860
   535:     8710.060     8719.220     9102.190     9103.050     9160.610
   540:     9160.680     9163.400     9172.510     9275.930     9275.930
   545:     9275.930     9275.940     9275.940     9285.930     9285.940
   550:     9286.290     9289.180     9393.320     9393.360     9397.100
   555:     9423.620     9529.630     9529.810     9741.620     9744.060
   560:     9770.420     9770.420     9770.420     9770.430     9770.430
   565:     9780.420     9780.430     9851.750     9851.870     9853.090
   570:     9897.280     9912.660     9916.690     9929.400     9951.040
   575:    10003.640    10003.640    10003.640    10003.650    10003.650
   580:    10013.640    10013.650    10403.020    10406.190    10406.320
   585:    10411.260    10415.870    10433.310    10495.890    10496.190
   590:    10499.340    10520.280
