File: C:\MED-PC\Data\2024-11-21_08h55m_Subject 41.txt


Start Date: 11/21/24
End Date: 11/21/24
Subject: 41
Experiment: OralFentSA
Group: One
Box: 9
Start Time: 08:55:59
End Time: 12:04:35
MSN: Golden_Liq_SelfAdmin_EXT
F:       0.000
G:     659.000
H:   10800.000
I:       0.000
J:       0.000
K:       0.000
L:       0.000
M:       0.000
N:       0.000
O:       0.000
P:       0.000
Q:       0.000
R:       0.000
S:       0.000
U:       0.000
V:       0.000
W:       0.000
X:       0.000
Y:       0.000
Z:       0.000
A:
     0:        0.000        0.000      180.000        4.000        0.000
     5:        5.000        0.000        5.000        0.000        0.000
    10:        1.000        0.000       10.000   100000.000       21.000
    15:       24.000      600.000        0.000        0.000        0.000
    20:        0.000
B:
     0:        0.000        0.000        0.000        0.000        0.000
     5:        0.000        0.000        0.000        0.000        0.000
    10:        0.000        0.000     1000.000 10000000.000        0.000
    15:        0.000        0.000        0.000        0.000        0.000
    20:        0.000
C:
     0:        0.000        6.000        9.000        5.000      611.000
     5:     8469.910        2.840        5.000      102.390       20.478
    10:        5.000        9.000        0.000        0.000        0.000
    15:        0.000        0.000        0.000        0.000        0.000
    20:        0.000
D:
     0:        7.220        4.030       84.800        3.500        2.840
E:
     0:       19.000       11.000       26.000       27.000        1.000
     5:        2.000        4.000       22.000       24.000       12.000
    10:        6.000       19.000       11.000        6.000        6.000
    15:        6.000        6.000        6.000        6.000        6.000
    20:        6.000        6.000        6.000        6.000        6.000
    25:        6.000        6.000        6.000        6.000        1.000
    30:        6.000        6.000        6.000        6.000        1.000
    35:        6.000        6.000        6.000        6.000        6.000
    40:        6.000        6.000        6.000        6.000        6.000
    45:        6.000        6.000        6.000        6.000        6.000
    50:        6.000        6.000        6.000        6.000        6.000
    55:        6.000        6.000        6.000        6.000        6.000
    60:        6.000        6.000        6.000        6.000        6.000
    65:        6.000        6.000        6.000        6.000        6.000
    70:        6.000        6.000        6.000        6.000        6.000
    75:        6.000        6.000        6.000        6.000        6.000
    80:        6.000        6.000        6.000        6.000        6.000
    85:        6.000        6.000        6.000        6.000        6.000
    90:        6.000        6.000        6.000        6.000        6.000
    95:        6.000        6.000        6.000        6.000        6.000
   100:        6.000        6.000        6.000        6.000        6.000
   105:        6.000        6.000        6.000        6.000        6.000
   110:        6.000        6.000        6.000        6.000        6.000
   115:        6.000        6.000        6.000        6.000        6.000
   120:        6.000        6.000        6.000        6.000        6.000
   125:        6.000        6.000        6.000        6.000        6.000
   130:        6.000        6.000        6.000        6.000        6.000
   135:        6.000        6.000        6.000        6.000        6.000
   140:        6.000        1.000        2.000        4.000       22.000
   145:       24.000       12.000        6.000        6.000        6.000
   150:        6.000       19.000       11.000        6.000        6.000
   155:        6.000        6.000        6.000        6.000        6.000
   160:        6.000        6.000        6.000        6.000        6.000
   165:        6.000        6.000        6.000        6.000        1.000
   170:        6.000        6.000        6.000        6.000        6.000
   175:        6.000        6.000        6.000        6.000        6.000
   180:        6.000        6.000        6.000        6.000        6.000
   185:        6.000        6.000        6.000        6.000        6.000
   190:        6.000        6.000        6.000        6.000        6.000
   195:        6.000        6.000        6.000        6.000        6.000
   200:        6.000        6.000        6.000        6.000        6.000
   205:        6.000        6.000        6.000        6.000        6.000
   210:        6.000        6.000        6.000        6.000        6.000
   215:        6.000        6.000        6.000        6.000        6.000
   220:        6.000        6.000        6.000        6.000        6.000
   225:        6.000        6.000        6.000        6.000        6.000
   230:        6.000        6.000        6.000        6.000        6.000
   235:        6.000        6.000        6.000        6.000        6.000
   240:        6.000        6.000        6.000        6.000        6.000
   245:        6.000        6.000        6.000        6.000        6.000
   250:        6.000        6.000        6.000        6.000        6.000
   255:        6.000        6.000        6.000        6.000        6.000
   260:        6.000        6.000        6.000        6.000        6.000
   265:        6.000        6.000        6.000        6.000        6.000
   270:        6.000        6.000        6.000        6.000        6.000
   275:        6.000        6.000        6.000        6.000        6.000
   280:        6.000        6.000        6.000        6.000        6.000
   285:        6.000        6.000        6.000        6.000        6.000
   290:        6.000        6.000        6.000        6.000        6.000
   295:        6.000        6.000        6.000        6.000        6.000
   300:        6.000        6.000        6.000        6.000        6.000
   305:        6.000        6.000        6.000        6.000        6.000
   310:        6.000        6.000        6.000        6.000        6.000
   315:        6.000        6.000        6.000        6.000        6.000
   320:        6.000        6.000        6.000        6.000        6.000
   325:        6.000        6.000        6.000        6.000        6.000
   330:        6.000        6.000        6.000        6.000        6.000
   335:        6.000        6.000        6.000        6.000        6.000
   340:        6.000        6.000        6.000        6.000        6.000
   345:        6.000        6.000        6.000        6.000        6.000
   350:        6.000        6.000        6.000        6.000        6.000
   355:        6.000        6.000        6.000        6.000        6.000
   360:        6.000        6.000        6.000        6.000        6.000
   365:        6.000        6.000        6.000        6.000        6.000
   370:        6.000        6.000        6.000        6.000        6.000
   375:        6.000        6.000        6.000        6.000        6.000
   380:        6.000        6.000        6.000        6.000        6.000
   385:        6.000        6.000        6.000        6.000        6.000
   390:        6.000        6.000        6.000        6.000        6.000
   395:        6.000        6.000        6.000        6.000        6.000
   400:        6.000        6.000        6.000        6.000        6.000
   405:        6.000        6.000        6.000        6.000        6.000
   410:        6.000        6.000        6.000        6.000        6.000
   415:        6.000        6.000        6.000        6.000        6.000
   420:        6.000        6.000        6.000        6.000        6.000
   425:        6.000        6.000        6.000        6.000        6.000
   430:        6.000        6.000        6.000        6.000        6.000
   435:        6.000        6.000        6.000        6.000        6.000
   440:        6.000        6.000        6.000        6.000        6.000
   445:        6.000        6.000        6.000        6.000        6.000
   450:        6.000        6.000        6.000        6.000        6.000
   455:        6.000        6.000        6.000        6.000        6.000
   460:        6.000        6.000        6.000        6.000        6.000
   465:        6.000        6.000        6.000        6.000        6.000
   470:        6.000        6.000        6.000        6.000        6.000
   475:        6.000        6.000        6.000        6.000        6.000
   480:        6.000        6.000        6.000        6.000        6.000
   485:        6.000        6.000        6.000        6.000        6.000
   490:        6.000        6.000        6.000        6.000        6.000
   495:        6.000        6.000        6.000        6.000        6.000
   500:        6.000        6.000        6.000        6.000        6.000
   505:        6.000        6.000        6.000        6.000        6.000
   510:        6.000        6.000        6.000        6.000        6.000
   515:        6.000        6.000        6.000        6.000        6.000
   520:        6.000        6.000        6.000        6.000        6.000
   525:        6.000        6.000        6.000        6.000        6.000
   530:        6.000        6.000        6.000        6.000        6.000
   535:        6.000        6.000        6.000        6.000        6.000
   540:        6.000        6.000        6.000        6.000        6.000
   545:        6.000        6.000        6.000        6.000        2.000
   550:        4.000       22.000       24.000       12.000       19.000
   555:       11.000        6.000        6.000        6.000        6.000
   560:        6.000        6.000        6.000        6.000        6.000
   565:        2.000        4.000       22.000       24.000       12.000
   570:        6.000        6.000        6.000        6.000       19.000
   575:       11.000        6.000        6.000        6.000        6.000
   580:        6.000        6.000        6.000        6.000        6.000
   585:        6.000        6.000        1.000        1.000        1.000
   590:        6.000        1.000        6.000        6.000        2.000
   595:        4.000       22.000       24.000       12.000        6.000
   600:        6.000       19.000       11.000        6.000        6.000
   605:        6.000        6.000        6.000        6.000        6.000
   610:        6.000        6.000        6.000        6.000        6.000
   615:        6.000        6.000        6.000        6.000        6.000
   620:        6.000        6.000        6.000        6.000        6.000
   625:        6.000        6.000        6.000        6.000        6.000
   630:        6.000        6.000        6.000        6.000        6.000
   635:        6.000        6.000        6.000        6.000        6.000
   640:        6.000        6.000        6.000        6.000        6.000
   645:        6.000        6.000        6.000        6.000        6.000
   650:        6.000        6.000        6.000        6.000        6.000
   655:        6.000        6.000        6.000        6.000      100.000
T:
     0:        0.000        0.000        0.000        0.000        6.490
     5:       18.240       18.240       18.240       18.250       18.250
    10:       25.470       28.240       28.250       33.720       34.150
    15:       34.550       34.590       37.330       38.830       38.990
    20:       48.550       57.600       58.030       59.640       66.220
    25:       66.540       66.910       76.330       80.010      105.590
    30:      144.270      146.010      149.060      151.260      163.850
    35:      167.990      172.140      173.400      173.570      177.590
    40:      177.610      178.510      182.110      184.290      185.890
    45:      186.110      186.190      186.420      186.520      195.180
    50:      196.470      406.180      406.250      406.390      414.470
    55:      415.570      415.950      417.130      441.630      456.350
    60:      456.510      472.710      472.740      474.010      485.040
    65:      485.510      534.170      535.600      536.210      536.280
    70:      548.620      548.970      550.170      559.330      560.050
    75:      560.440      590.970      591.190      616.470      617.960
    80:      619.450      619.660      625.880      626.160      627.330
    85:      627.450      627.860      725.340      725.820      726.720
    90:      727.240      775.560      820.080      838.350      838.480
    95:      839.480      839.800      843.930      860.880      861.300
   100:      861.880      862.570      873.910     1020.760     1424.350
   105:     1424.860     1425.420     1434.690     1436.480     1436.790
   110:     1437.690     1462.250     1490.060     1490.180     1490.300
   115:     1525.070     1525.670     1531.460     1531.720     1531.860
   120:     1532.330     1533.130     1535.090     1535.270     1536.130
   125:     1564.580     1564.850     1566.890     1567.230     1568.590
   130:     1571.150     1571.770     1608.000     1613.330     1613.400
   135:     1613.660     1624.550     1624.750     1628.340     1675.800
   140:     1675.870     1737.040     1743.370     1743.370     1743.370
   145:     1743.380     1743.380     1747.410     1748.900     1749.140
   150:     1750.020     1753.370     1753.380     1771.450     1771.990
   155:     1774.450     1774.620     1776.470     1777.080     1777.890
   160:     1871.840     1874.840     1887.840     1888.210     1888.440
   165:     1889.280     1889.330     1889.890     1891.630     1900.420
   170:     1920.310     1921.520     1922.390     1933.380     1936.330
   175:     1999.890     2000.120     2000.260     2000.300     2000.380
   180:     2002.180     2006.990     2008.350     2008.820     2009.460
   185:     2011.510     2015.470     2015.640     2029.730     2029.910
   190:     2030.690     2032.480     2032.520     2035.570     2035.740
   195:     2052.030     2052.250     2055.230     2058.120     2058.150
   200:     2058.740     2058.830     2088.910     2155.660     2156.620
   205:     2156.820     2157.130     2157.190     2157.380     2159.410
   210:     2160.510     2177.730     2178.250     2178.320     2178.370
   215:     2181.020     2181.160     2181.620     2181.920     2182.170
   220:     2244.160     2253.420     2255.460     2256.120     2257.690
   225:     2282.810     2283.170     2284.440     2304.400     2456.140
   230:     2456.940     2457.700     2498.370     2499.380     2499.990
   235:     2723.440     2723.960     2728.160     2728.250     2761.160
   240:     2770.900     2771.500     2772.000     2772.160     2772.490
   245:     2772.990     2773.700     3006.270     3115.530     3290.710
   250:     3628.950     3629.480     3629.580     3629.860     3630.340
   255:     3637.700     3638.610     3638.650     3638.820     3639.270
   260:     3639.810     3640.230     3640.820     3640.970     3641.040
   265:     3643.070     3643.650     3644.350     3645.020     3653.030
   270:     3653.090     3700.630     3746.080     3749.100     3818.540
   275:     3821.380     3832.740     3833.260     3833.350     3834.620
   280:     3836.230     3836.570     4239.800     4241.070     4241.200
   285:     4241.330     4241.840     4242.000     4242.360     4243.110
   290:     4250.100     4251.940     4252.720     4253.100     4337.340
   295:     4881.360     4985.230     4985.540     5023.650     5023.760
   300:     5023.920     5024.540     5084.350     5085.620     5178.340
   305:     5178.920     5179.490     5180.140     5180.710     5181.330
   310:     5181.900     5182.440     5183.000     5183.590     5184.170
   315:     5184.750     5185.340     5185.920     5186.500     5187.090
   320:     5187.640     5188.130     5188.580     5189.020     5189.430
   325:     5189.950     5190.390     5190.960     5191.410     5191.840
   330:     5192.450     5193.150     5193.790     5194.390     5195.010
   335:     5195.560     5196.630     5197.210     5197.820     5198.950
   340:     5199.540     5200.130     5200.620     5201.120     5201.610
   345:     5202.170     5202.710     5203.440     5204.060     5204.730
   350:     5205.380     5205.960     5206.550     5207.170     5207.700
   355:     5208.270     5208.900     5209.520     5210.090     5210.680
   360:     5211.280     5211.830     5212.380     5212.980     5213.620
   365:     5214.230     5214.800     5215.240     5215.680     5216.120
   370:     5216.620     5217.090     5217.410     5217.830     5218.510
   375:     5219.280     5219.970     5220.630     5221.140     5221.660
   380:     5222.140     5222.850     5223.620     5223.990     5224.260
   385:     5282.890     5453.930     5479.800     5479.880     5480.230
   390:     5480.270     5480.360     5480.570     5480.640     5480.910
   395:     5490.320     5491.070     5491.930     5492.620     5493.150
   400:     5493.740     5494.210     5494.680     5502.300     5515.820
   405:     5517.570     5519.190     5519.770     5519.860     5520.130
   410:     5520.350     5520.440     5520.530     5521.000     5521.360
   415:     5521.670     5521.780     5542.650     5544.970     5549.600
   420:     5550.170     5551.550     5565.880     5566.260     5566.780
   425:     5566.870     5567.470     5573.210     5576.700     5577.140
   430:     5577.320     5577.400     5577.490     5577.670     5577.830
   435:     5578.010     5578.200     5578.400     5581.580     5609.350
   440:     5610.180     5610.470     5610.490     5611.760     5616.440
   445:     5648.030     5650.030     5665.480     5697.950     5698.400
   450:     5699.320     5699.510     5699.870     5700.050     5700.250
   455:     5700.430     5700.610     5700.990     5701.160     5701.380
   460:     5701.580     5702.070     5702.400     5702.570     5702.770
   465:     5702.960     5703.130     5704.760     5704.860     5705.350
   470:     5725.120     5748.530     5759.570     5770.170     5770.220
   475:     5770.290     5770.410     5770.460     5770.510     5770.780
   480:     5782.170     5784.400     5784.710     5786.470     5787.140
   485:     5802.540     5802.720     5875.840     6372.440     7595.890
   490:     7596.160     7597.020     7597.980     7598.030     7598.160
   495:     7599.510     7599.920     7599.970     7601.630     7606.750
   500:     7607.340     7607.390     7607.570     7607.660     7610.940
   505:     7612.000     7613.900     7614.360     7614.790     7615.180
   510:     7615.590     7616.030     7616.440     7616.910     7617.420
   515:     7617.910     7618.410     7618.910     7619.420     7619.990
   520:     7620.540     7621.090     7621.640     7622.140     7622.590
   525:     7623.040     7623.490     7681.810     7684.060     7684.090
   530:     7684.130     7684.150     7684.180     7684.210     7684.240
   535:     7684.300     7684.620     7689.570     7690.010     7691.290
   540:     7692.820     7693.170     7693.700     7693.750     7694.020
   545:     7694.840     7695.080     7696.180     7699.750     7805.110
   550:     7805.110     7805.110     7805.120     7805.120     7815.110
   555:     7815.120     7889.920     7889.970     7890.010     8089.470
   560:     8101.390     8101.940     8101.960     8102.790     8112.930
   565:     8155.560     8155.560     8155.560     8155.570     8155.570
   570:     8159.070     8161.130     8161.270     8161.390     8165.560
   575:     8165.570     8221.970     8225.200     8227.630     8227.680
   580:     8228.900     8229.900     8232.200     8234.140     8234.200
   585:     8234.230     8234.520     8247.370     8252.070     8269.640
   590:     8347.580     8379.710     8412.470     8413.510     8469.900
   595:     8469.900     8469.900     8469.910     8469.910     8472.750
   600:     8479.210     8479.900     8479.910     8483.940     8484.030
   605:     8485.070     8486.350     8523.980     8524.670     8524.870
   610:     8524.980     8525.900     8527.660     8528.900     8530.540
   615:     8531.330     8532.370     8596.390     8698.000     8699.410
   620:     8700.220     8700.270     8791.150     8791.730     8794.380
   625:     8794.490     8805.990     8812.430     8837.730     8847.470
   630:     8848.800     8909.660     8952.690     8953.340     8953.390
   635:     8953.970     8956.040     8957.030     9154.310     9635.860
   640:     9875.420    10123.470    10130.510    10130.770    10131.160
   645:    10131.780    10132.450    10133.000    10315.360    10318.450
   650:    10318.900    10320.010    10321.490    10322.400    10323.920
   655:    10324.240    10449.120    10543.410    10591.840    10800.000
