File: C:\MED-PC\Data\2024-10-31_12h57m_Subject 51.txt


Start Date: 10/31/24
End Date: 10/31/24
Subject: 51
Experiment: OralFentSA
Group: One
Box: 7
Start Time: 12:57:34
End Time: 15:57:50
MSN: 20241014_Golden_Liq_SelfAdmin
F:       0.000
G:    2086.000
H:   10800.000
I:       0.000
J:       0.000
K:       0.000
L:       0.000
M:       0.000
N:       0.000
O:       0.000
P:       0.000
Q:       0.000
R:       0.000
S:       0.000
U:       0.000
V:       0.000
W:       0.000
X:       0.000
Y:       0.000
Z:       0.000
A:
     0:        0.000        0.000      180.000        4.000        0.000
     5:        5.000        0.000        5.000        0.000        0.000
    10:        1.000        0.000       10.000   100000.000       23.900
    15:        9.000      640.000        0.000        0.000        0.000
    20:        0.000
B:
     0:        0.000        0.000        0.000      400.000        0.000
     5:      500.000        0.000      500.000        0.000        0.000
    10:        0.000        0.000     1000.000 10000000.000        0.000
    15:        0.000        0.000        0.000        0.000        0.000
    20:        0.000
C:
     0:        6.000        7.000       28.000        8.000     1966.000
     5:     9556.230       21.580        6.000      573.260       95.543
    10:        8.000       28.000        0.000        0.000        0.000
    15:        0.000        0.000        0.000        0.000        0.000
    20:        0.000
D:
     0:        8.460        3.130       48.670       48.980      442.440
     5:       21.580
E:
     0:       19.000       11.000       26.000       27.000        1.000
     5:        6.000        6.000        6.000        6.000        6.000
    10:        6.000        6.000        6.000        6.000        6.000
    15:        6.000        6.000        6.000        6.000        6.000
    20:        6.000        6.000        6.000        6.000        6.000
    25:        6.000        6.000        6.000        6.000        2.000
    30:        4.000       22.000       24.000       12.000       13.000
    35:        8.000        5.000       17.000       21.000       22.000
    40:       18.000       14.000       10.000        6.000       19.000
    45:       11.000        6.000        6.000        6.000        6.000
    50:        6.000        6.000        6.000        6.000        6.000
    55:        6.000        6.000        6.000        6.000        6.000
    60:        6.000        6.000        6.000        6.000        6.000
    65:        6.000        6.000        6.000        6.000        6.000
    70:        6.000        6.000        6.000        6.000        6.000
    75:        6.000        6.000        1.000        1.000        6.000
    80:        6.000        6.000        6.000        6.000        6.000
    85:        6.000        6.000        6.000        6.000        6.000
    90:        6.000        6.000        6.000        6.000        6.000
    95:        6.000        6.000        6.000        6.000        6.000
   100:        6.000        6.000        6.000        6.000        2.000
   105:        4.000       22.000       24.000       12.000       13.000
   110:        8.000        5.000       17.000        6.000       18.000
   115:       14.000       10.000        6.000       19.000       11.000
   120:        6.000        6.000        6.000        6.000        6.000
   125:        6.000        6.000        6.000        6.000        6.000
   130:        6.000        2.000        4.000       22.000       24.000
   135:       12.000       13.000        8.000        5.000       17.000
   140:       18.000       14.000       10.000       19.000       11.000
   145:        6.000        6.000        6.000        6.000        6.000
   150:        6.000        6.000        6.000        6.000        6.000
   155:        6.000        6.000        6.000        6.000        6.000
   160:        6.000        6.000        6.000        6.000        6.000
   165:        6.000        6.000        6.000        6.000        6.000
   170:        6.000        6.000        6.000        6.000        6.000
   175:        6.000        6.000        6.000        6.000        6.000
   180:        6.000        6.000        6.000        6.000        6.000
   185:        6.000        6.000        6.000        6.000        6.000
   190:        6.000        6.000        6.000        6.000        6.000
   195:        6.000        6.000        6.000        6.000        6.000
   200:        6.000        6.000        6.000        6.000        6.000
   205:        6.000        6.000        6.000        6.000        6.000
   210:        6.000        6.000        6.000        6.000        6.000
   215:        6.000        6.000        6.000        6.000        6.000
   220:        6.000        6.000        6.000        6.000        6.000
   225:        6.000        6.000        6.000        6.000        1.000
   230:        6.000        6.000        6.000        6.000        6.000
   235:        6.000        6.000        6.000        6.000        6.000
   240:        6.000        6.000        6.000        6.000        6.000
   245:        6.000        6.000        6.000        6.000        6.000
   250:        6.000        6.000        6.000        6.000        6.000
   255:        6.000        6.000        6.000        6.000        6.000
   260:        6.000        6.000        6.000        6.000        6.000
   265:        6.000        6.000        6.000        6.000        6.000
   270:        6.000        6.000        6.000        6.000        6.000
   275:        6.000        6.000        6.000        6.000        6.000
   280:        6.000        6.000        6.000        6.000        6.000
   285:        1.000        6.000        6.000        6.000        6.000
   290:        6.000        6.000        6.000        6.000        6.000
   295:        6.000        6.000        6.000        6.000        6.000
   300:        6.000        6.000        6.000        6.000        6.000
   305:        6.000        6.000        6.000        6.000        6.000
   310:        6.000        6.000        6.000        6.000        6.000
   315:        6.000        6.000        6.000        6.000        6.000
   320:        6.000        6.000        6.000        6.000        6.000
   325:        6.000        6.000        6.000        6.000        6.000
   330:        6.000        6.000        6.000        6.000        6.000
   335:        6.000        6.000        6.000        6.000        6.000
   340:        6.000        6.000        6.000        6.000        6.000
   345:        6.000        6.000        6.000        6.000        6.000
   350:        6.000        6.000        6.000        6.000        6.000
   355:        6.000        6.000        6.000        6.000        6.000
   360:        6.000        6.000        6.000        6.000        6.000
   365:        6.000        6.000        6.000        6.000        6.000
   370:        6.000        6.000        6.000        6.000        6.000
   375:        6.000        6.000        6.000        6.000        6.000
   380:        6.000        6.000        6.000        6.000        6.000
   385:        6.000        6.000        6.000        6.000        6.000
   390:        6.000        6.000        6.000        6.000        6.000
   395:        6.000        6.000        6.000        6.000        6.000
   400:        6.000        6.000        6.000        6.000        6.000
   405:        6.000        6.000        6.000        6.000        6.000
   410:        6.000        6.000        6.000        6.000        6.000
   415:        6.000        6.000        6.000        6.000        6.000
   420:        6.000        6.000        6.000        6.000        6.000
   425:        6.000        6.000        6.000        6.000        6.000
   430:        6.000        6.000        6.000        6.000        6.000
   435:        6.000        6.000        6.000        6.000        6.000
   440:        6.000        6.000        6.000        6.000        6.000
   445:        6.000        6.000        6.000        6.000        6.000
   450:        6.000        6.000        6.000        6.000        6.000
   455:        6.000        6.000        6.000        6.000        6.000
   460:        6.000        6.000        6.000        6.000        6.000
   465:        6.000        6.000        6.000        6.000        6.000
   470:        6.000        6.000        6.000        6.000        6.000
   475:        6.000        6.000        6.000        6.000        6.000
   480:        6.000        6.000        6.000        6.000        6.000
   485:        6.000        6.000        6.000        6.000        6.000
   490:        2.000        4.000       22.000       24.000       12.000
   495:       13.000        8.000        5.000       17.000       18.000
   500:       14.000       10.000       19.000       11.000        6.000
   505:        6.000        6.000        6.000        6.000        6.000
   510:        6.000        6.000        6.000        6.000        6.000
   515:        6.000        6.000        6.000        6.000        6.000
   520:        6.000        6.000        6.000        6.000        6.000
   525:        6.000        6.000        6.000        6.000        6.000
   530:        6.000        6.000        6.000        6.000        6.000
   535:        6.000        6.000        6.000        6.000        6.000
   540:        6.000        6.000        6.000        6.000        6.000
   545:        6.000        6.000        1.000        6.000        6.000
   550:        6.000        6.000        6.000        6.000        6.000
   555:        6.000        6.000        6.000        6.000        6.000
   560:        6.000        6.000        6.000        6.000        6.000
   565:        6.000        6.000        6.000        6.000        6.000
   570:        6.000        6.000        6.000        2.000        4.000
   575:       22.000       24.000       12.000       13.000        8.000
   580:        5.000       17.000       18.000       14.000       10.000
   585:       19.000       11.000        6.000        6.000        6.000
   590:        6.000        6.000        6.000        6.000        6.000
   595:        6.000        6.000        6.000        6.000        6.000
   600:        6.000        6.000        6.000        6.000        6.000
   605:        6.000        6.000        6.000        6.000        6.000
   610:        6.000        6.000        6.000        6.000        6.000
   615:        6.000        6.000        6.000        6.000        6.000
   620:        6.000        1.000        6.000        6.000        6.000
   625:        6.000        6.000        6.000        6.000        6.000
   630:        6.000        6.000        6.000        6.000        6.000
   635:        6.000        6.000        6.000        6.000        6.000
   640:        6.000        6.000        6.000        6.000        6.000
   645:        6.000        6.000        6.000        6.000        6.000
   650:        6.000        6.000        6.000        6.000        6.000
   655:        6.000        6.000        6.000        6.000        6.000
   660:        6.000        6.000        6.000        6.000        6.000
   665:        6.000        6.000        6.000        6.000        6.000
   670:        6.000        6.000        6.000        6.000        6.000
   675:        6.000        6.000        6.000        6.000        6.000
   680:        6.000        6.000        6.000        6.000        6.000
   685:        6.000        6.000        6.000        6.000        6.000
   690:        6.000        6.000        6.000        6.000        6.000
   695:        6.000        6.000        6.000        6.000        6.000
   700:        6.000        6.000        6.000        6.000        6.000
   705:        6.000        6.000        6.000        6.000        6.000
   710:        6.000        6.000        6.000        6.000        6.000
   715:        6.000        6.000        6.000        6.000        6.000
   720:        6.000        6.000        6.000        6.000        6.000
   725:        6.000        6.000        6.000        6.000        6.000
   730:        6.000        6.000        6.000        6.000        6.000
   735:        6.000        6.000        6.000        6.000        6.000
   740:        6.000        6.000        6.000        6.000        6.000
   745:        6.000        6.000        6.000        6.000        6.000
   750:        6.000        6.000        6.000        6.000        6.000
   755:        6.000        6.000        6.000        6.000        6.000
   760:        6.000        6.000        6.000        6.000        6.000
   765:        6.000        6.000        6.000        6.000        6.000
   770:        6.000        6.000        6.000        6.000        6.000
   775:        6.000        6.000        6.000        6.000        6.000
   780:        6.000        6.000        6.000        6.000        6.000
   785:        6.000        6.000        6.000        6.000        6.000
   790:        6.000        6.000        6.000        6.000        6.000
   795:        6.000        6.000        6.000        6.000        6.000
   800:        6.000        6.000        6.000        6.000        6.000
   805:        6.000        6.000        6.000        6.000        6.000
   810:        6.000        6.000        6.000        6.000        6.000
   815:        6.000        6.000        6.000        6.000        6.000
   820:        6.000        6.000        6.000        6.000        6.000
   825:        6.000        6.000        6.000        6.000        6.000
   830:        6.000        6.000        6.000        6.000        6.000
   835:        6.000        6.000        6.000        6.000        6.000
   840:        6.000        6.000        6.000        6.000        6.000
   845:        6.000        6.000        6.000        6.000        6.000
   850:        6.000        1.000        1.000        1.000        1.000
   855:        1.000        1.000        6.000        6.000        6.000
   860:        6.000        6.000        6.000        6.000        6.000
   865:        6.000        6.000        6.000        6.000        6.000
   870:        6.000        6.000        6.000        6.000        6.000
   875:        6.000        6.000        6.000        6.000        6.000
   880:        6.000        6.000        6.000        6.000        6.000
   885:        6.000        6.000        6.000        6.000        6.000
   890:        6.000        6.000        6.000        6.000        6.000
   895:        6.000        6.000        6.000        6.000        6.000
   900:        6.000        6.000        6.000        6.000        6.000
   905:        6.000        6.000        6.000        6.000        6.000
   910:        6.000        6.000        6.000        6.000        6.000
   915:        6.000        6.000        6.000        6.000        6.000
   920:        6.000        6.000        6.000        6.000        6.000
   925:        6.000        6.000        6.000        6.000        6.000
   930:        6.000        6.000        6.000        6.000        6.000
   935:        6.000        6.000        6.000        6.000        6.000
   940:        6.000        6.000        6.000        6.000        6.000
   945:        6.000        6.000        6.000        6.000        6.000
   950:        6.000        6.000        6.000        6.000        6.000
   955:        1.000        1.000        1.000        1.000        1.000
   960:        1.000        1.000        1.000        1.000        1.000
   965:        1.000        6.000        6.000        6.000        6.000
   970:        6.000        6.000        6.000        6.000        6.000
   975:        6.000        6.000        6.000        6.000        6.000
   980:        6.000        6.000        6.000        6.000        6.000
   985:        6.000        6.000        6.000        6.000        6.000
   990:        6.000        6.000        6.000        6.000        6.000
   995:        6.000        6.000        6.000        6.000        6.000
  1000:        6.000        6.000        6.000        6.000        6.000
  1005:        6.000        6.000        6.000        6.000        6.000
  1010:        6.000        6.000        6.000        6.000        6.000
  1015:        6.000        6.000        6.000        6.000        6.000
  1020:        6.000        6.000        6.000        6.000        6.000
  1025:        6.000        6.000        6.000        6.000        6.000
  1030:        6.000        6.000        6.000        6.000        6.000
  1035:        6.000        6.000        6.000        6.000        6.000
  1040:        6.000        6.000        6.000        6.000        6.000
  1045:        6.000        6.000        6.000        6.000        6.000
  1050:        6.000        6.000        6.000        6.000        6.000
  1055:        6.000        6.000        6.000        6.000        6.000
  1060:        6.000        6.000        1.000        6.000        6.000
  1065:        6.000        6.000        6.000        6.000        6.000
  1070:        6.000        6.000        6.000        6.000        6.000
  1075:        6.000        6.000        6.000        6.000        6.000
  1080:        6.000        6.000        6.000        6.000        6.000
  1085:        6.000        6.000        6.000        6.000        6.000
  1090:        6.000        6.000        6.000        6.000        6.000
  1095:        6.000        6.000        6.000        6.000        6.000
  1100:        6.000        6.000        6.000        6.000        6.000
  1105:        6.000        6.000        6.000        6.000        6.000
  1110:        6.000        6.000        6.000        6.000        6.000
  1115:        6.000        6.000        6.000        6.000        6.000
  1120:        6.000        6.000        6.000        6.000        6.000
  1125:        6.000        6.000        6.000        6.000        6.000
  1130:        6.000        6.000        6.000        6.000        6.000
  1135:        6.000        6.000        6.000        6.000        6.000
  1140:        6.000        6.000        6.000        6.000        6.000
  1145:        6.000        6.000        6.000        6.000        6.000
  1150:        6.000        6.000        6.000        6.000        6.000
  1155:        6.000        6.000        6.000        6.000        6.000
  1160:        6.000        6.000        6.000        6.000        6.000
  1165:        6.000        6.000        6.000        6.000        6.000
  1170:        6.000        6.000        6.000        6.000        6.000
  1175:        6.000        6.000        6.000        6.000        6.000
  1180:        6.000        6.000        6.000        6.000        6.000
  1185:        6.000        6.000        6.000        6.000        6.000
  1190:        6.000        6.000        6.000        6.000        6.000
  1195:        6.000        6.000        6.000        6.000        6.000
  1200:        6.000        6.000        6.000        6.000        6.000
  1205:        6.000        6.000        6.000        6.000        6.000
  1210:        6.000        6.000        6.000        6.000        6.000
  1215:        6.000        6.000        6.000        6.000        6.000
  1220:        6.000        6.000        6.000        6.000        6.000
  1225:        6.000        6.000        6.000        6.000        6.000
  1230:        6.000        6.000        6.000        6.000        6.000
  1235:        6.000        6.000        6.000        6.000        6.000
  1240:        6.000        6.000        6.000        6.000        6.000
  1245:        6.000        6.000        6.000        6.000        6.000
  1250:        6.000        6.000        6.000        6.000        6.000
  1255:        6.000        6.000        6.000        6.000        6.000
  1260:        6.000        6.000        6.000        6.000        6.000
  1265:        6.000        6.000        6.000        6.000        6.000
  1270:        6.000        6.000        6.000        6.000        6.000
  1275:        6.000        6.000        6.000        6.000        6.000
  1280:        6.000        6.000        6.000        6.000        6.000
  1285:        1.000        6.000        6.000        6.000        6.000
  1290:        6.000        6.000        6.000        6.000        6.000
  1295:        6.000        6.000        6.000        6.000        6.000
  1300:        6.000        6.000        6.000        6.000        6.000
  1305:        6.000        6.000        6.000        6.000        6.000
  1310:        6.000        6.000        6.000        6.000        6.000
  1315:        6.000        6.000        6.000        6.000        6.000
  1320:        6.000        6.000        6.000        6.000        6.000
  1325:        6.000        6.000        6.000        6.000        6.000
  1330:        6.000        6.000        6.000        6.000        6.000
  1335:        6.000        6.000        6.000        6.000        6.000
  1340:        6.000        6.000        6.000        6.000        6.000
  1345:        6.000        6.000        6.000        6.000        6.000
  1350:        6.000        6.000        6.000        6.000        6.000
  1355:        6.000        6.000        6.000        6.000        6.000
  1360:        6.000        6.000        6.000        6.000        6.000
  1365:        6.000        6.000        6.000        6.000        6.000
  1370:        6.000        6.000        6.000        6.000        6.000
  1375:        6.000        6.000        6.000        6.000        6.000
  1380:        6.000        6.000        6.000        6.000        6.000
  1385:        6.000        6.000        6.000        6.000        6.000
  1390:        6.000        6.000        6.000        6.000        6.000
  1395:        6.000        6.000        6.000        6.000        6.000
  1400:        6.000        6.000        6.000        6.000        6.000
  1405:        6.000        6.000        6.000        6.000        6.000
  1410:        6.000        6.000        6.000        6.000        6.000
  1415:        6.000        6.000        6.000        6.000        6.000
  1420:        6.000        6.000        6.000        6.000        6.000
  1425:        6.000        6.000        6.000        6.000        6.000
  1430:        6.000        6.000        6.000        6.000        6.000
  1435:        6.000        6.000        6.000        6.000        6.000
  1440:        6.000        6.000        6.000        6.000        6.000
  1445:        6.000        6.000        6.000        6.000        6.000
  1450:        6.000        6.000        6.000        6.000        6.000
  1455:        6.000        6.000        6.000        6.000        6.000
  1460:        6.000        6.000        6.000        6.000        6.000
  1465:        6.000        6.000        6.000        6.000        6.000
  1470:        6.000        6.000        6.000        6.000        6.000
  1475:        6.000        6.000        6.000        6.000        6.000
  1480:        6.000        6.000        6.000        6.000        6.000
  1485:        6.000        6.000        6.000        6.000        6.000
  1490:        6.000        6.000        6.000        6.000        6.000
  1495:        6.000        6.000        6.000        6.000        6.000
  1500:        6.000        6.000        6.000        6.000        6.000
  1505:        6.000        6.000        6.000        6.000        6.000
  1510:        6.000        6.000        6.000        6.000        6.000
  1515:        6.000        6.000        6.000        6.000        6.000
  1520:        6.000        6.000        6.000        6.000        6.000
  1525:        6.000        6.000        6.000        6.000        6.000
  1530:        6.000        6.000        6.000        6.000        6.000
  1535:        6.000        6.000        6.000        6.000        6.000
  1540:        6.000        6.000        6.000        6.000        6.000
  1545:        6.000        6.000        6.000        6.000        6.000
  1550:        6.000        6.000        6.000        6.000        6.000
  1555:        6.000        6.000        6.000        6.000        6.000
  1560:        6.000        6.000        6.000        6.000        6.000
  1565:        6.000        6.000        6.000        6.000        6.000
  1570:        6.000        6.000        6.000        6.000        6.000
  1575:        6.000        6.000        6.000        6.000        6.000
  1580:        6.000        6.000        6.000        6.000        6.000
  1585:        6.000        6.000        6.000        6.000        6.000
  1590:        6.000        6.000        6.000        6.000        6.000
  1595:        6.000        6.000        6.000        6.000        6.000
  1600:        6.000        6.000        6.000        6.000        6.000
  1605:        6.000        6.000        6.000        6.000        6.000
  1610:        1.000        1.000        6.000        6.000        6.000
  1615:        6.000        6.000        6.000        6.000        6.000
  1620:        6.000        6.000        6.000        6.000        6.000
  1625:        6.000        6.000        6.000        6.000        6.000
  1630:        6.000        6.000        6.000        6.000        6.000
  1635:        6.000        6.000        6.000        6.000        6.000
  1640:        6.000        6.000        6.000        6.000        6.000
  1645:        6.000        6.000        6.000        6.000        6.000
  1650:        6.000        6.000        6.000        6.000        6.000
  1655:        6.000        6.000        6.000        6.000        6.000
  1660:        6.000        6.000        6.000        6.000        6.000
  1665:        6.000        6.000        6.000        6.000        6.000
  1670:        6.000        6.000        6.000        6.000        6.000
  1675:        2.000        4.000       22.000       24.000       12.000
  1680:       13.000        8.000        5.000       17.000       18.000
  1685:       14.000       10.000       21.000       22.000       19.000
  1690:       11.000        6.000        6.000        6.000        6.000
  1695:        6.000        6.000        6.000        6.000        6.000
  1700:        6.000        6.000        6.000        6.000        6.000
  1705:        6.000        6.000        6.000        6.000        6.000
  1710:        6.000        6.000        6.000        6.000        6.000
  1715:        6.000        6.000        6.000        6.000        6.000
  1720:        6.000        6.000        6.000        6.000        6.000
  1725:        6.000        6.000        6.000        6.000        6.000
  1730:        6.000        6.000        6.000        6.000        6.000
  1735:        6.000        6.000        6.000        6.000        6.000
  1740:        6.000        6.000        6.000        6.000        6.000
  1745:        6.000        6.000        6.000        6.000        6.000
  1750:        6.000        6.000        6.000        6.000        6.000
  1755:        6.000        6.000        6.000        6.000        6.000
  1760:        6.000        6.000        6.000        6.000        6.000
  1765:        6.000        6.000        6.000        6.000        6.000
  1770:        6.000        6.000        6.000        6.000        6.000
  1775:        6.000        6.000        6.000        6.000        6.000
  1780:        6.000        6.000        6.000        6.000        6.000
  1785:        6.000        6.000        6.000        6.000        6.000
  1790:        6.000        6.000        6.000        6.000        6.000
  1795:        6.000        6.000        6.000        6.000        6.000
  1800:        6.000        6.000        6.000        6.000        6.000
  1805:        6.000        6.000        6.000        6.000        6.000
  1810:        6.000        6.000        6.000        6.000        6.000
  1815:        6.000        6.000        6.000        6.000        6.000
  1820:        6.000        6.000        6.000        6.000        6.000
  1825:        6.000        6.000        6.000        6.000        6.000
  1830:        6.000        6.000        6.000        6.000        6.000
  1835:        6.000        6.000        6.000        6.000        6.000
  1840:        6.000        6.000        6.000        6.000        6.000
  1845:        6.000        6.000        6.000        6.000        6.000
  1850:        6.000        6.000        6.000        6.000        6.000
  1855:        6.000        6.000        6.000        6.000        6.000
  1860:        6.000        6.000        6.000        6.000        6.000
  1865:        6.000        6.000        6.000        6.000        6.000
  1870:        6.000        6.000        6.000        6.000        6.000
  1875:        6.000        6.000        6.000        6.000        6.000
  1880:        6.000        6.000        6.000        6.000        6.000
  1885:        6.000        6.000        6.000        6.000        6.000
  1890:        6.000        6.000        6.000        6.000        6.000
  1895:        6.000        6.000        6.000        6.000        6.000
  1900:        6.000        6.000        6.000        6.000        6.000
  1905:        6.000        6.000        6.000        6.000        6.000
  1910:        6.000        6.000        6.000        6.000        6.000
  1915:        6.000        6.000        6.000        6.000        6.000
  1920:        6.000        6.000        6.000        6.000        6.000
  1925:        6.000        6.000        6.000        6.000        6.000
  1930:        6.000        6.000        6.000        6.000        6.000
  1935:        6.000        6.000        6.000        6.000        6.000
  1940:        6.000        6.000        6.000        6.000        6.000
  1945:        6.000        6.000        6.000        6.000        6.000
  1950:        6.000        6.000        6.000        6.000        6.000
  1955:        6.000        6.000        6.000        6.000        6.000
  1960:        6.000        6.000        6.000        6.000        6.000
  1965:        6.000        6.000        6.000        6.000        6.000
  1970:        6.000        6.000        6.000        6.000        6.000
  1975:        6.000        6.000        6.000        6.000        6.000
  1980:        6.000        6.000        6.000        6.000        6.000
  1985:        6.000        6.000        6.000        6.000        6.000
  1990:        6.000        6.000        6.000        6.000        6.000
  1995:        6.000        6.000        6.000        6.000        6.000
  2000:        6.000        6.000        6.000        6.000        6.000
  2005:        6.000        6.000        6.000        6.000        6.000
  2010:        6.000        6.000        6.000        6.000        6.000
  2015:        6.000        6.000        6.000        6.000        6.000
  2020:        6.000        6.000        6.000        6.000        6.000
  2025:        6.000        6.000        6.000        6.000        6.000
  2030:        6.000        6.000        6.000        6.000        6.000
  2035:        6.000        6.000        6.000        6.000        6.000
  2040:        6.000        6.000        6.000        6.000        6.000
  2045:        6.000        6.000        6.000        6.000        6.000
  2050:        6.000        6.000        6.000        6.000        6.000
  2055:        6.000        6.000        6.000        6.000        6.000
  2060:        6.000        6.000        6.000        6.000        6.000
  2065:        6.000        6.000        6.000        6.000        6.000
  2070:        6.000        6.000        6.000        6.000        6.000
  2075:        6.000        6.000        6.000        6.000        6.000
  2080:        6.000        6.000        6.000        6.000        6.000
  2085:        6.000      100.000
T:
     0:        0.000        0.000        0.000        0.000       13.250
     5:       24.510      106.520      110.160      112.780      113.060
    10:      113.290      115.380      117.320      117.400      118.540
    15:      118.610      118.760      120.040      120.830      121.270
    20:      121.460      122.820      122.910      150.990      159.700
    25:      159.870      193.970      194.420      253.490      296.990
    30:      296.990      296.990      297.000      297.000      297.000
    35:      297.000      297.000      297.000      300.430      300.430
    40:      301.000      302.000      302.000      305.460      306.990
    45:      307.000      307.750      307.920      309.290      311.290
    50:      313.370      313.600      318.020      321.200      373.430
    55:      374.530      376.180      376.200      378.340      386.690
    60:      426.860      549.850      549.910      550.450      554.050
    65:      595.140      595.230      595.390      595.600      597.680
    70:      597.720      608.810      610.240      612.890      643.480
    75:      688.220      692.220      695.320      713.420      734.570
    80:      736.520      737.540      738.000      743.180      744.710
    85:      744.760      749.810      749.840      756.120      760.210
    90:      760.440      760.720      760.890      760.970      761.390
    95:      761.840      763.170      777.830      781.580      790.590
   100:      792.450      802.910      808.170      815.440      825.330
   105:      825.330      825.330      825.340      825.340      825.340
   110:      825.340      825.340      825.340      828.470      829.340
   115:      830.340      830.340      832.920      835.330      835.340
   120:      854.280      857.520      859.920      861.260      975.990
   125:      976.230      976.250      976.270      977.820      998.180
   130:     1133.940     1135.970     1135.970     1135.970     1135.980
   135:     1135.980     1135.980     1135.980     1135.980     1135.980
   140:     1139.980     1140.980     1140.980     1145.970     1145.980
   145:     1184.650     1197.580     1200.630     1206.460     1207.000
   150:     1207.460     1208.480     1208.580     1208.850     1209.400
   155:     1209.710     1209.990     1213.770     1213.850     1214.720
   160:     1215.010     1216.140     1216.580     1221.520     1222.040
   165:     1222.960     1223.530     1223.660     1224.040     1224.590
   170:     1230.450     1230.550     1231.170     1231.360     1232.020
   175:     1232.070     1232.170     1232.440     1232.540     1232.670
   180:     1232.820     1232.890     1236.390     1239.490     1277.040
   185:     1277.100     1278.370     1280.180     1281.120     1281.200
   190:     1281.350     1282.080     1283.140     1284.080     1284.190
   195:     1284.360     1285.450     1285.820     1286.150     1286.880
   200:     1287.310     1287.570     1288.690     1289.940     1291.120
   205:     1292.420     1294.990     1295.230     1298.240     1298.420
   210:     1298.450     1301.130     1304.630     1304.930     1306.080
   215:     1306.390     1306.840     1307.200     1309.030     1310.690
   220:     1312.910     1313.460     1313.770     1315.130     1315.150
   225:     1315.210     1315.260     1318.310     1321.600     1323.890
   230:     1343.890     1344.640     1346.240     1354.220     1357.540
   235:     1357.810     1358.030     1358.120     1359.770     1361.540
   240:     1361.810     1365.330     1365.650     1366.480     1366.770
   245:     1367.830     1369.830     1369.890     1371.200     1384.900
   250:     1385.720     1385.910     1388.390     1390.600     1391.140
   255:     1408.250     1408.450     1408.530     1410.030     1419.920
   260:     1420.770     1421.190     1421.230     1421.330     1421.360
   265:     1421.400     1422.630     1423.310     1474.940     1474.970
   270:     1490.110     1544.620     1551.640     1552.610     1678.280
   275:     1678.320     1678.440     1680.020     1680.700     1681.140
   280:     1681.330     1681.370     1695.090     1727.110     1739.460
   285:     1744.630     1891.570     1891.620     1924.420     1924.640
   290:     1925.770     1926.310     1926.370     1926.640     1927.820
   295:     1928.880     1929.600     1931.330     1943.520     1945.380
   300:     1952.910     1956.740     1956.900     2033.320     2131.060
   305:     2132.220     2140.000     2140.320     2140.350     2168.320
   310:     2169.590     2169.700     2169.770     2169.930     2170.010
   315:     2170.210     2239.030     2244.350     2244.680     2245.550
   320:     2246.450     2247.080     2247.150     2248.160     2248.520
   325:     2249.550     2271.680     2273.910     2275.240     2275.960
   330:     2278.740     2278.810     2278.840     2281.160     2283.480
   335:     2283.850     2285.780     2292.650     2293.180     2293.690
   340:     2294.310     2294.720     2295.420     2295.550     2295.690
   345:     2296.210     2298.850     2305.850     2306.330     2307.500
   350:     2307.590     2307.940     2310.830     2310.920     2311.010
   355:     2311.360     2313.130     2313.380     2313.720     2313.800
   360:     2313.860     2313.980     2315.060     2316.000     2316.100
   365:     2316.520     2317.810     2318.560     2318.940     2319.150
   370:     2320.140     2320.180     2320.590     2321.370     2321.430
   375:     2321.710     2321.740     2322.060     2324.780     2325.070
   380:     2325.510     2325.640     2325.670     2326.500     2326.890
   385:     2326.960     2327.200     2327.920     2327.980     2332.060
   390:     2333.360     2334.030     2334.320     2334.460     2338.750
   395:     2339.070     2339.230     2339.560     2340.480     2347.070
   400:     2348.170     2349.670     2350.630     2350.810     2352.830
   405:     2353.440     2353.920     2354.780     2354.810     2354.870
   410:     2354.970     2355.640     2358.190     2358.310     2358.580
   415:     2358.880     2359.080     2359.120     2359.740     2360.000
   420:     2362.360     2362.540     2363.010     2363.350     2514.800
   425:     2514.840     2558.870     2560.380     2568.290     2568.690
   430:     2569.840     2569.950     2574.210     2575.180     2580.240
   435:     2580.500     2589.160     2602.140     2602.230     2602.330
   440:     2603.930     2604.040     2604.130     2605.900     2606.090
   445:     2607.430     2607.480     2607.520     2607.550     2607.590
   450:     2609.900     2642.100     2643.630     2643.680     2646.430
   455:     2647.350     2648.400     2648.600     2649.410     2651.680
   460:     2651.770     2651.890     2652.400     2656.530     2656.690
   465:     2656.970     2658.300     2660.580     2661.180     2661.290
   470:     2661.510     2662.000     2664.710     2665.520     2665.580
   475:     2666.960     2668.530     2681.920     2695.060     2778.040
   480:     2778.100     2779.570     2789.000     2799.130     2808.830
   485:     2819.250     2872.090     2892.140     2898.660     2911.500
   490:     2926.520     2926.520     2926.520     2926.530     2926.530
   495:     2926.530     2926.530     2926.530     2926.530     2930.530
   500:     2931.530     2931.530     2936.520     2936.530     2975.510
   505:     2977.610     2978.370     2982.580     2986.720     3002.880
   510:     3003.050     3024.480     3089.730     3100.090     3101.390
   515:     3105.870     3385.530     3386.520     3489.350     3489.760
   520:     3490.690     3491.200     3491.700     3495.120     3495.400
   525:     3553.900     3554.650     3554.880     3554.930     3555.110
   530:     3555.780     3557.720     3576.730     3673.010     4128.290
   535:     4231.780     4335.880     4336.290     4589.800     4601.060
   540:     4602.980     4603.260     4603.610     4604.120     4604.970
   545:     4608.830     4608.980     4618.360     4640.530     4642.470
   550:     4645.770     4646.300     4667.330     4669.270     4669.380
   555:     4672.880     4673.020     4674.620     4677.200     4678.300
   560:     4679.800     4681.700     4681.760     4682.440     4682.500
   565:     4682.740     4687.500     4689.040     4689.260     4689.380
   570:     4690.980     4691.650     4692.780     4696.070     4696.070
   575:     4696.070     4696.080     4696.080     4696.080     4696.080
   580:     4696.080     4696.080     4700.080     4701.080     4701.080
   585:     4706.070     4706.080     5138.520     5145.940     5146.040
   590:     5146.120     5146.190     5147.180     5148.570     5149.810
   595:     5151.480     5158.830     5159.430     5161.270     5161.820
   600:     5165.000     5166.140     5167.430     5184.960     5185.000
   605:     5185.290     5187.000     5188.510     5189.260     5204.260
   610:     5215.530     5221.100     5221.580     5222.310     5222.400
   615:     5224.970     5226.270     5234.340     5234.700     5237.870
   620:     5783.840     5894.690     6000.000     6000.650     6004.980
   625:     6271.940     6272.070     6272.480     6272.720     6273.170
   630:     6273.640     6274.090     6275.080     6285.920     6286.450
   635:     6288.850     6288.900     6289.090     6289.520     6289.760
   640:     6290.360     6290.590     6291.540     6292.030     6292.350
   645:     6292.440     6293.480     6294.140     6294.660     6295.670
   650:     6298.090     6298.810     6298.860     6299.760     6299.890
   655:     6300.110     6300.220     6300.310     6300.630     6302.340
   660:     6302.610     6302.760     6304.810     6305.110     6306.000
   665:     6306.360     6310.290     6310.670     6310.830     6311.210
   670:     6311.340     6314.330     6314.430     6315.760     6315.910
   675:     6317.490     6317.730     6317.810     6317.990     6320.200
   680:     6323.280     6325.530     6325.990     6328.920     6331.510
   685:     6331.990     6333.540     6337.820     6340.460     6340.670
   690:     6341.730     6342.290     6342.680     6343.290     6343.610
   695:     6343.780     6346.730     6347.280     6347.450     6347.540
   700:     6347.570     6348.940     6349.420     6349.500     6349.850
   705:     6350.570     6350.940     6351.280     6351.390     6353.640
   710:     6355.050     6355.440     6355.590     6356.020     6356.520
   715:     6358.280     6358.340     6358.410     6358.520     6358.670
   720:     6371.800     6373.560     6375.120     6376.130     6376.770
   725:     6381.760     6382.890     6383.310     6383.340     6383.360
   730:     6384.080     6384.770     6385.310     6388.460     6389.670
   735:     6390.490     6390.590     6391.050     6398.080     6398.490
   740:     6399.220     6401.980     6402.240     6402.320     6402.430
   745:     6402.550     6404.990     6405.190     6406.080     6406.320
   750:     6406.350     6406.680     6407.450     6407.840     6409.610
   755:     6410.150     6410.380     6410.820     6411.840     6413.750
   760:     6416.110     6417.270     6420.420     6420.530     6421.090
   765:     6421.340     6427.570     6427.690     6428.450     6438.690
   770:     6438.760     6441.040     6441.090     6442.250     6452.990
   775:     6454.590     6455.100     6459.790     6461.590     6462.990
   780:     6467.120     6467.480     6468.940     6469.530     6472.290
   785:     6472.850     6473.730     6474.020     6474.630     6479.940
   790:     6480.110     6480.480     6480.610     6480.900     6485.220
   795:     6485.330     6486.360     6486.900     6487.900     6488.640
   800:     6496.120     6499.300     6500.200     6500.840     6501.250
   805:     6506.880     6507.080     6507.640     6508.410     6509.770
   810:     6510.290     6513.140     6519.390     6521.430     6523.090
   815:     6523.210     6527.650     6527.810     6528.140     6528.340
   820:     6528.410     6528.450     6528.670     6530.190     6533.010
   825:     6539.780     6545.170     6548.730     6559.420     6562.900
   830:     6565.570     6566.860     6567.110     6567.190     6567.390
   835:     6570.650     6571.080     6572.000     6575.700     6575.990
   840:     6580.800     6912.450     6916.870     6985.570     7123.930
   845:     7124.630     7124.670     7129.930     7133.010     7137.060
   850:     7168.280     7177.080     7186.320     7188.570     7193.940
   855:     7204.640     7207.230     7286.350     7286.670     7289.300
   860:     7293.240     7293.330     7293.400     7294.900     7295.340
   865:     7295.390     7296.300     7297.430     7298.280     7298.640
   870:     7340.940     7406.750     7708.050     7708.270     7709.570
   875:     7709.880     7711.290     7714.450     7715.040     7716.570
   880:     7716.630     7717.060     7717.480     7718.830     7718.990
   885:     7719.630     7719.670     7720.860     7722.600     7724.300
   890:     7725.780     7726.090     7726.460     7727.690     7742.750
   895:     7780.990     7785.360     7785.790     7786.650     7786.700
   900:     7867.520     7868.600     7869.610     7870.560     7871.170
   905:     7871.800     7872.830     7873.920     7874.880     7875.180
   910:     7877.540     7879.220     7879.840     7879.900     7879.960
   915:     7880.140     7880.940     7882.350     7882.490     7885.760
   920:     7886.900     7887.050     7887.090     7887.110     7887.200
   925:     7887.260     7890.620     7891.090     7891.270     7892.020
   930:     7893.790     7894.500     7894.650     7895.430     7895.570
   935:     7895.980     7899.260     7899.450     7900.300     7901.030
   940:     7901.710     7903.280     7903.800     7904.810     7905.640
   945:     7905.990     7906.140     7906.520     7908.570     7909.130
   950:     7910.710     7918.410     7920.200     7920.930     7921.050
   955:     7942.650     7994.650     7999.680     8000.690     8001.420
   960:     8004.480     8010.690     8016.170     8024.060     8028.160
   965:     8029.070     8092.030     8093.480     8093.590     8093.670
   970:     8101.330     8101.460     8101.720     8106.890     8107.440
   975:     8108.020     8108.350     8108.640     8109.180     8109.270
   980:     8114.960     8119.940     8120.600     8122.210     8128.260
   985:     8128.630     8134.300     8134.390     8136.390     8137.500
   990:     8138.130     8141.550     8143.000     8146.420     8146.600
   995:     8146.640     8147.490     8150.790     8151.010     8151.440
  1000:     8152.070     8152.320     8152.560     8152.890     8153.600
  1005:     8156.950     8159.370     8159.480     8159.730     8160.750
  1010:     8160.870     8161.150     8161.970     8162.020     8167.460
  1015:     8170.850     8170.930     8171.180     8171.540     8172.560
  1020:     8172.630     8172.770     8173.790     8176.460     8177.320
  1025:     8177.720     8177.900     8178.110     8187.980     8188.030
  1030:     8190.500     8192.200     8193.530     8193.900     8196.110
  1035:     8196.580     8200.740     8200.810     8200.950     8201.070
  1040:     8202.250     8202.650     8202.850     8202.970     8204.130
  1045:     8204.320     8204.460     8205.220     8209.250     8209.370
  1050:     8209.910     8209.960     8209.980     8210.190     8210.270
  1055:     8210.350     8210.440     8211.090     8211.650     8212.900
  1060:     8213.080     8214.740     8244.600     8383.050     8384.670
  1065:     8384.850     8392.790     8393.890     8394.180     8394.480
  1070:     8394.610     8394.900     8397.450     8400.850     8401.840
  1075:     8404.610     8406.100     8406.980     8407.280     8408.290
  1080:     8409.610     8413.030     8415.160     8415.590     8415.930
  1085:     8417.100     8417.540     8417.750     8418.620     8419.310
  1090:     8419.860     8420.640     8421.600     8423.630     8424.220
  1095:     8425.120     8425.270     8427.020     8427.210     8427.250
  1100:     8427.700     8430.290     8430.460     8430.590     8431.710
  1105:     8432.620     8434.670     8435.550     8453.600     8454.100
  1110:     8455.280     8457.250     8458.100     8458.230     8460.690
  1115:     8460.800     8461.580     8464.120     8467.750     8468.170
  1120:     8468.800     8468.910     8478.790     8479.950     8480.440
  1125:     8484.440     8484.660     8484.970     8485.740     8486.280
  1130:     8488.230     8488.510     8488.750     8489.920     8490.320
  1135:     8490.660     8491.090     8494.280     8495.310     8495.750
  1140:     8495.990     8496.650     8498.500     8498.850     8499.160
  1145:     8499.740     8500.030     8507.580     8509.290     8509.410
  1150:     8518.490     8519.180     8521.390     8521.840     8522.080
  1155:     8522.550     8522.810     8523.660     8524.260     8529.100
  1160:     8529.830     8530.010     8530.590     8530.630     8530.820
  1165:     8531.190     8534.430     8537.150     8540.150     8540.490
  1170:     8541.060     8541.170     8550.370     8550.440     8550.780
  1175:     8550.910     8551.400     8552.040     8552.480     8552.980
  1180:     8553.210     8553.890     8557.140     8557.820     8558.320
  1185:     8558.400     8558.430     8558.500     8558.620     8560.970
  1190:     8561.200     8561.480     8562.180     8562.390     8562.550
  1195:     8562.680     8567.470     8568.990     8569.350     8570.410
  1200:     8571.040     8574.980     8580.940     8583.020     8583.760
  1205:     8584.640     8584.690     8584.860     8585.710     8586.820
  1210:     8586.990     8589.570     8589.660     8590.230     8596.550
  1215:     8597.080     8598.180     8598.270     8599.600     8599.870
  1220:     8600.390     8600.620     8606.020     8606.230     8606.700
  1225:     8607.450     8608.960     8609.320     8609.590     8609.730
  1230:     8614.700     8616.050     8616.760     8621.930     8622.850
  1235:     8624.460     8628.010     8629.500     8634.520     8635.510
  1240:     8636.350     8638.450     8638.520     8641.170     8642.020
  1245:     8642.620     8644.740     8644.790     8645.290     8645.540
  1250:     8650.370     8650.590     8652.340     8653.310     8654.040
  1255:     8654.750     8655.080     8655.480     8659.720     8660.850
  1260:     8660.970     8661.130     8661.520     8663.520     8663.640
  1265:     8663.800     8663.830     8664.170     8664.320     8664.580
  1270:     8664.710     8666.690     8666.950     8667.100     8669.340
  1275:     8669.890     8670.050     8671.300     8671.430     8676.300
  1280:     8676.530     8676.950     8678.420     8679.000     8680.320
  1285:     8723.640     8727.590     8728.020     8728.660     8730.100
  1290:     8730.370     8730.940     8732.580     8732.650     8733.170
  1295:     8733.980     8735.870     8735.950     8737.060     8738.530
  1300:     8738.880     8739.170     8739.210     8739.550     8741.310
  1305:     8746.920     8747.000     8749.090     8749.200     8749.350
  1310:     8750.860     8750.940     8751.110     8751.220     8751.310
  1315:     8751.460     8754.870     8755.730     8756.000     8756.520
  1320:     8756.780     8765.520     8767.950     8769.030     8769.560
  1325:     8769.610     8770.050     8776.620     8776.690     8778.000
  1330:     8782.660     8783.410     8788.790     8788.970     8795.880
  1335:     8796.740     8799.520     8800.620     8800.790     8802.710
  1340:     8803.290     8821.810     8822.120     8822.770     8824.320
  1345:     8824.500     8826.610     8828.340     8828.470     8829.520
  1350:     8830.070     8830.400     8830.450     8834.230     8834.460
  1355:     8835.000     8839.870     8840.200     8840.540     8841.600
  1360:     8842.270     8843.470     8844.740     8847.720     8848.910
  1365:     8849.020     8849.460     8851.180     8851.290     8855.060
  1370:     8855.690     8858.970     8859.040     8859.110     8859.370
  1375:     8859.430     8859.650     8859.770     8859.850     8860.320
  1380:     8860.400     8862.570     8862.890     8863.090     8863.220
  1385:     8867.480     8873.770     8876.500     8876.810     8877.080
  1390:     8877.880     8878.210     8878.850     8880.210     8880.650
  1395:     8881.220     8881.300     8881.760     8881.860     8884.060
  1400:     8884.800     8884.850     8885.350     8886.480     8888.180
  1405:     8890.600     8890.720     8890.870     8891.590     8891.830
  1410:     8892.330     8892.600     8893.060     8893.900     8894.070
  1415:     8904.060     8904.320     8904.520     8905.640     8906.680
  1420:     8908.760     8909.030     8909.740     8909.820     8909.890
  1425:     8911.080     8911.130     8911.180     8913.620     8918.060
  1430:     8918.710     8919.120     8928.460     8930.580     8931.310
  1435:     8932.330     8932.770     8932.930     8933.380     8933.580
  1440:     8934.510     8934.570     8935.080     8935.310     8945.680
  1445:     8950.010     8950.090     8950.420     8950.510     8951.010
  1450:     8953.820     8954.770     8957.310     8976.770     8978.440
  1455:     8978.780     8979.100     8979.820     8979.900     8980.060
  1460:     8981.160     8981.180     8981.610     8985.090     8987.860
  1465:     8992.810     8992.950     8998.690     8998.800     9001.340
  1470:     9010.150     9011.700     9011.790     9012.070     9015.720
  1475:     9021.060     9021.550     9023.180     9025.900     9026.020
  1480:     9026.250     9027.040     9027.460     9027.930     9030.100
  1485:     9030.370     9030.600     9032.940     9039.020     9039.170
  1490:     9039.350     9039.460     9039.560     9043.670     9043.890
  1495:     9045.020     9047.780     9048.390     9049.040     9051.900
  1500:     9059.330     9060.350     9061.450     9070.740     9072.620
  1505:     9111.760     9112.090     9114.830     9124.170     9125.500
  1510:     9125.630     9126.050     9126.350     9126.540     9134.400
  1515:     9134.730     9134.840     9134.900     9135.480     9136.490
  1520:     9136.670     9137.300     9137.570     9138.830     9139.480
  1525:     9139.680     9140.230     9140.550     9142.090     9142.280
  1530:     9145.860     9146.040     9146.760     9146.860     9147.020
  1535:     9150.050     9152.970     9156.140     9160.670     9161.380
  1540:     9163.470     9166.230     9166.490     9166.730     9167.750
  1545:     9168.150     9169.850     9171.340     9172.070     9172.430
  1550:     9172.530     9172.730     9178.580     9179.130     9179.290
  1555:     9179.720     9180.540     9183.390     9183.480     9186.480
  1560:     9191.640     9191.840     9192.290     9192.720     9193.180
  1565:     9193.820     9194.830     9195.480     9196.500     9196.750
  1570:     9197.220     9197.720     9197.980     9198.360     9198.440
  1575:     9199.320     9199.560     9200.600     9201.230     9201.500
  1580:     9204.610     9207.830     9208.250     9209.390     9209.700
  1585:     9209.830     9210.030     9219.220     9219.330     9219.880
  1590:     9229.540     9230.180     9231.570     9232.770     9234.660
  1595:     9235.120     9236.110     9237.020     9237.240     9238.170
  1600:     9238.320     9247.660     9249.430     9250.130     9251.370
  1605:     9255.610     9256.410     9256.790     9259.270     9263.460
  1610:     9278.990     9283.200     9370.760     9371.240     9372.390
  1615:     9373.280     9373.780     9373.980     9375.160     9377.810
  1620:     9379.250     9379.890     9381.920     9383.270     9388.200
  1625:     9393.520     9393.650     9394.030     9395.440     9399.700
  1630:     9404.970     9405.430     9407.330     9409.190     9409.730
  1635:     9410.740     9411.180     9412.350     9413.150     9413.310
  1640:     9416.080     9417.770     9427.120     9431.320     9437.850
  1645:     9440.590     9444.500     9451.120     9453.740     9455.800
  1650:     9457.250     9462.880     9463.560     9478.330     9480.410
  1655:     9485.830     9485.890     9490.350     9492.960     9493.630
  1660:     9496.510     9496.630     9498.330     9502.030     9503.860
  1665:     9508.890     9509.970     9510.110     9513.470     9513.570
  1670:     9514.700     9514.870     9515.770     9515.920     9516.200
  1675:     9556.220     9556.220     9556.220     9556.230     9556.230
  1680:     9556.230     9556.230     9556.230     9556.230     9560.230
  1685:     9561.230     9561.230     9561.440     9561.440     9566.220
  1690:     9566.230     9577.810     9580.510     9582.390     9583.130
  1695:     9583.310     9584.170     9584.550     9584.680     9586.080
  1700:     9587.260     9593.110     9594.090     9594.490     9595.390
  1705:     9595.530     9595.600     9595.740     9599.540     9599.610
  1710:     9605.950     9606.550     9606.750     9607.960     9608.310
  1715:     9608.670     9609.310     9613.220     9614.780     9615.360
  1720:     9615.600     9617.310     9622.500     9624.960     9626.760
  1725:     9627.930     9636.850     9637.020     9637.480     9638.560
  1730:     9638.860     9639.000     9639.610     9639.860     9639.900
  1735:     9650.340     9653.280     9653.600     9657.800     9657.880
  1740:     9658.010     9660.690     9660.860     9667.150     9673.510
  1745:     9673.630     9675.050     9675.730     9675.980     9676.350
  1750:     9677.760     9677.810     9678.600     9679.130     9680.310
  1755:     9686.350     9687.120     9688.570     9693.560     9694.940
  1760:     9696.180     9697.100     9697.580     9699.580     9700.300
  1765:     9700.740     9704.210     9705.050     9708.130     9709.980
  1770:     9710.230     9710.500     9712.320     9714.430     9723.040
  1775:     9724.010     9725.230     9729.820     9729.940     9730.070
  1780:     9730.450     9730.630     9730.750     9735.130     9737.560
  1785:     9739.360     9741.700     9743.910     9744.140     9744.330
  1790:     9744.440     9744.830     9745.090     9746.940     9747.100
  1795:     9747.200     9747.340     9747.570     9747.790     9751.470
  1800:     9751.680     9752.980     9753.160     9757.320     9757.380
  1805:     9759.130     9760.500     9760.690     9760.820     9764.170
  1810:     9765.070     9768.920     9800.010     9805.660     9806.930
  1815:     9808.140     9808.410     9810.210     9810.860     9811.090
  1820:     9811.530     9813.900     9816.250     9816.780     9816.810
  1825:     9816.920     9818.310     9818.600     9818.710     9820.910
  1830:     9822.840     9823.040     9824.590     9835.340     9836.530
  1835:     9836.590     9836.810     9837.210     9848.730     9860.020
  1840:     9861.830     9863.860     9874.240     9875.370     9875.410
  1845:     9882.510     9891.050     9891.340     9897.730     9898.150
  1850:     9913.510     9919.950     9923.510     9927.480     9929.420
  1855:     9936.890     9939.810     9940.350     9940.450    10514.130
  1860:    10515.800    10518.960    10519.830    10519.980    10520.330
  1865:    10523.170    10523.370    10523.500    10524.210    10525.120
  1870:    10528.870    10530.470    10530.960    10531.080    10531.310
  1875:    10531.970    10532.500    10532.680    10535.670    10538.680
  1880:    10540.340    10540.500    10541.550    10541.580    10543.360
  1885:    10543.800    10544.360    10545.240    10545.420    10545.850
  1890:    10547.970    10550.220    10551.150    10554.080    10555.480
  1895:    10555.650    10557.250    10557.290    10559.480    10560.360
  1900:    10562.070    10565.920    10566.090    10572.320    10573.600
  1905:    10573.740    10574.670    10575.380    10578.930    10579.210
  1910:    10580.230    10580.820    10581.220    10581.390    10584.100
  1915:    10586.060    10592.470    10596.340    10597.180    10598.000
  1920:    10598.050    10598.160    10598.370    10599.030    10599.120
  1925:    10600.820    10603.420    10603.580    10607.980    10609.160
  1930:    10609.320    10610.130    10610.230    10610.300    10610.350
  1935:    10612.500    10613.300    10613.450    10614.600    10615.070
  1940:    10615.880    10617.070    10617.310    10617.830    10618.220
  1945:    10618.370    10618.610    10618.840    10619.050    10619.260
  1950:    10619.720    10619.950    10620.160    10620.280    10620.400
  1955:    10620.550    10620.680    10620.870    10621.000    10623.980
  1960:    10624.230    10624.840    10624.980    10625.160    10625.360
  1965:    10625.590    10625.770    10625.950    10626.100    10626.250
  1970:    10626.390    10626.590    10626.780    10627.930    10629.310
  1975:    10629.650    10629.910    10630.030    10632.190    10641.000
  1980:    10641.030    10643.360    10644.700    10645.460    10647.260
  1985:    10649.510    10651.820    10651.960    10659.350    10660.010
  1990:    10660.200    10660.720    10660.850    10660.970    10661.140
  1995:    10661.240    10661.540    10661.700    10662.080    10662.210
  2000:    10663.670    10663.740    10663.990    10666.300    10668.540
  2005:    10669.080    10669.310    10669.980    10670.070    10671.140
  2010:    10671.800    10673.050    10683.560    10686.970    10687.950
  2015:    10688.060    10689.560    10690.520    10690.600    10690.970
  2020:    10691.100    10691.330    10692.360    10692.780    10692.970
  2025:    10693.690    10694.150    10694.270    10695.870    10696.020
  2030:    10696.230    10696.260    10696.360    10700.140    10703.840
  2035:    10704.940    10705.090    10705.330    10706.380    10710.600
  2040:    10713.460    10717.420    10717.890    10719.760    10719.840
  2045:    10722.200    10722.420    10726.550    10727.230    10727.930
  2050:    10729.390    10736.780    10736.930    10742.370    10743.400
  2055:    10743.440    10746.560    10746.850    10747.260    10747.660
  2060:    10747.960    10754.490    10764.060    10764.860    10767.690
  2065:    10768.500    10769.440    10769.660    10769.800    10770.020
  2070:    10770.080    10770.620    10770.780    10770.950    10775.260
  2075:    10777.770    10777.900    10777.970    10778.240    10778.390
  2080:    10781.310    10781.970    10782.130    10783.100    10790.390
  2085:    10793.920    10800.000
