File: C:\MED-PC\Data\2024-11-04_16h14m_Subject 54.txt


Start Date: 11/04/24
End Date: 11/04/24
Subject: 54
Experiment: OralFentSA
Group: One
Box: 10
Start Time: 16:14:18
End Time: 19:15:40
MSN: 20241014_Golden_Liq_SelfAdmin
F:       0.000
G:    1229.000
H:   10800.000
I:       0.000
J:       0.000
K:       0.000
L:       0.000
M:       0.000
N:       0.000
O:       0.000
P:       0.000
Q:       0.000
R:       0.000
S:       0.000
U:       0.000
V:       0.000
W:       0.000
X:       0.000
Y:       0.000
Z:       0.000
A:
     0:        0.000        0.000      180.000        4.000        0.000
     5:        5.000        0.000        5.000        0.000        0.000
    10:        1.000        0.000       10.000   100000.000       36.000
    15:       11.000      640.000        0.000        0.000        0.000
    20:        0.000
B:
     0:        0.000        0.000        0.000      400.000        0.000
     5:      500.000        0.000      500.000        0.000        0.000
    10:        0.000        0.000     1000.000 10000000.000        0.000
    15:        0.000        0.000        0.000        0.000        0.000
    20:        0.000
C:
     0:       71.000       72.000       52.000      110.000      101.000
     5:    10711.900        8.780       31.000     1017.760       32.831
    10:      110.000       52.000        0.000        0.000        0.000
    15:        0.000        0.000        0.000        0.000        0.000
    20:        0.000
D:
     0:       18.310        5.970        3.610       43.240       32.970
     5:        1.740       46.440       50.810        8.000        5.410
    10:        7.100       23.870       86.020       31.810        9.430
    15:       17.920       15.580       15.230      157.320       14.290
    20:        1.750      101.490       24.240       19.440      115.160
    25:        9.210        2.470        5.520       36.060       98.570
    30:        8.780
E:
     0:       19.000       11.000       26.000       27.000        6.000
     5:        6.000        2.000        4.000       22.000       24.000
    10:       12.000       13.000        8.000        5.000       17.000
    15:       21.000       22.000       21.000       22.000       18.000
    20:       14.000       10.000       21.000       22.000       20.000
    25:       19.000       11.000        2.000        4.000       22.000
    30:       24.000       12.000       13.000        8.000        5.000
    35:       17.000       18.000       14.000       10.000       19.000
    40:       11.000        6.000        6.000        6.000        2.000
    45:        4.000       22.000       24.000       12.000       13.000
    50:        8.000        5.000       17.000       18.000       14.000
    55:       10.000       19.000       11.000        2.000        4.000
    60:       22.000       24.000       12.000       13.000        8.000
    65:        5.000       17.000       18.000       14.000       10.000
    70:       19.000       11.000        2.000        4.000       22.000
    75:       24.000       12.000       13.000        8.000        5.000
    80:       17.000       21.000       22.000       18.000       14.000
    85:       10.000        6.000       19.000       11.000        2.000
    90:        4.000       22.000       24.000       12.000       13.000
    95:        8.000        5.000       17.000        6.000        6.000
   100:       18.000       14.000       10.000       19.000       11.000
   105:        2.000        4.000       22.000       24.000       12.000
   110:       13.000        8.000        5.000       17.000       18.000
   115:       14.000       10.000       19.000       11.000        6.000
   120:        2.000        4.000       22.000       24.000       12.000
   125:       13.000        8.000        5.000       17.000       18.000
   130:       14.000       10.000       19.000       11.000        2.000
   135:        4.000       22.000       24.000       12.000       13.000
   140:        8.000        5.000       17.000       18.000       14.000
   145:       10.000       19.000       11.000        1.000        1.000
   150:        1.000        1.000        1.000        1.000        1.000
   155:        2.000        4.000       22.000       24.000       12.000
   160:       13.000        8.000        5.000       17.000       18.000
   165:       21.000       22.000       14.000       10.000       19.000
   170:       11.000        6.000        2.000        4.000       22.000
   175:       24.000       12.000       13.000        8.000        5.000
   180:       17.000       21.000       22.000       18.000       14.000
   185:       10.000       21.000       22.000       19.000       11.000
   190:        2.000        4.000       22.000       24.000       12.000
   195:       13.000        8.000        5.000       17.000        6.000
   200:       18.000       14.000       10.000        6.000       19.000
   205:       11.000        2.000        4.000       22.000       24.000
   210:       12.000       13.000        8.000        5.000       17.000
   215:       18.000       14.000       10.000       19.000       11.000
   220:        1.000        6.000        6.000        2.000        4.000
   225:       22.000       24.000       12.000       13.000        8.000
   230:        5.000       17.000       18.000       14.000       10.000
   235:       20.000       19.000       11.000        2.000        4.000
   240:       22.000       24.000       12.000       13.000        8.000
   245:        5.000       17.000       21.000       22.000       21.000
   250:       22.000       18.000       14.000       10.000       19.000
   255:       11.000        6.000        6.000        2.000        4.000
   260:       22.000       24.000       12.000       13.000        8.000
   265:        5.000       17.000       21.000       22.000       21.000
   270:       22.000       18.000       14.000       10.000       19.000
   275:       11.000        2.000        4.000       22.000       24.000
   280:       12.000       13.000        8.000        5.000       17.000
   285:       21.000       22.000       18.000       21.000       22.000
   290:       14.000       10.000        6.000       19.000       11.000
   295:        1.000        6.000        2.000        4.000       22.000
   300:       24.000       12.000       13.000        8.000        5.000
   305:       17.000       18.000       14.000       10.000       19.000
   310:       11.000        2.000        4.000       22.000       24.000
   315:       12.000       13.000        8.000        5.000       17.000
   320:       21.000       22.000       18.000       14.000       10.000
   325:       19.000       11.000        2.000        4.000       22.000
   330:       24.000       12.000       13.000        8.000        5.000
   335:       17.000       21.000       22.000       18.000       14.000
   340:       10.000        6.000       19.000       11.000        6.000
   345:        2.000        4.000       22.000       24.000       12.000
   350:       13.000        8.000        5.000       17.000       18.000
   355:       14.000       10.000        6.000       21.000       22.000
   360:        6.000       19.000       11.000        2.000        4.000
   365:       22.000       24.000       12.000       13.000        8.000
   370:        5.000       17.000       18.000       14.000       10.000
   375:       19.000       11.000        6.000        6.000        6.000
   380:        6.000        6.000        6.000        6.000        6.000
   385:        6.000        6.000        6.000        6.000        6.000
   390:        6.000        6.000        6.000        6.000        6.000
   395:        1.000        1.000        2.000        4.000       22.000
   400:       24.000       12.000       13.000        8.000        5.000
   405:       17.000       18.000       14.000       10.000       19.000
   410:       11.000        2.000        4.000       22.000       24.000
   415:       12.000       13.000        8.000        5.000       17.000
   420:       21.000       22.000       18.000       14.000       10.000
   425:       19.000       11.000        1.000        2.000        4.000
   430:       22.000       24.000       12.000       13.000        8.000
   435:        5.000       17.000       21.000       22.000       21.000
   440:       22.000       18.000       14.000       10.000       19.000
   445:       11.000        2.000        4.000       22.000       24.000
   450:       12.000       13.000        8.000        5.000       17.000
   455:       18.000       14.000       10.000       19.000       11.000
   460:        2.000        4.000       22.000       24.000       12.000
   465:       13.000        8.000        5.000       17.000       18.000
   470:       14.000       10.000       19.000       11.000        6.000
   475:        6.000        6.000        6.000        6.000        2.000
   480:        4.000       22.000       24.000       12.000       13.000
   485:        8.000        5.000       17.000       18.000       14.000
   490:       10.000       19.000       11.000        2.000        4.000
   495:       22.000       24.000       12.000       13.000        8.000
   500:        5.000       17.000       18.000       21.000       22.000
   505:       14.000       10.000       19.000       11.000        6.000
   510:        1.000        1.000        2.000        4.000       22.000
   515:       24.000       12.000       13.000        8.000        5.000
   520:       17.000       18.000       14.000       10.000       19.000
   525:       11.000        2.000        4.000       22.000       24.000
   530:       12.000       13.000        8.000        5.000       17.000
   535:       18.000       14.000       10.000       20.000       20.000
   540:       20.000       20.000       19.000       11.000        1.000
   545:        1.000        1.000        1.000        1.000        1.000
   550:        1.000        1.000        1.000        1.000        1.000
   555:        1.000        1.000        2.000        4.000       22.000
   560:       24.000       12.000       13.000        8.000        5.000
   565:       17.000       18.000       14.000       10.000       20.000
   570:       19.000       11.000        2.000        4.000       22.000
   575:       24.000       12.000       13.000        8.000        5.000
   580:       17.000       18.000       14.000       10.000       19.000
   585:       11.000        2.000        4.000       22.000       24.000
   590:       12.000       13.000        8.000        5.000       17.000
   595:       18.000       14.000       10.000        6.000       19.000
   600:       11.000        6.000        6.000        1.000        2.000
   605:        4.000       22.000       24.000       12.000       13.000
   610:        8.000        5.000       17.000       21.000       22.000
   615:       18.000       14.000       10.000       21.000       22.000
   620:       19.000       11.000        1.000        2.000        4.000
   625:       22.000       24.000       12.000       13.000        8.000
   630:        5.000       17.000       18.000       14.000       10.000
   635:       19.000       11.000        2.000        4.000       22.000
   640:       24.000       12.000       13.000        8.000        5.000
   645:       17.000       21.000       22.000       18.000       14.000
   650:       10.000       19.000       11.000        6.000        6.000
   655:        2.000        4.000       22.000       24.000       12.000
   660:       13.000        8.000        5.000       17.000       21.000
   665:       22.000       18.000       14.000       10.000       19.000
   670:       11.000        1.000        2.000        4.000       22.000
   675:       24.000       12.000       13.000        8.000        5.000
   680:       17.000       18.000       14.000       10.000       20.000
   685:       19.000       11.000        2.000        4.000       22.000
   690:       24.000       12.000       13.000        8.000        5.000
   695:       17.000       21.000       22.000       18.000       14.000
   700:       10.000       19.000       11.000        6.000        2.000
   705:        4.000       22.000       24.000       12.000       13.000
   710:        8.000        5.000       17.000       18.000       14.000
   715:       10.000       19.000       11.000        6.000        6.000
   720:        6.000        2.000        4.000       22.000       24.000
   725:       12.000       13.000        8.000        5.000       17.000
   730:       21.000       22.000       21.000       22.000       18.000
   735:       14.000       10.000       19.000       11.000        2.000
   740:        4.000       22.000       24.000       12.000       13.000
   745:        8.000        5.000       17.000       18.000       14.000
   750:       10.000       19.000       11.000        2.000        4.000
   755:       22.000       24.000       12.000       13.000        8.000
   760:        5.000       17.000       18.000       21.000       22.000
   765:       14.000       10.000       19.000       11.000        6.000
   770:        6.000        6.000        1.000        2.000        4.000
   775:       22.000       24.000       12.000       13.000        8.000
   780:        5.000       17.000       18.000       14.000       10.000
   785:       19.000       11.000        6.000        6.000        1.000
   790:        2.000        4.000       22.000       24.000       12.000
   795:       13.000        8.000        5.000       17.000       21.000
   800:       22.000       21.000       22.000       18.000       14.000
   805:       10.000       21.000       22.000       19.000       11.000
   810:        2.000        4.000       22.000       24.000       12.000
   815:       13.000        8.000        5.000       17.000        6.000
   820:       18.000       14.000       10.000       19.000       11.000
   825:        1.000        6.000        6.000        6.000        6.000
   830:        6.000        6.000        6.000        6.000        6.000
   835:        2.000        4.000       22.000       24.000       12.000
   840:       13.000        8.000        5.000       17.000       18.000
   845:       14.000       10.000       20.000       19.000       11.000
   850:        2.000        4.000       22.000       24.000       12.000
   855:       13.000        8.000        5.000       17.000       21.000
   860:       22.000       18.000       14.000       10.000       19.000
   865:       11.000        6.000        6.000        6.000        6.000
   870:        6.000        6.000        6.000        6.000        6.000
   875:        6.000        6.000        6.000        6.000        6.000
   880:        6.000        6.000        6.000        6.000        2.000
   885:        4.000       22.000       24.000       12.000       13.000
   890:        8.000        5.000       17.000       18.000       14.000
   895:       10.000       19.000       11.000        2.000        4.000
   900:       22.000       24.000       12.000       13.000        8.000
   905:        5.000       17.000       18.000       14.000       10.000
   910:       19.000       11.000        6.000        2.000        4.000
   915:       22.000       24.000       12.000       13.000        8.000
   920:        5.000       17.000       18.000       14.000       10.000
   925:       19.000       11.000        2.000        4.000       22.000
   930:       24.000       12.000       13.000        8.000        5.000
   935:       17.000       18.000       14.000       10.000       19.000
   940:       11.000        6.000        2.000        4.000       22.000
   945:       24.000       12.000       13.000        8.000        5.000
   950:       17.000       18.000       14.000       10.000       19.000
   955:       11.000        6.000        6.000        2.000        4.000
   960:       22.000       24.000       12.000       13.000        8.000
   965:        5.000       17.000       21.000       22.000       18.000
   970:       14.000       10.000        6.000       19.000       11.000
   975:        2.000        4.000       22.000       24.000       12.000
   980:       13.000        8.000        5.000       17.000       21.000
   985:       22.000       21.000       22.000       18.000       14.000
   990:       10.000       19.000       11.000        1.000        2.000
   995:        4.000       22.000       24.000       12.000       13.000
  1000:        8.000        5.000       17.000       18.000       14.000
  1005:       10.000       19.000       11.000        2.000        4.000
  1010:       22.000       24.000       12.000       13.000        8.000
  1015:        5.000       17.000       18.000       14.000       10.000
  1020:       19.000       11.000        1.000        2.000        4.000
  1025:       22.000       24.000       12.000       13.000        8.000
  1030:        5.000       17.000       18.000       14.000       10.000
  1035:       20.000       20.000       19.000       11.000        2.000
  1040:        4.000       22.000       24.000       12.000       13.000
  1045:        8.000        5.000       17.000        6.000       18.000
  1050:       14.000       10.000       21.000       22.000       21.000
  1055:       22.000       19.000       11.000        2.000        4.000
  1060:       22.000       24.000       12.000       13.000        8.000
  1065:        5.000       17.000       21.000       22.000       18.000
  1070:       14.000       10.000        6.000       19.000       11.000
  1075:        2.000        4.000       22.000       24.000       12.000
  1080:       13.000        8.000        5.000       17.000       18.000
  1085:       14.000       10.000       19.000       11.000        1.000
  1090:        2.000        4.000       22.000       24.000       12.000
  1095:       13.000        8.000        5.000       17.000       18.000
  1100:       14.000       10.000       19.000       11.000        6.000
  1105:        6.000        2.000        4.000       22.000       24.000
  1110:       12.000       13.000        8.000        5.000       17.000
  1115:       18.000       14.000       10.000       19.000       11.000
  1120:        2.000        4.000       22.000       24.000       12.000
  1125:       13.000        8.000        5.000       17.000       18.000
  1130:       14.000       10.000       19.000       11.000        2.000
  1135:        4.000       22.000       24.000       12.000       13.000
  1140:        8.000        5.000       17.000       18.000       14.000
  1145:       10.000       19.000       11.000        6.000        1.000
  1150:        1.000        2.000        4.000       22.000       24.000
  1155:       12.000       13.000        8.000        5.000       17.000
  1160:       18.000       14.000       10.000       19.000       11.000
  1165:        1.000        1.000        2.000        4.000       22.000
  1170:       24.000       12.000       13.000        8.000        5.000
  1175:       17.000       18.000       14.000       10.000       19.000
  1180:       11.000        2.000        4.000       22.000       24.000
  1185:       12.000       13.000        8.000        5.000       17.000
  1190:       21.000       22.000       18.000       14.000       10.000
  1195:       19.000       11.000        1.000        2.000        4.000
  1200:       22.000       24.000       12.000       13.000        8.000
  1205:        5.000       17.000       18.000       14.000       10.000
  1210:        6.000       19.000       11.000        6.000        6.000
  1215:        2.000        4.000       22.000       24.000       12.000
  1220:       13.000        8.000        5.000       17.000       18.000
  1225:       14.000       10.000       19.000       11.000      100.000
T:
     0:        0.000        0.000        0.000        0.000        9.720
     5:       10.340       12.580       12.580       12.580       12.590
    10:       12.590       12.590       12.590       12.590       12.590
    15:       14.490       14.490       15.200       15.200       16.590
    20:       17.590       17.590       17.730       17.730       21.380
    25:       22.580       22.590      157.090      157.090      157.090
    30:      157.100      157.100      157.100      157.100      157.100
    35:      157.100      161.100      162.100      162.100      167.090
    40:      167.100      175.410      176.250      177.500      225.980
    45:      225.980      225.980      225.990      225.990      225.990
    50:      225.990      225.990      225.990      229.990      230.990
    55:      230.990      235.980      235.990      305.490      305.490
    60:      305.490      305.500      305.500      305.500      305.500
    65:      305.500      305.500      309.500      310.500      310.500
    70:      315.490      315.500      354.100      354.100      354.100
    75:      354.110      354.110      354.110      354.110      354.110
    80:      354.110      356.890      356.890      358.110      359.110
    85:      359.110      360.080      364.100      364.110      540.730
    90:      540.730      540.730      540.740      540.740      540.740
    95:      540.740      540.740      540.740      544.350      544.520
   100:      544.740      545.740      545.740      550.730      550.740
   105:      654.570      654.570      654.570      654.580      654.580
   110:      654.580      654.580      654.580      654.580      658.580
   115:      659.580      659.580      664.570      664.580      697.820
   120:      742.070      742.070      742.070      742.080      742.080
   125:      742.080      742.080      742.080      742.080      746.080
   130:      747.080      747.080      752.070      752.080      754.330
   135:      754.330      754.330      754.340      754.340      754.340
   140:      754.340      754.340      754.340      758.340      759.340
   145:      759.340      764.330      764.340      767.920      770.020
   150:      771.800      774.400      775.260      775.930      777.900
   155:      800.430      800.430      800.430      800.440      800.440
   160:      800.440      800.440      800.440      800.440      804.440
   165:      805.230      805.230      805.440      805.440      810.430
   170:      810.440      833.410      885.440      885.440      885.440
   175:      885.450      885.450      885.450      885.450      885.450
   180:      885.450      888.080      888.080      889.450      890.450
   185:      890.450      892.440      892.440      895.440      895.450
   190:      933.640      933.640      933.640      933.650      933.650
   195:      933.650      933.650      933.650      933.650      935.390
   200:      937.650      938.650      938.650      939.720      943.640
   205:      943.650     1153.920     1153.920     1153.920     1153.930
   210:     1153.930     1153.930     1153.930     1153.930     1153.930
   215:     1157.930     1158.930     1158.930     1163.920     1163.930
   220:     1177.040     1200.370     1220.720     1237.520     1237.520
   225:     1237.520     1237.530     1237.530     1237.530     1237.530
   230:     1237.530     1237.530     1241.530     1242.530     1242.530
   235:     1245.850     1247.520     1247.530     1262.560     1262.560
   240:     1262.560     1262.570     1262.570     1262.570     1262.570
   245:     1262.570     1262.570     1264.170     1264.170     1265.800
   250:     1265.800     1266.570     1267.570     1267.570     1272.560
   255:     1272.570     1313.380     1317.730     1336.560     1336.560
   260:     1336.560     1336.570     1336.570     1336.570     1336.570
   265:     1336.570     1336.570     1337.170     1337.170     1337.480
   270:     1337.480     1340.570     1341.570     1341.570     1346.560
   275:     1346.570     1363.230     1363.230     1363.230     1363.240
   280:     1363.240     1363.240     1363.240     1363.240     1363.240
   285:     1365.980     1365.980     1367.240     1368.190     1368.190
   290:     1368.240     1368.240     1371.240     1373.230     1373.240
   295:     1388.350     1433.990     1458.070     1458.070     1458.070
   300:     1458.080     1458.080     1458.080     1458.080     1458.080
   305:     1458.080     1462.080     1463.080     1463.080     1468.070
   310:     1468.080     1518.250     1518.250     1518.250     1518.260
   315:     1518.260     1518.260     1518.260     1518.260     1518.260
   320:     1519.060     1519.060     1522.260     1523.260     1523.260
   325:     1528.250     1528.260     1555.260     1555.260     1555.260
   330:     1555.270     1555.270     1555.270     1555.270     1555.270
   335:     1555.270     1557.810     1557.810     1559.270     1560.270
   340:     1560.270     1560.680     1565.260     1565.270     1622.100
   345:     1695.890     1695.890     1695.890     1695.900     1695.900
   350:     1695.900     1695.900     1695.900     1695.900     1699.900
   355:     1700.900     1700.900     1703.000     1703.030     1703.030
   360:     1703.540     1705.890     1705.900     1746.370     1746.370
   365:     1746.370     1746.380     1746.380     1746.380     1746.380
   370:     1746.380     1746.380     1750.380     1751.380     1751.380
   375:     1756.370     1756.380     1770.250     1772.250     1772.790
   380:     1773.010     1773.110     1773.180     1776.290     1777.760
   385:     1779.070     1780.090     1780.870     1783.800     1784.650
   390:     1802.710     1803.630     1805.740     1809.630     1811.550
   395:     1922.980     1926.970     2507.580     2507.580     2507.580
   400:     2507.590     2507.590     2507.590     2507.590     2507.590
   405:     2507.590     2511.590     2512.590     2512.590     2517.580
   410:     2517.590     2855.270     2855.270     2855.270     2855.280
   415:     2855.280     2855.280     2855.280     2855.280     2855.280
   420:     2857.040     2857.040     2859.280     2860.280     2860.280
   425:     2865.270     2865.280     2880.440     2889.250     2889.250
   430:     2889.250     2889.260     2889.260     2889.260     2889.260
   435:     2889.260     2889.260     2890.460     2890.460     2890.570
   440:     2890.570     2893.260     2894.260     2894.260     2899.250
   445:     2899.260     2909.040     2909.040     2909.040     2909.050
   450:     2909.050     2909.050     2909.050     2909.050     2909.050
   455:     2913.050     2914.050     2914.050     2919.040     2919.050
   460:     2924.090     2924.090     2924.090     2924.100     2924.100
   465:     2924.100     2924.100     2924.100     2924.100     2928.100
   470:     2929.100     2929.100     2934.090     2934.100     3010.120
   475:     3011.740     3012.030     3012.420     3016.840     3049.570
   480:     3049.570     3049.570     3049.580     3049.580     3049.580
   485:     3049.580     3049.580     3049.580     3053.580     3054.580
   490:     3054.580     3059.570     3059.580     3075.990     3075.990
   495:     3075.990     3076.000     3076.000     3076.000     3076.000
   500:     3076.000     3076.000     3080.000     3080.980     3080.980
   505:     3081.000     3081.000     3085.990     3086.000     3107.810
   510:     3154.300     3404.710     3469.740     3469.740     3469.740
   515:     3469.750     3469.750     3469.750     3469.750     3469.750
   520:     3469.750     3473.750     3474.750     3474.750     3479.740
   525:     3479.750     3882.020     3882.020     3882.020     3882.030
   530:     3882.030     3882.030     3882.030     3882.030     3882.030
   535:     3886.030     3887.030     3887.030     3888.610     3889.880
   540:     3890.450     3891.310     3892.020     3892.030     3892.440
   545:     3893.680     3895.470     3898.590     3903.590     3904.870
   550:     3905.830     3906.920     3907.710     3908.690     3909.540
   555:     3910.510     3911.880     4222.720     4222.720     4222.720
   560:     4222.730     4222.730     4222.730     4222.730     4222.730
   565:     4222.730     4226.730     4227.730     4227.730     4228.860
   570:     4232.720     4232.730     4600.400     4600.400     4600.400
   575:     4600.410     4600.410     4600.410     4600.410     4600.410
   580:     4600.410     4604.410     4605.410     4605.410     4610.400
   585:     4610.410     4626.960     4626.960     4626.960     4626.970
   590:     4626.970     4626.970     4626.970     4626.970     4626.970
   595:     4630.970     4631.970     4631.970     4636.400     4636.960
   600:     4636.970     4638.950     4639.150     4703.970     4732.320
   605:     4732.320     4732.320     4732.330     4732.330     4732.330
   610:     4732.330     4732.330     4732.330     4733.250     4733.250
   615:     4736.330     4737.330     4737.330     4741.890     4741.890
   620:     4742.320     4742.330     4761.470     4803.740     4803.740
   625:     4803.740     4803.750     4803.750     4803.750     4803.750
   630:     4803.750     4803.750     4807.750     4808.750     4808.750
   635:     4813.740     4813.750     4827.820     4827.820     4827.820
   640:     4827.830     4827.830     4827.830     4827.830     4827.830
   645:     4827.830     4828.560     4828.560     4831.830     4832.830
   650:     4832.830     4837.820     4837.830     4845.750     4849.960
   655:     4865.270     4865.270     4865.270     4865.280     4865.280
   660:     4865.280     4865.280     4865.280     4865.280     4865.520
   665:     4865.520     4869.280     4870.280     4870.280     4875.270
   670:     4875.280     4875.450     4883.300     4883.300     4883.300
   675:     4883.310     4883.310     4883.310     4883.310     4883.310
   680:     4883.310     4887.310     4888.310     4888.310     4890.570
   685:     4893.300     4893.310     5060.860     5060.860     5060.860
   690:     5060.870     5060.870     5060.870     5060.870     5060.870
   695:     5060.870     5064.150     5064.150     5064.870     5065.870
   700:     5065.870     5070.860     5070.870     5076.450     5165.750
   705:     5165.750     5165.750     5165.760     5165.760     5165.760
   710:     5165.760     5165.760     5165.760     5169.760     5170.760
   715:     5170.760     5175.750     5175.760     5180.990     5181.430
   720:     5749.250     5753.690     5753.690     5753.690     5753.700
   725:     5753.700     5753.700     5753.700     5753.700     5753.700
   730:     5755.110     5755.110     5756.630     5756.630     5757.700
   735:     5758.700     5758.700     5763.690     5763.700     5788.460
   740:     5788.460     5788.460     5788.470     5788.470     5788.470
   745:     5788.470     5788.470     5788.470     5792.470     5793.470
   750:     5793.470     5798.460     5798.470     5800.820     5800.820
   755:     5800.820     5800.830     5800.830     5800.830     5800.830
   760:     5800.830     5800.830     5804.830     5805.440     5805.440
   765:     5805.830     5805.830     5810.820     5810.830     5958.150
   770:     5958.540     5977.440     6071.460     6077.020     6077.020
   775:     6077.020     6077.030     6077.030     6077.030     6077.030
   780:     6077.030     6077.030     6081.030     6082.030     6082.030
   785:     6087.020     6087.030     6091.320     6092.790     6232.980
   790:     6247.330     6247.330     6247.330     6247.340     6247.340
   795:     6247.340     6247.340     6247.340     6247.340     6249.220
   800:     6249.220     6250.380     6250.380     6251.340     6252.340
   805:     6252.340     6253.210     6253.210     6257.330     6257.340
   810:     6363.120     6363.120     6363.120     6363.130     6363.130
   815:     6363.130     6363.130     6363.130     6363.130     6364.880
   820:     6367.130     6368.130     6368.130     6373.120     6373.130
   825:     6386.580     6402.490     6409.480     6412.420     6413.320
   830:     6414.970     6415.090     6415.180     6416.140     6417.100
   835:     6429.090     6429.090     6429.090     6429.100     6429.100
   840:     6429.100     6429.100     6429.100     6429.100     6433.100
   845:     6434.100     6434.100     6435.070     6439.090     6439.100
   850:     6546.070     6546.070     6546.070     6546.080     6546.080
   855:     6546.080     6546.080     6546.080     6546.080     6549.600
   860:     6549.600     6550.080     6551.080     6551.080     6556.070
   865:     6556.080     6647.570     6650.540     6651.500     6652.400
   870:     6652.600     6654.220     6656.380     6659.270     6660.150
   875:     6661.930     6662.080     6662.340     6663.010     6667.310
   880:     6667.720     6668.420     6669.790     6669.940     6678.880
   885:     6678.880     6678.880     6678.890     6678.890     6678.890
   890:     6678.890     6678.890     6678.890     6682.890     6683.890
   895:     6683.890     6688.880     6688.890     8313.720     8313.720
   900:     8313.720     8313.730     8313.730     8313.730     8313.730
   905:     8313.730     8313.730     8317.730     8318.730     8318.730
   910:     8323.720     8323.730     8337.970     8415.060     8415.060
   915:     8415.060     8415.070     8415.070     8415.070     8415.070
   920:     8415.070     8415.070     8419.070     8420.070     8420.070
   925:     8425.060     8425.070     8426.020     8426.020     8426.020
   930:     8426.030     8426.030     8426.030     8426.030     8426.030
   935:     8426.030     8430.030     8431.030     8431.030     8436.020
   940:     8436.030     8445.470     8456.080     8456.080     8456.080
   945:     8456.090     8456.090     8456.090     8456.090     8456.090
   950:     8456.090     8460.090     8461.090     8461.090     8466.080
   955:     8466.090     8571.250     8578.680     8595.350     8595.350
   960:     8595.350     8595.360     8595.360     8595.360     8595.360
   965:     8595.360     8595.360     8596.910     8596.910     8599.360
   970:     8600.360     8600.360     8604.570     8605.350     8605.360
   975:     8628.010     8628.010     8628.010     8628.020     8628.020
   980:     8628.020     8628.020     8628.020     8628.020     8629.310
   985:     8629.310     8629.970     8629.970     8632.020     8633.020
   990:     8633.020     8638.010     8638.020     8728.080     8959.660
   995:     8959.660     8959.660     8959.670     8959.670     8959.670
  1000:     8959.670     8959.670     8959.670     8963.670     8964.670
  1005:     8964.670     8969.660     8969.670     9091.900     9091.900
  1010:     9091.900     9091.910     9091.910     9091.910     9091.910
  1015:     9091.910     9091.910     9095.910     9096.910     9096.910
  1020:     9101.900     9101.910     9202.820     9226.050     9226.050
  1025:     9226.050     9226.060     9226.060     9226.060     9226.060
  1030:     9226.060     9226.060     9230.060     9231.060     9231.060
  1035:     9234.700     9235.230     9236.050     9236.060     9294.590
  1040:     9294.590     9294.590     9294.600     9294.600     9294.600
  1045:     9294.600     9294.600     9294.600     9297.070     9298.600
  1050:     9299.600     9299.600     9301.100     9301.100     9302.590
  1055:     9302.590     9304.590     9304.600     9341.690     9341.690
  1060:     9341.690     9341.700     9341.700     9341.700     9341.700
  1065:     9341.700     9341.700     9342.870     9342.870     9345.700
  1070:     9346.700     9346.700     9347.220     9351.690     9351.700
  1075:     9379.440     9379.440     9379.440     9379.450     9379.450
  1080:     9379.450     9379.450     9379.450     9379.450     9383.450
  1085:     9384.450     9384.450     9389.440     9389.450     9433.710
  1090:     9470.210     9470.210     9470.210     9470.220     9470.220
  1095:     9470.220     9470.220     9470.220     9470.220     9474.220
  1100:     9475.220     9475.220     9480.210     9480.220     9506.280
  1105:     9507.000     9935.400     9935.400     9935.400     9935.410
  1110:     9935.410     9935.410     9935.410     9935.410     9935.410
  1115:     9939.410     9940.410     9940.410     9945.400     9945.410
  1120:     9958.940     9958.940     9958.940     9958.950     9958.950
  1125:     9958.950     9958.950     9958.950     9958.950     9962.950
  1130:     9963.950     9963.950     9968.940     9968.950    10289.960
  1135:    10289.960    10289.960    10289.970    10289.970    10289.970
  1140:    10289.970    10289.970    10289.970    10293.970    10294.970
  1145:    10294.970    10299.960    10299.970    10388.540    10457.560
  1150:    10506.050    10524.880    10524.880    10524.880    10524.890
  1155:    10524.890    10524.890    10524.890    10524.890    10524.890
  1160:    10528.890    10529.890    10529.890    10534.880    10534.890
  1165:    10535.470    10557.950    10564.230    10564.230    10564.230
  1170:    10564.240    10564.240    10564.240    10564.240    10564.240
  1175:    10564.240    10568.240    10569.240    10569.240    10574.230
  1180:    10574.240    10610.470    10610.470    10610.470    10610.480
  1185:    10610.480    10610.480    10610.480    10610.480    10610.480
  1190:    10613.490    10613.490    10614.480    10615.480    10615.480
  1195:    10620.470    10620.480    10668.660    10675.180    10675.180
  1200:    10675.180    10675.190    10675.190    10675.190    10675.190
  1205:    10675.190    10675.190    10679.190    10680.190    10680.190
  1210:    10683.970    10685.180    10685.190    10691.620    10695.650
  1215:    10711.890    10711.890    10711.890    10711.900    10711.900
  1220:    10711.900    10711.900    10711.900    10711.900    10715.900
  1225:    10716.900    10716.900    10721.890    10721.900    10800.000
