File: C:\MED-PC\Data\2024-11-04_16h14m_Subject 50.txt


Start Date: 11/04/24
End Date: 11/04/24
Subject: 50
Experiment: OralFentSA
Group: One
Box: 6
Start Time: 16:14:11
End Time: 19:15:40
MSN: 20241014_Golden_Liq_SelfAdmin
F:       0.000
G:    2508.000
H:   10800.000
I:       0.000
J:       0.000
K:       0.000
L:       0.000
M:       0.000
N:       0.000
O:       0.000
P:       0.000
Q:       0.000
R:       0.000
S:       0.000
U:       0.000
V:       0.000
W:       0.000
X:       0.000
Y:       0.000
Z:       0.000
A:
     0:        0.000        0.000      180.000        4.000        0.000
     5:        5.000        0.000        5.000        0.000        0.000
    10:        1.000        0.000       10.000   100000.000       25.000
    15:       11.000      640.000        0.000        0.000        0.000
    20:        0.000
B:
     0:        0.000        0.000        0.000      400.000        0.000
     5:      500.000        0.000      500.000        0.000        0.000
    10:        0.000        0.000     1000.000 10000000.000        0.000
    15:        0.000        0.000        0.000        0.000        0.000
    20:        0.000
C:
     0:       22.000       23.000       46.000       24.000     2146.000
     5:    10573.280        1.110       22.000       93.920        4.269
    10:       24.000       46.000        0.000        0.000        0.000
    15:        0.000        0.000        0.000        0.000        0.000
    20:        0.000
D:
     0:       23.290        5.300        2.520       29.230        2.620
     5:        1.910        1.350        1.680        1.480        1.580
    10:        1.380        2.030        1.880        1.610        1.960
    15:        2.780        1.720        1.880        2.170        2.510
    20:        1.930        1.110
E:
     0:       19.000       11.000       26.000       27.000        1.000
     5:        2.000        4.000       22.000       24.000       12.000
    10:       13.000        8.000        5.000       17.000       18.000
    15:       14.000       10.000       19.000       11.000        1.000
    20:        6.000        6.000        6.000        6.000        2.000
    25:        4.000       22.000       24.000       12.000       13.000
    30:        8.000        5.000       17.000       18.000       14.000
    35:       10.000        6.000       19.000       11.000        6.000
    40:        6.000        2.000        4.000       22.000       24.000
    45:       12.000       13.000        8.000        5.000       17.000
    50:        6.000       18.000       14.000       10.000       19.000
    55:       11.000        2.000        4.000       22.000       24.000
    60:       12.000       13.000        8.000        5.000       17.000
    65:       18.000       14.000       10.000       21.000       22.000
    70:       19.000       11.000        1.000        6.000        6.000
    75:        6.000        6.000        6.000        6.000        2.000
    80:        4.000       22.000       24.000       12.000       13.000
    85:        8.000        5.000       17.000        6.000       18.000
    90:       14.000       10.000       19.000       11.000        6.000
    95:        6.000        6.000        6.000        6.000        6.000
   100:        6.000        6.000        6.000        6.000        6.000
   105:        2.000        4.000       22.000       24.000       12.000
   110:       13.000        8.000        5.000       17.000        6.000
   115:       18.000       14.000       10.000       19.000       11.000
   120:        6.000        6.000        6.000        6.000        6.000
   125:        6.000        6.000        6.000        6.000        6.000
   130:        6.000        6.000        6.000        6.000        6.000
   135:        1.000        2.000        4.000       22.000       24.000
   140:       12.000       13.000        8.000        5.000       17.000
   145:        6.000       18.000       14.000       10.000        6.000
   150:       19.000       11.000        6.000        6.000        6.000
   155:        6.000        6.000        6.000        6.000        6.000
   160:        6.000        6.000        6.000        6.000        6.000
   165:        6.000        6.000        6.000        6.000        6.000
   170:        6.000        6.000        6.000        6.000        6.000
   175:        6.000        6.000        6.000        6.000        6.000
   180:        6.000        6.000        6.000        6.000        6.000
   185:        6.000        6.000        6.000        6.000        6.000
   190:        6.000        6.000        6.000        6.000        6.000
   195:        6.000        6.000        6.000        6.000        6.000
   200:        6.000        6.000        6.000        6.000        6.000
   205:        6.000        6.000        6.000        6.000        6.000
   210:        6.000        6.000        6.000        6.000        6.000
   215:        6.000        6.000        6.000        6.000        6.000
   220:        6.000        6.000        6.000        6.000        6.000
   225:        6.000        6.000        6.000        6.000        6.000
   230:        6.000        6.000        6.000        6.000        6.000
   235:        6.000        6.000        6.000        6.000        6.000
   240:        6.000        6.000        6.000        6.000        6.000
   245:        6.000        6.000        6.000        6.000        6.000
   250:        6.000        6.000        6.000        6.000        6.000
   255:        6.000        6.000        6.000        6.000        6.000
   260:        6.000        6.000        6.000        6.000        6.000
   265:        6.000        6.000        6.000        6.000        6.000
   270:        6.000        6.000        6.000        6.000        6.000
   275:        6.000        6.000        6.000        6.000        6.000
   280:        6.000        6.000        6.000        6.000        6.000
   285:        6.000        6.000        6.000        6.000        6.000
   290:        6.000        6.000        6.000        6.000        6.000
   295:        6.000        6.000        6.000        6.000        6.000
   300:        6.000        6.000        6.000        6.000        6.000
   305:        6.000        6.000        6.000        6.000        6.000
   310:        6.000        6.000        6.000        6.000        6.000
   315:        6.000        6.000        6.000        6.000        6.000
   320:        6.000        6.000        6.000        6.000        6.000
   325:        6.000        6.000        6.000        6.000        6.000
   330:        6.000        6.000        6.000        6.000        6.000
   335:        6.000        6.000        6.000        6.000        6.000
   340:        6.000        6.000        6.000        6.000        6.000
   345:        6.000        6.000        6.000        6.000        6.000
   350:        6.000        6.000        6.000        6.000        6.000
   355:        6.000        6.000        6.000        6.000        6.000
   360:        6.000        6.000        6.000        6.000        6.000
   365:        6.000        6.000        6.000        6.000        6.000
   370:        6.000        6.000        6.000        6.000        6.000
   375:        6.000        6.000        6.000        6.000        6.000
   380:        6.000        6.000        6.000        6.000        6.000
   385:        6.000        6.000        6.000        6.000        6.000
   390:        6.000        6.000        6.000        6.000        6.000
   395:        6.000        6.000        6.000        6.000        6.000
   400:        6.000        6.000        6.000        6.000        6.000
   405:        6.000        6.000        6.000        6.000        6.000
   410:        6.000        6.000        6.000        6.000        6.000
   415:        6.000        6.000        6.000        6.000        6.000
   420:        6.000        6.000        6.000        6.000        6.000
   425:        6.000        6.000        6.000        6.000        6.000
   430:        6.000        6.000        6.000        6.000        6.000
   435:        6.000        6.000        6.000        6.000        6.000
   440:        6.000        6.000        6.000        6.000        6.000
   445:        6.000        6.000        6.000        6.000        6.000
   450:        6.000        6.000        6.000        6.000        6.000
   455:        6.000        6.000        6.000        6.000        6.000
   460:        6.000        6.000        6.000        6.000        6.000
   465:        6.000        6.000        6.000        6.000        6.000
   470:        6.000        6.000        2.000        4.000       22.000
   475:       24.000       12.000       13.000        8.000        5.000
   480:       17.000        6.000        6.000        6.000       18.000
   485:       14.000       10.000        6.000        6.000       19.000
   490:       11.000        6.000        6.000        6.000        6.000
   495:        6.000        6.000        6.000        6.000        6.000
   500:        6.000        6.000        6.000        6.000        6.000
   505:        6.000        6.000        6.000        6.000        6.000
   510:        6.000        6.000        6.000        6.000        6.000
   515:        6.000        6.000        6.000        6.000        6.000
   520:        6.000        6.000        6.000        6.000        6.000
   525:        6.000        6.000        6.000        6.000        6.000
   530:        6.000        6.000        6.000        6.000        6.000
   535:        6.000        6.000        6.000        6.000        6.000
   540:        6.000        6.000        6.000        6.000        6.000
   545:        6.000        6.000        6.000        6.000        6.000
   550:        6.000        6.000        6.000        6.000        6.000
   555:        6.000        6.000        6.000        6.000        6.000
   560:        6.000        6.000        6.000        6.000        6.000
   565:        6.000        6.000        6.000        6.000        6.000
   570:        6.000        6.000        6.000        6.000        6.000
   575:        6.000        6.000        6.000        6.000        6.000
   580:        6.000        6.000        6.000        6.000        6.000
   585:        6.000        6.000        6.000        6.000        6.000
   590:        6.000        6.000        6.000        6.000        6.000
   595:        6.000        6.000        6.000        6.000        6.000
   600:        6.000        6.000        6.000        6.000        6.000
   605:        6.000        6.000        6.000        6.000        6.000
   610:        6.000        6.000        6.000        6.000        6.000
   615:        6.000        6.000        6.000        6.000        2.000
   620:        4.000       22.000       24.000       12.000       13.000
   625:        8.000        5.000       17.000        6.000       18.000
   630:       14.000       10.000        6.000       19.000       11.000
   635:        6.000        6.000        6.000        6.000        6.000
   640:        6.000        6.000        6.000        6.000        6.000
   645:        6.000        6.000        6.000        6.000        6.000
   650:        6.000        6.000        6.000        6.000        6.000
   655:        6.000        6.000        6.000        6.000        6.000
   660:        6.000        6.000        6.000        6.000        6.000
   665:        6.000        6.000        1.000        6.000        6.000
   670:        6.000        6.000        6.000        6.000        6.000
   675:        6.000        6.000        6.000        6.000        6.000
   680:        1.000        1.000        1.000        1.000        1.000
   685:        6.000        1.000        1.000        1.000        2.000
   690:        4.000       22.000       24.000       12.000       13.000
   695:        8.000        5.000       17.000        6.000        6.000
   700:       18.000       14.000       10.000        6.000        6.000
   705:        6.000        6.000        6.000        6.000        6.000
   710:        6.000        6.000       19.000       11.000        6.000
   715:        6.000        6.000        6.000        6.000        6.000
   720:        6.000        6.000        6.000        6.000        6.000
   725:        6.000        6.000        6.000        6.000        6.000
   730:        6.000        6.000        6.000        6.000        6.000
   735:        6.000        6.000        6.000        6.000        6.000
   740:        6.000        6.000        6.000        6.000        6.000
   745:        6.000        6.000        6.000        6.000        6.000
   750:        6.000        6.000        6.000        6.000        6.000
   755:        6.000        6.000        6.000        6.000        6.000
   760:        6.000        6.000        6.000        6.000        6.000
   765:        6.000        6.000        6.000        6.000        6.000
   770:        6.000        6.000        6.000        6.000        6.000
   775:        6.000        6.000        6.000        6.000        6.000
   780:        6.000        6.000        6.000        6.000        6.000
   785:        6.000        6.000        6.000        6.000        6.000
   790:        6.000        6.000        6.000        6.000        6.000
   795:        6.000        6.000        6.000        6.000        6.000
   800:        6.000        6.000        6.000        6.000        6.000
   805:        6.000        6.000        6.000        6.000        6.000
   810:        6.000        6.000        6.000        6.000        6.000
   815:        6.000        6.000        6.000        6.000        6.000
   820:        6.000        6.000        6.000        6.000        6.000
   825:        6.000        6.000        6.000        6.000        6.000
   830:        6.000        6.000        6.000        6.000        6.000
   835:        6.000        6.000        6.000        6.000        6.000
   840:        6.000        6.000        6.000        6.000        6.000
   845:        6.000        6.000        6.000        6.000        6.000
   850:        6.000        6.000        6.000        6.000        6.000
   855:        6.000        6.000        6.000        6.000        6.000
   860:        6.000        6.000        6.000        6.000        6.000
   865:        6.000        6.000        6.000        6.000        6.000
   870:        6.000        6.000        6.000        6.000        6.000
   875:        6.000        6.000        6.000        6.000        6.000
   880:        6.000        6.000        6.000        6.000        6.000
   885:        6.000        6.000        6.000        6.000        6.000
   890:        6.000        6.000        6.000        6.000        6.000
   895:        6.000        6.000        6.000        6.000        6.000
   900:        6.000        6.000        6.000        6.000        6.000
   905:        6.000        6.000        6.000        6.000        6.000
   910:        6.000        6.000        6.000        6.000        6.000
   915:        6.000        6.000        6.000        6.000        6.000
   920:        6.000        6.000        6.000        6.000        6.000
   925:        6.000        6.000        6.000        6.000        6.000
   930:        6.000        6.000        6.000        6.000        6.000
   935:        6.000        6.000        6.000        6.000        6.000
   940:        6.000        6.000        6.000        6.000        6.000
   945:        6.000        6.000        6.000        6.000        6.000
   950:        6.000        6.000        6.000        6.000        6.000
   955:        6.000        6.000        6.000        6.000        6.000
   960:        6.000        6.000        6.000        6.000        6.000
   965:        6.000        6.000        6.000        6.000        6.000
   970:        6.000        6.000        6.000        6.000        6.000
   975:        6.000        6.000        6.000        6.000        6.000
   980:        6.000        6.000        6.000        6.000        6.000
   985:        6.000        6.000        6.000        6.000        6.000
   990:        6.000        6.000        6.000        6.000        6.000
   995:        6.000        6.000        6.000        6.000        6.000
  1000:        6.000        6.000        6.000        6.000        6.000
  1005:        6.000        6.000        6.000        2.000        4.000
  1010:       22.000       24.000       12.000       13.000        8.000
  1015:        5.000       17.000        6.000       18.000       14.000
  1020:       10.000       19.000       11.000        6.000        6.000
  1025:        6.000        6.000        6.000        6.000        6.000
  1030:        6.000        6.000        6.000        6.000        6.000
  1035:        6.000        6.000        6.000        6.000        6.000
  1040:        6.000        6.000        6.000        6.000        6.000
  1045:        6.000        6.000        6.000        6.000        6.000
  1050:        6.000        6.000        6.000        6.000        6.000
  1055:        6.000        6.000        6.000        6.000        6.000
  1060:        6.000        6.000        6.000        6.000        6.000
  1065:        6.000        6.000        6.000        6.000        6.000
  1070:        6.000        1.000        6.000        6.000        6.000
  1075:        6.000        6.000        6.000        6.000        6.000
  1080:        6.000        6.000        6.000        6.000        6.000
  1085:        6.000        6.000        6.000        6.000        6.000
  1090:        6.000        6.000        6.000        6.000        6.000
  1095:        6.000        6.000        6.000        6.000        6.000
  1100:        6.000        6.000        6.000        6.000        6.000
  1105:        6.000        6.000        6.000        6.000        6.000
  1110:        6.000        6.000        6.000        6.000        6.000
  1115:        6.000        6.000        6.000        6.000        6.000
  1120:        6.000        6.000        6.000        6.000        6.000
  1125:        6.000        6.000        6.000        6.000        6.000
  1130:        6.000        6.000        6.000        6.000        6.000
  1135:        6.000        6.000        6.000        6.000        6.000
  1140:        6.000        6.000        6.000        6.000        6.000
  1145:        6.000        6.000        6.000        6.000        6.000
  1150:        6.000        6.000        6.000        6.000        6.000
  1155:        6.000        6.000        1.000        1.000        1.000
  1160:        1.000        1.000        1.000        1.000        1.000
  1165:        1.000        1.000        1.000        6.000        1.000
  1170:        1.000        1.000        6.000        1.000        1.000
  1175:        1.000        6.000        6.000        2.000        4.000
  1180:       22.000       24.000       12.000       13.000        8.000
  1185:        5.000       17.000        6.000        6.000       18.000
  1190:       14.000       10.000        6.000        6.000       19.000
  1195:       11.000        1.000        1.000        6.000        6.000
  1200:        6.000        1.000        6.000        6.000        6.000
  1205:        6.000        6.000        6.000        6.000        6.000
  1210:        6.000        6.000        6.000        6.000        6.000
  1215:        6.000        6.000        6.000        6.000        6.000
  1220:        6.000        6.000        6.000        6.000        6.000
  1225:        6.000        6.000        6.000        6.000        6.000
  1230:        6.000        6.000        6.000        6.000        6.000
  1235:        6.000        6.000        6.000        6.000        6.000
  1240:        6.000        6.000        6.000        6.000        6.000
  1245:        6.000        6.000        6.000        6.000        6.000
  1250:        6.000        6.000        6.000        6.000        6.000
  1255:        6.000        6.000        6.000        6.000        6.000
  1260:        6.000        6.000        6.000        6.000        6.000
  1265:        6.000        6.000        6.000        6.000        6.000
  1270:        6.000        6.000        6.000        6.000        6.000
  1275:        6.000        6.000        6.000        6.000        6.000
  1280:        6.000        6.000        6.000        6.000        6.000
  1285:        6.000        6.000        6.000        6.000        6.000
  1290:        6.000        6.000        6.000        6.000        6.000
  1295:        6.000        6.000        6.000        6.000        6.000
  1300:        6.000        6.000        6.000        6.000        6.000
  1305:        6.000        6.000        6.000        6.000        6.000
  1310:        6.000        6.000        6.000        6.000        6.000
  1315:        6.000        6.000        6.000        6.000        6.000
  1320:        6.000        6.000        6.000        6.000        6.000
  1325:        6.000        6.000        6.000        6.000        6.000
  1330:        6.000        6.000        6.000        6.000        6.000
  1335:        6.000        6.000        6.000        6.000        6.000
  1340:        6.000        6.000        6.000        6.000        6.000
  1345:        6.000        6.000        6.000        6.000        6.000
  1350:        6.000        6.000        6.000        6.000        6.000
  1355:        6.000        6.000        6.000        6.000        6.000
  1360:        6.000        6.000        6.000        6.000        6.000
  1365:        6.000        6.000        6.000        6.000        6.000
  1370:        6.000        6.000        6.000        6.000        6.000
  1375:        6.000        6.000        6.000        6.000        1.000
  1380:        6.000        2.000        4.000       22.000       24.000
  1385:       12.000       13.000        8.000        5.000       17.000
  1390:        6.000       18.000        6.000       14.000       10.000
  1395:        6.000       19.000       11.000        1.000        6.000
  1400:        6.000        6.000        6.000        6.000        1.000
  1405:        1.000        6.000        1.000        1.000        6.000
  1410:        2.000        4.000       22.000       24.000       12.000
  1415:       13.000        8.000        5.000       17.000        6.000
  1420:       18.000       14.000       10.000       19.000       11.000
  1425:        6.000        6.000        6.000        6.000        6.000
  1430:        6.000        6.000        6.000        6.000        6.000
  1435:        6.000        6.000        6.000        6.000        6.000
  1440:        6.000        6.000        6.000        6.000        6.000
  1445:        6.000        6.000        6.000        6.000        6.000
  1450:        6.000        6.000        6.000        6.000        6.000
  1455:        6.000        6.000        6.000        6.000        6.000
  1460:        6.000        6.000        6.000        6.000        6.000
  1465:        6.000        6.000        6.000        6.000        6.000
  1470:        6.000        6.000        6.000        6.000        6.000
  1475:        6.000        6.000        6.000        6.000        6.000
  1480:        6.000        6.000        6.000        6.000        6.000
  1485:        6.000        6.000        6.000        6.000        6.000
  1490:        6.000        6.000        6.000        6.000        6.000
  1495:        6.000        6.000        6.000        6.000        6.000
  1500:        6.000        6.000        6.000        6.000        6.000
  1505:        6.000        6.000        6.000        6.000        6.000
  1510:        6.000        6.000        6.000        6.000        6.000
  1515:        6.000        6.000        6.000        6.000        6.000
  1520:        6.000        6.000        6.000        6.000        6.000
  1525:        6.000        6.000        6.000        6.000        6.000
  1530:        6.000        6.000        6.000        6.000        6.000
  1535:        6.000        6.000        6.000        6.000        6.000
  1540:        6.000        6.000        6.000        6.000        6.000
  1545:        6.000        6.000        6.000        6.000        6.000
  1550:        6.000        6.000        6.000        6.000        6.000
  1555:        6.000        6.000        6.000        6.000        6.000
  1560:        6.000        6.000        6.000        6.000        6.000
  1565:        6.000        6.000        6.000        6.000        6.000
  1570:        6.000        6.000        6.000        6.000        6.000
  1575:        6.000        6.000        6.000        6.000        6.000
  1580:        6.000        6.000        6.000        6.000        6.000
  1585:        6.000        6.000        6.000        6.000        6.000
  1590:        6.000        6.000        6.000        6.000        6.000
  1595:        6.000        6.000        6.000        6.000        6.000
  1600:        6.000        6.000        6.000        6.000        6.000
  1605:        6.000        6.000        6.000        6.000        6.000
  1610:        6.000        6.000        6.000        6.000        6.000
  1615:        6.000        6.000        6.000        6.000        6.000
  1620:        6.000        6.000        6.000        6.000        6.000
  1625:        6.000        6.000        6.000        6.000        6.000
  1630:        6.000        6.000        6.000        6.000        6.000
  1635:        6.000        6.000        6.000        6.000        6.000
  1640:        6.000        6.000        6.000        6.000        6.000
  1645:        6.000        6.000        6.000        6.000        6.000
  1650:        6.000        6.000        6.000        6.000        6.000
  1655:        6.000        6.000        6.000        6.000        6.000
  1660:        6.000        6.000        6.000        6.000        6.000
  1665:        6.000        6.000        6.000        6.000        6.000
  1670:        6.000        6.000        6.000        6.000        6.000
  1675:        6.000        6.000        6.000        6.000        6.000
  1680:        6.000        6.000        6.000        6.000        6.000
  1685:        6.000        6.000        6.000        6.000        6.000
  1690:        6.000        6.000        6.000        6.000        6.000
  1695:        6.000        6.000        6.000        6.000        6.000
  1700:        6.000        6.000        6.000        6.000        6.000
  1705:        6.000        6.000        6.000        6.000        6.000
  1710:        6.000        6.000        6.000        6.000        6.000
  1715:        6.000        6.000        2.000        4.000       22.000
  1720:       24.000       12.000       13.000        8.000        5.000
  1725:       17.000        6.000       18.000        6.000       14.000
  1730:       10.000       19.000       11.000        6.000        6.000
  1735:        6.000        1.000        1.000        1.000        2.000
  1740:        4.000       22.000       24.000       12.000       13.000
  1745:        8.000        5.000       17.000       21.000       22.000
  1750:        6.000       18.000        6.000       14.000       10.000
  1755:        6.000        6.000       19.000       11.000        6.000
  1760:        6.000        6.000        6.000        6.000        6.000
  1765:        6.000        6.000        6.000        6.000        6.000
  1770:        6.000        6.000        6.000        6.000        6.000
  1775:        6.000        6.000        6.000        6.000        6.000
  1780:        6.000        6.000        6.000        6.000        6.000
  1785:        6.000        6.000        6.000        6.000        6.000
  1790:        6.000        6.000        6.000        6.000        6.000
  1795:        6.000        6.000        6.000        6.000        6.000
  1800:        6.000        6.000        6.000        6.000        6.000
  1805:        6.000        6.000        6.000        6.000        6.000
  1810:        6.000        6.000        6.000        6.000        6.000
  1815:        6.000        6.000        6.000        6.000        6.000
  1820:        6.000        6.000        6.000        6.000        6.000
  1825:        6.000        6.000        6.000        6.000        6.000
  1830:        6.000        6.000        6.000        6.000        6.000
  1835:        6.000        6.000        6.000        6.000        6.000
  1840:        6.000        6.000        6.000        6.000        6.000
  1845:        6.000        6.000        6.000        6.000        6.000
  1850:        6.000        6.000        6.000        6.000        6.000
  1855:        6.000        6.000        6.000        6.000        6.000
  1860:        6.000        6.000        6.000        6.000        6.000
  1865:        6.000        6.000        6.000        6.000        6.000
  1870:        6.000        6.000        6.000        6.000        6.000
  1875:        6.000        6.000        6.000        6.000        6.000
  1880:        6.000        6.000        6.000        6.000        6.000
  1885:        6.000        6.000        6.000        6.000        6.000
  1890:        6.000        6.000        6.000        6.000        6.000
  1895:        6.000        6.000        6.000        6.000        6.000
  1900:        6.000        6.000        6.000        6.000        6.000
  1905:        6.000        6.000        6.000        6.000        6.000
  1910:        6.000        6.000        6.000        6.000        6.000
  1915:        6.000        6.000        6.000        6.000        6.000
  1920:        6.000        6.000        6.000        6.000        6.000
  1925:        6.000        6.000        6.000        6.000        6.000
  1930:        6.000        6.000        6.000        6.000        6.000
  1935:        6.000        6.000        6.000        6.000        6.000
  1940:        6.000        6.000        6.000        6.000        6.000
  1945:        6.000        6.000        6.000        6.000        6.000
  1950:        6.000        6.000        6.000        6.000        6.000
  1955:        6.000        6.000        6.000        6.000        6.000
  1960:        6.000        6.000        6.000        6.000        6.000
  1965:        6.000        6.000        6.000        6.000        6.000
  1970:        6.000        6.000        6.000        6.000        6.000
  1975:        6.000        6.000        6.000        6.000        6.000
  1980:        6.000        6.000        6.000        6.000        6.000
  1985:        6.000        6.000        6.000        6.000        6.000
  1990:        1.000        6.000        6.000        6.000        6.000
  1995:        6.000        6.000        6.000        6.000        6.000
  2000:        6.000        6.000        6.000        6.000        6.000
  2005:        6.000        6.000        6.000        6.000        6.000
  2010:        6.000        6.000        6.000        6.000        6.000
  2015:        6.000        6.000        6.000        6.000        6.000
  2020:        6.000        6.000        6.000        6.000        6.000
  2025:        6.000        6.000        6.000        6.000        6.000
  2030:        6.000        6.000        6.000        6.000        6.000
  2035:        6.000        6.000        6.000        6.000        6.000
  2040:        6.000        6.000        6.000        6.000        6.000
  2045:        6.000        6.000        6.000        6.000        6.000
  2050:        6.000        6.000        6.000        6.000        6.000
  2055:        2.000        4.000       22.000       24.000       12.000
  2060:       13.000        8.000        5.000       17.000        6.000
  2065:       18.000       14.000       10.000        6.000        6.000
  2070:       19.000       11.000        6.000        6.000        6.000
  2075:        6.000        6.000        6.000        6.000        6.000
  2080:        6.000        6.000        6.000        6.000        6.000
  2085:        6.000        6.000        6.000        6.000        6.000
  2090:        6.000        6.000        6.000        6.000        6.000
  2095:        6.000        6.000        6.000        6.000        6.000
  2100:        6.000        6.000        6.000        6.000        2.000
  2105:        4.000       22.000       24.000       12.000       13.000
  2110:        8.000        5.000       17.000        6.000       18.000
  2115:        6.000        6.000       14.000       10.000        6.000
  2120:       19.000       11.000        6.000        6.000        6.000
  2125:        6.000        6.000        6.000        6.000        6.000
  2130:        6.000        6.000        6.000        6.000        6.000
  2135:        6.000        6.000        6.000        6.000        6.000
  2140:        6.000        6.000        6.000        6.000        6.000
  2145:        6.000        6.000        6.000        6.000        6.000
  2150:        6.000        6.000        6.000        6.000        6.000
  2155:        6.000        6.000        6.000        6.000        6.000
  2160:        6.000        6.000        6.000        6.000        6.000
  2165:        6.000        6.000        6.000        6.000        6.000
  2170:        6.000        6.000        6.000        6.000        6.000
  2175:        6.000        6.000        6.000        6.000        6.000
  2180:        6.000        6.000        6.000        6.000        6.000
  2185:        6.000        6.000        6.000        6.000        6.000
  2190:        6.000        6.000        6.000        6.000        6.000
  2195:        6.000        6.000        6.000        6.000        6.000
  2200:        6.000        6.000        6.000        6.000        6.000
  2205:        6.000        6.000        6.000        6.000        6.000
  2210:        6.000        6.000        6.000        6.000        6.000
  2215:        6.000        6.000        6.000        6.000        6.000
  2220:        6.000        6.000        6.000        6.000        6.000
  2225:        6.000        6.000        6.000        6.000        6.000
  2230:        6.000        6.000        6.000        6.000        6.000
  2235:        6.000        6.000        6.000        6.000        6.000
  2240:        6.000        6.000        6.000        6.000        6.000
  2245:        6.000        6.000        6.000        6.000        6.000
  2250:        6.000        6.000        6.000        6.000        6.000
  2255:        6.000        6.000        6.000        6.000        6.000
  2260:        6.000        6.000        6.000        6.000        6.000
  2265:        6.000        6.000        6.000        6.000        6.000
  2270:        6.000        6.000        6.000        6.000        6.000
  2275:        6.000        6.000        6.000        6.000        6.000
  2280:        6.000        6.000        6.000        6.000        6.000
  2285:        6.000        6.000        6.000        6.000        6.000
  2290:        6.000        6.000        6.000        6.000        6.000
  2295:        6.000        6.000        6.000        6.000        6.000
  2300:        6.000        6.000        6.000        6.000        6.000
  2305:        6.000        6.000        6.000        6.000        6.000
  2310:        6.000        6.000        6.000        6.000        6.000
  2315:        6.000        6.000        6.000        6.000        6.000
  2320:        6.000        6.000        6.000        6.000        6.000
  2325:        6.000        6.000        6.000        6.000        6.000
  2330:        6.000        6.000        6.000        6.000        6.000
  2335:        6.000        6.000        6.000        6.000        6.000
  2340:        6.000        6.000        6.000        6.000        6.000
  2345:        6.000        6.000        6.000        6.000        6.000
  2350:        6.000        6.000        6.000        6.000        6.000
  2355:        6.000        6.000        6.000        6.000        6.000
  2360:        6.000        6.000        6.000        6.000        6.000
  2365:        6.000        6.000        6.000        6.000        6.000
  2370:        6.000        1.000        1.000        6.000        6.000
  2375:        6.000        6.000        6.000        6.000        6.000
  2380:        6.000        6.000        6.000        6.000        2.000
  2385:        4.000       22.000       24.000       12.000       13.000
  2390:        8.000        5.000       17.000        6.000       18.000
  2395:       14.000       10.000        6.000       19.000       11.000
  2400:        6.000        6.000        2.000        4.000       22.000
  2405:       24.000       12.000       13.000        8.000        5.000
  2410:       17.000        6.000       18.000       14.000       10.000
  2415:        6.000        6.000        6.000        6.000       19.000
  2420:       11.000        6.000        6.000        6.000        6.000
  2425:        6.000        2.000        4.000       22.000       24.000
  2430:       12.000       13.000        8.000        5.000       17.000
  2435:        6.000        6.000       18.000       14.000       10.000
  2440:        6.000        6.000        6.000       19.000       11.000
  2445:        6.000        6.000        2.000        4.000       22.000
  2450:       24.000       12.000       13.000        8.000        5.000
  2455:       17.000        6.000        6.000        6.000        6.000
  2460:        6.000       18.000       14.000       10.000       19.000
  2465:       11.000        6.000        6.000        6.000        6.000
  2470:        6.000        6.000        6.000        6.000        6.000
  2475:        6.000        6.000        6.000        6.000        6.000
  2480:        6.000        6.000        6.000        6.000        6.000
  2485:        6.000        6.000        6.000        6.000        6.000
  2490:        6.000        6.000        6.000        6.000        6.000
  2495:        6.000        6.000        6.000        6.000        6.000
  2500:        6.000        6.000        6.000        6.000        6.000
  2505:        6.000        6.000        6.000      100.000
T:
     0:        0.000        0.000        0.000        0.000        1.530
     5:        3.470        3.470        3.470        3.480        3.480
    10:        3.480        3.480        3.480        3.480        7.480
    15:        8.480        8.480       13.470       13.480       16.860
    20:       26.770       31.610       44.260       44.430       49.890
    25:       49.890       49.890       49.900       49.900       49.900
    30:       49.900       49.900       49.900       53.900       54.900
    35:       54.900       55.200       59.890       59.900       60.930
    40:       65.240       66.880       66.880       66.880       66.890
    45:       66.890       66.890       66.890       66.890       66.890
    50:       69.410       70.890       71.890       71.890       76.880
    55:       76.890       80.060       80.060       80.060       80.070
    60:       80.070       80.070       80.070       80.070       80.070
    65:       84.070       85.070       85.070       90.000       90.000
    70:       90.060       90.070       94.430      109.300      113.410
    75:      113.760      127.560      127.700      135.290      138.360
    80:      138.360      138.360      138.370      138.370      138.370
    85:      138.370      138.370      138.370      140.990      142.370
    90:      143.370      143.370      148.360      148.370      160.500
    95:      235.800      239.220      269.660      304.300      304.710
   100:      308.550      409.760      427.070      445.300      514.440
   105:      527.560      527.560      527.560      527.570      527.570
   110:      527.570      527.570      527.570      527.570      529.480
   115:      531.570      532.570      532.570      537.560      537.570
   120:      575.550      597.850      598.310      619.240      631.110
   125:      631.820      631.930      638.500      644.640      669.180
   130:      700.260      710.200      763.240      778.540      780.710
   135:      857.340      864.370      864.370      864.370      864.380
   140:      864.380      864.380      864.380      864.380      864.380
   145:      865.730      868.380      869.380      869.380      872.920
   150:      874.370      874.380      887.490      888.640      888.770
   155:      888.920      888.980      889.410      902.150      932.010
   160:      935.210      938.910      962.710      962.910      964.010
   165:      964.920      970.220      970.700      970.870      971.090
   170:     1005.490     1028.380     1042.270     1073.990     1090.080
   175:     1106.510     1109.550     1110.720     1110.770     1114.990
   180:     1115.100     1115.300     1115.650     1115.830     1115.990
   185:     1116.740     1116.870     1117.180     1117.300     1122.890
   190:     1122.910     1122.980     1123.150     1123.480     1123.710
   195:     1123.920     1124.470     1124.630     1124.810     1125.100
   200:     1125.410     1138.480     1158.840     1158.870     1159.150
   205:     1159.540     1162.430     1246.660     1258.080     1258.640
   210:     1259.830     1259.950     1260.120     1260.270     1260.470
   215:     1265.970     1268.630     1268.790     1269.550     1271.450
   220:     1271.760     1326.130     1326.170     1339.220     1353.380
   225:     1355.210     1362.670     1368.720     1368.790     1369.140
   230:     1369.350     1369.550     1369.730     1370.660     1371.340
   235:     1372.010     1375.940     1377.040     1377.130     1409.740
   240:     1410.170     1410.220     1411.010     1414.700     1435.400
   245:     1439.430     1439.570     1439.820     1440.450     1440.670
   250:     1440.870     1441.120     1441.330     1441.560     1441.800
   255:     1442.550     1442.960     1443.110     1443.430     1443.610
   260:     1443.890     1444.360     1444.610     1444.890     1445.130
   265:     1445.550     1446.060     1446.410     1446.810     1447.160
   270:     1447.570     1448.240     1448.640     1448.820     1449.700
   275:     1450.120     1450.410     1451.960     1452.190     1461.850
   280:     1462.460     1473.960     1474.670     1482.410     1488.340
   285:     1488.820     1489.220     1489.260     1489.290     1489.570
   290:     1489.820     1494.250     1497.990     1506.700     1507.020
   295:     1510.860     1534.110     1552.760     1553.010     1553.590
   300:     1553.760     1582.610     1587.410     1587.820     1588.210
   305:     1588.440     1588.640     1603.320     1603.630     1608.870
   310:     1609.100     1609.520     1609.630     1609.960     1610.140
   315:     1610.360     1611.690     1611.760     1611.880     1616.130
   320:     1626.090     1631.010     1653.310     1684.140     1705.900
   325:     1705.940     1712.930     1716.260     1717.860     1721.280
   330:     1721.720     1723.760     1735.100     1735.540     1735.650
   335:     1735.940     1737.290     1737.560     1738.010     1749.060
   340:     1749.370     1749.860     1750.910     1751.160     1753.460
   345:     1753.610     1779.750     1780.050     1780.790     1781.240
   350:     1781.400     1781.580     1781.870     1796.950     1797.140
   355:     1802.990     1856.480     1856.530     1856.560     1884.040
   360:     1891.050     1895.330     1895.500     1895.610     1902.610
   365:     1902.810     1911.960     1924.520     1931.310     1931.440
   370:     1932.580     1932.740     1939.280     1943.090     1951.630
   375:     1951.880     1952.120     1952.970     1953.110     1953.190
   380:     1954.990     1969.600     1969.820     1970.150     1970.180
   385:     1970.290     1970.580     1970.780     1971.020     1971.440
   390:     1976.440     1976.810     1977.030     1977.590     1978.660
   395:     1979.070     1980.180     1980.270     1987.020     1987.640
   400:     1987.660     1988.330     2006.030     2006.120     2006.360
   405:     2006.500     2006.730     2006.900     2007.200     2007.500
   410:     2008.090     2008.560     2010.020     2010.420     2010.520
   415:     2041.640     2052.310     2052.520     2052.690     2052.910
   420:     2052.950     2053.400     2053.570     2054.020     2054.280
   425:     2054.890     2055.110     2055.640     2067.280     2075.640
   430:     2079.870     2080.030     2080.270     2080.650     2081.430
   435:     2089.730     2093.210     2093.680     2121.100     2173.220
   440:     2190.350     2201.320     2230.440     2244.890     2248.600
   445:     2248.820     2249.920     2250.200     2250.500     2250.970
   450:     2260.560     2339.570     2342.980     2343.040     2343.480
   455:     2347.430     2347.650     2350.680     2365.430     2365.460
   460:     2366.240     2371.020     2376.280     2376.410     2376.860
   465:     2387.240     2394.770     2396.320     2400.370     2418.630
   470:     2422.410     2423.060     2447.950     2447.950     2447.950
   475:     2447.960     2447.960     2447.960     2447.960     2447.960
   480:     2447.960     2449.640     2449.660     2451.040     2451.960
   485:     2452.960     2452.960     2454.860     2456.220     2457.950
   490:     2457.960     2459.020     2459.700     2473.580     2473.630
   495:     2474.200     2482.830     2496.870     2509.070     2637.340
   500:     2674.480     2675.130     2686.170     2690.690     2691.120
   505:     2696.350     2696.530     2717.030     2717.540     2726.900
   510:     2744.530     2789.640     2789.670     2791.340     2806.660
   515:     2807.030     2808.490     2816.290     2816.800     2817.000
   520:     2819.170     2819.500     2819.730     2820.120     2822.220
   525:     2822.340     2822.810     2822.850     2822.990     2823.580
   530:     2823.850     2824.380     2834.690     2835.850     2835.930
   535:     2836.010     2836.230     2836.420     2836.650     2836.960
   540:     2837.180     2837.460     2840.660     2840.710     2842.760
   545:     2844.740     2863.630     2866.430     2866.720     2913.190
   550:     2913.270     2913.470     2914.110     2914.210     2914.510
   555:     2914.970     2916.690     2923.590     2926.820     2937.730
   560:     2937.980     2938.050     2942.950     2975.420     2975.910
   565:     2980.060     2987.720     3010.250     3010.310     3023.720
   570:     3023.930     3074.650     3092.290     3092.530     3094.450
   575:     3094.690     3101.800     3104.550     3108.420     3108.480
   580:     3108.810     3109.180     3109.400     3109.990     3110.440
   585:     3110.820     3111.610     3111.960     3112.600     3113.620
   590:     3114.280     3115.230     3115.810     3119.690     3200.460
   595:     3200.520     3228.840     3238.920     3276.460     3276.700
   600:     3326.370     3328.500     3332.770     3353.350     3353.490
   605:     3366.420     3371.140     3376.790     3419.060     3419.310
   610:     3419.630     3419.780     3419.840     3420.020     3447.770
   615:     3468.070     3496.460     3512.000     3528.390     3666.950
   620:     3666.950     3666.950     3666.960     3666.960     3666.960
   625:     3666.960     3666.960     3666.960     3668.440     3670.960
   630:     3671.960     3671.960     3675.730     3676.950     3676.960
   635:     3677.190     3677.300     3677.940     3681.130     3681.820
   640:     3681.950     3684.040     3684.480     3684.640     3685.130
   645:     3685.340     3686.070     3690.230     3690.530     3691.100
   650:     3691.610     3691.860     3692.400     3692.770     3693.000
   655:     3693.240     3693.400     3693.660     3694.020     3694.410
   660:     3694.900     3695.380     3695.890     3696.460     3717.130
   665:     3722.190     3739.800     3797.860     3825.370     3825.840
   670:     3828.110     3844.590     3845.110     3845.320     3845.720
   675:     3846.060     3851.210     3851.890     3927.670     3927.700
   680:     3932.150     3959.820     3962.390     3968.090     3971.280
   685:     3987.650     3994.010     4000.510     4001.820     4003.490
   690:     4003.490     4003.490     4003.500     4003.500     4003.500
   695:     4003.500     4003.500     4003.500     4005.080     4007.070
   700:     4007.500     4008.500     4008.500     4009.990     4010.680
   705:     4010.890     4011.160     4011.840     4012.120     4012.360
   710:     4012.690     4013.000     4013.490     4013.500     4022.360
   715:     4042.990     4086.500     4087.160     4087.820     4088.140
   720:     4088.210     4088.280     4088.610     4088.910     4089.350
   725:     4089.700     4090.810     4099.630     4100.850     4100.870
   730:     4101.220     4113.720     4114.180     4153.310     4154.850
   735:     4157.580     4166.770     4167.120     4167.630     4169.950
   740:     4170.210     4170.850     4171.090     4172.040     4172.130
   745:     4172.390     4172.750     4176.150     4176.240     4195.730
   750:     4196.140     4196.640     4196.870     4197.170     4197.470
   755:     4197.960     4198.220     4199.040     4199.270     4216.840
   760:     4229.940     4230.270     4230.360     4233.160     4233.420
   765:     4233.910     4234.950     4235.120     4235.670     4238.000
   770:     4238.900     4241.840     4264.210     4264.370     4264.950
   775:     4265.230     4265.510     4266.650     4278.600     4287.790
   780:     4288.660     4289.000     4289.350     4293.590     4295.460
   785:     4296.860     4305.500     4305.930     4306.040     4306.530
   790:     4306.760     4307.470     4307.720     4310.210     4310.680
   795:     4319.770     4327.410     4327.510     4334.330     4341.310
   800:     4341.890     4347.590     4347.800     4348.170     4348.400
   805:     4348.760     4349.640     4350.660     4370.780     4371.050
   810:     4371.650     4373.890     4376.010     4376.230     4393.250
   815:     4394.030     4399.380     4399.440     4399.790     4399.930
   820:     4400.460     4405.820     4406.510     4406.900     4407.450
   825:     4407.740     4410.990     4411.100     4419.140     4427.100
   830:     4427.170     4434.550     4435.170     4435.550     4456.610
   835:     4478.870     4492.260     4498.440     4501.580     4501.750
   840:     4501.790     4502.000     4502.030     4508.040     4508.080
   845:     4508.840     4519.900     4520.930     4521.730     4522.140
   850:     4523.130     4523.530     4523.950     4525.460     4525.880
   855:     4526.330     4526.940     4530.420     4530.460     4530.510
   860:     4533.120     4555.570     4555.630     4556.030     4556.710
   865:     4556.950     4559.900     4562.760     4563.280     4573.440
   870:     4574.440     4579.150     4586.020     4586.680     4610.960
   875:     4614.330     4624.050     4624.290     4624.380     4624.540
   880:     4631.230     4631.330     4631.810     4632.100     4632.410
   885:     4632.730     4633.020     4633.190     4633.800     4659.510
   890:     4659.640     4660.350     4664.180     4664.380     4664.620
   895:     4665.060     4672.200     4672.600     4676.560     4677.030
   900:     4678.170     4678.320     4687.900     4688.520     4694.400
   905:     4694.440     4694.830     4695.140     4695.660     4695.850
   910:     4695.960     4696.300     4696.600     4697.060     4706.440
   915:     4707.130     4713.090     4713.920     4729.030     4729.190
   920:     4737.720     4742.580     4742.990     4746.770     4746.810
   925:     4747.280     4747.640     4748.010     4748.130     4748.470
   930:     4750.380     4762.740     4768.770     4774.960     4775.190
   935:     4775.350     4775.640     4776.440     4786.180     4786.330
   940:     4793.970     4794.390     4794.870     4800.460     4800.590
   945:     4805.390     4805.640     4809.290     4809.570     4814.040
   950:     4814.360     4814.700     4815.810     4816.080     4816.400
   955:     4816.690     4820.780     4820.830     4820.870     4821.580
   960:     4830.070     4830.890     4831.840     4832.220     4832.600
   965:     4840.320     4845.950     4855.850     4856.040     4856.820
   970:     4857.890     4871.270     4872.640     4873.610     4899.350
   975:     4899.600     4908.650     4914.200     4927.820     4935.970
   980:     4936.280     4937.100     4940.390     4940.530     4941.090
   985:     4941.120     4941.160     4948.000     4948.050     4948.860
   990:     4958.650     4959.330     4959.510     4959.730     4965.310
   995:     5004.340     5004.620     5007.800     5014.900     5022.490
  1000:     5022.630     5028.170     5034.250     5035.930     5036.130
  1005:     5036.650     5039.820     5040.020     5042.070     5042.070
  1010:     5042.070     5042.080     5042.080     5042.080     5042.080
  1015:     5042.080     5042.080     5043.460     5046.080     5047.080
  1020:     5047.080     5052.070     5052.080     5053.790     5061.080
  1025:     5073.290     5082.370     5082.700     5083.350     5089.260
  1030:     5089.370     5089.530     5089.940     5091.260     5101.360
  1035:     5101.580     5101.800     5103.150     5104.890     5109.020
  1040:     5109.070     5109.290     5109.510     5116.810     5117.070
  1045:     5117.270     5117.540     5118.400     5119.850     5129.320
  1050:     5140.540     5140.990     5142.180     5142.310     5158.190
  1055:     5158.450     5162.810     5181.400     5182.490     5183.260
  1060:     5185.690     5191.360     5191.820     5213.040     5219.860
  1065:     5220.200     5220.770     5221.750     5228.730     5239.620
  1070:     5247.620     5257.770     5259.790     5260.580     5260.800
  1075:     5260.970     5265.620     5268.070     5268.520     5268.730
  1080:     5271.810     5276.050     5277.690     5280.010     5282.290
  1085:     5284.060     5284.120     5284.380     5291.770     5292.270
  1090:     5299.940     5300.030     5300.430     5300.720     5301.750
  1095:     5320.160     5330.850     5337.320     5337.920     5359.890
  1100:     5367.490     5383.250     5383.390     5383.690     5383.800
  1105:     5384.000     5389.480     5389.600     5389.770     5390.090
  1110:     5395.650     5406.540     5412.750     5412.860     5413.060
  1115:     5421.120     5421.730     5430.190     5430.260     5430.960
  1120:     5431.260     5435.090     5435.170     5450.540     5451.010
  1125:     5464.590     5465.230     5468.130     5479.570     5487.620
  1130:     5497.980     5498.040     5498.370     5498.470     5498.860
  1135:     5504.060     5510.980     5511.380     5511.860     5512.230
  1140:     5516.610     5516.700     5525.900     5525.950     5548.270
  1145:     5594.860     5595.080     5595.110     5599.970     5600.200
  1150:     5616.420     5627.560     5627.730     5634.940     5640.120
  1155:     5657.670     5658.200     5681.160     5687.130     5687.950
  1160:     5694.950     5695.100     5695.290     5698.950     5701.270
  1165:     5705.930     5706.120     5710.070     5722.100     5730.290
  1170:     5730.780     5741.240     5759.090     5762.080     5775.170
  1175:     5789.040     5804.050     5804.150     5813.880     5813.880
  1180:     5813.880     5813.890     5813.890     5813.890     5813.890
  1185:     5813.890     5813.890     5815.920     5817.540     5817.890
  1190:     5818.890     5818.890     5821.380     5823.040     5823.880
  1195:     5823.890     5827.260     5834.710     5837.850     5838.680
  1200:     5838.710     5848.300     5860.600     5861.300     5868.440
  1205:     5869.100     5891.360     5905.310     5977.150     6021.860
  1210:     6021.920     6022.660     6044.730     6053.030     6057.720
  1215:     6058.080     6061.310     6061.630     6061.860     6071.290
  1220:     6098.220     6103.150     6103.290     6103.460     6104.260
  1225:     6114.190     6114.250     6116.900     6117.070     6119.050
  1230:     6148.940     6149.750     6149.820     6150.200     6150.460
  1235:     6150.820     6154.970     6158.120     6161.680     6162.690
  1240:     6176.130     6176.490     6176.790     6177.070     6179.350
  1245:     6182.760     6183.070     6194.930     6195.440     6212.490
  1250:     6219.770     6223.600     6223.770     6231.530     6231.740
  1255:     6231.990     6232.470     6238.270     6258.560     6263.130
  1260:     6263.660     6264.310     6269.410     6270.310     6270.340
  1265:     6289.970     6290.480     6302.120     6302.630     6303.250
  1270:     6308.240     6308.820     6325.540     6325.920     6326.440
  1275:     6327.130     6342.490     6343.010     6350.980     6351.510
  1280:     6351.770     6356.550     6356.920     6369.030     6404.780
  1285:     6416.200     6416.690     6422.080     6435.360     6435.470
  1290:     6435.570     6435.640     6439.930     6440.170     6440.590
  1295:     6440.860     6441.280     6441.920     6441.950     6448.510
  1300:     6448.540     6448.580     6449.300     6449.620     6449.810
  1305:     6450.140     6455.870     6468.400     6468.760     6469.260
  1310:     6470.270     6470.680     6471.100     6471.180     6478.750
  1315:     6481.420     6481.450     6491.630     6498.040     6506.220
  1320:     6506.810     6507.000     6510.920     6511.050     6511.070
  1325:     6511.720     6523.350     6549.860     6549.890     6549.980
  1330:     6559.700     6562.820     6568.040     6573.580     6573.800
  1335:     6574.570     6574.640     6590.100     6597.180     6597.420
  1340:     6597.500     6603.660     6609.300     6609.340     6609.730
  1345:     6610.630     6612.160     6623.220     6629.540     6629.930
  1350:     6630.400     6631.340     6641.450     6647.450     6648.170
  1355:     6648.880     6663.280     6663.450     6663.590     6665.640
  1360:     6673.000     6673.750     6674.050     6674.290     6675.640
  1365:     6696.180     6719.770     6719.990     6720.560     6747.990
  1370:     6751.060     6765.990     6771.000     6778.100     6778.530
  1375:     6783.740     6787.390     6796.590     6797.240     6802.500
  1380:     6821.380     6828.820     6828.820     6828.820     6828.830
  1385:     6828.830     6828.830     6828.830     6828.830     6828.830
  1390:     6830.710     6832.830     6832.830     6833.830     6833.830
  1395:     6833.990     6838.820     6838.830     6849.180     6850.540
  1400:     6850.620     6851.720     6859.070     6859.750     6870.280
  1405:     6870.450     6871.580     6887.030     6890.310     6906.110
  1410:     6910.600     6910.600     6910.600     6910.610     6910.610
  1415:     6910.610     6910.610     6910.610     6910.610     6912.220
  1420:     6914.610     6915.610     6915.610     6920.600     6920.610
  1425:     6934.880     6936.280     6936.870     6940.760     6941.200
  1430:     6941.380     6944.990     6945.520     6945.730     6948.840
  1435:     6948.960     6954.230     6957.560     6958.000     6961.040
  1440:     6968.360     6991.620     6991.870     6992.390     6992.840
  1445:     6994.240     6998.130     6998.540     7001.390     7001.880
  1450:     7013.980     7017.600     7017.700     7039.090     7039.390
  1455:     7042.570     7042.930     7054.370     7054.940     7063.960
  1460:     7064.330     7069.870     7075.400     7075.820     7081.170
  1465:     7081.460     7081.580     7104.770     7105.030     7110.130
  1470:     7110.160     7121.750     7133.160     7133.340     7133.850
  1475:     7142.460     7143.510     7143.580     7148.560     7156.710
  1480:     7156.780     7157.060     7157.640     7167.240     7167.680
  1485:     7172.110     7176.500     7178.900     7179.320     7181.420
  1490:     7181.500     7187.310     7187.510     7193.280     7193.720
  1495:     7194.190     7202.270     7202.930     7202.970     7205.140
  1500:     7219.200     7219.380     7223.900     7225.600     7228.470
  1505:     7234.720     7234.930     7235.030     7235.550     7241.480
  1510:     7241.750     7242.010     7242.400     7243.140     7243.440
  1515:     7243.510     7247.470     7247.740     7252.200     7252.310
  1520:     7254.260     7254.600     7258.800     7263.310     7270.950
  1525:     7271.040     7272.360     7272.670     7283.680     7284.010
  1530:     7288.690     7293.980     7294.310     7301.270     7301.350
  1535:     7301.380     7301.500     7309.930     7310.170     7318.110
  1540:     7318.390     7318.420     7319.000     7327.370     7349.340
  1545:     7349.820     7353.970     7354.260     7355.630     7359.530
  1550:     7359.620     7359.970     7360.150     7365.590     7365.830
  1555:     7366.750     7366.880     7376.330     7376.550     7377.060
  1560:     7377.610     7378.380     7378.570     7381.810     7382.100
  1565:     7382.220     7392.360     7392.460     7392.750     7396.980
  1570:     7400.400     7400.610     7401.130     7402.660     7403.570
  1575:     7407.000     7414.030     7421.160     7428.260     7428.380
  1580:     7429.150     7429.210     7441.960     7442.540     7442.570
  1585:     7442.680     7448.380     7448.420     7454.430     7456.670
  1590:     7463.590     7466.700     7467.270     7467.950     7468.010
  1595:     7479.930     7495.100     7502.510     7502.560     7506.690
  1600:     7506.820     7511.210     7511.680     7511.960     7512.880
  1605:     7517.960     7518.080     7518.110     7518.660     7522.520
  1610:     7534.030     7534.220     7534.270     7536.380     7537.050
  1615:     7537.450     7537.630     7545.960     7546.200     7547.010
  1620:     7552.280     7552.730     7555.350     7555.860     7563.360
  1625:     7571.360     7571.760     7575.680     7576.140     7576.360
  1630:     7576.870     7577.250     7578.440     7578.800     7581.060
  1635:     7587.170     7587.870     7588.130     7588.740     7599.910
  1640:     7604.750     7605.250     7605.880     7606.430     7615.270
  1645:     7615.700     7620.150     7620.490     7626.310     7629.410
  1650:     7629.620     7629.690     7629.830     7637.860     7647.720
  1655:     7661.160     7662.670     7675.610     7675.970     7676.410
  1660:     7682.410     7683.040     7684.780     7685.360     7686.760
  1665:     7687.100     7694.560     7695.400     7695.620     7695.660
  1670:     7696.850     7699.730     7715.890     7716.020     7716.440
  1675:     7716.570     7716.760     7717.000     7717.820     7720.350
  1680:     7722.370     7723.790     7744.170     7744.210     7744.650
  1685:     7744.720     7756.750     7757.090     7760.140     7760.700
  1690:     7760.900     7765.940     7765.960     7768.510     7769.570
  1695:     7773.820     7774.580     7776.190     7793.100     7793.540
  1700:     7793.670     7811.880     7811.980     7812.000     7812.750
  1705:     7813.020     7819.890     7820.110     7820.740     7831.770
  1710:     7832.590     7833.160     7856.210     7915.950     7941.870
  1715:     7941.970     7955.250     7958.540     7958.540     7958.540
  1720:     7958.550     7958.550     7958.550     7958.550     7958.550
  1725:     7958.550     7960.510     7962.550     7963.090     7963.550
  1730:     7963.550     7968.540     7968.550     7978.190     7978.320
  1735:     7979.350     7994.970     8010.540     8011.110     8015.390
  1740:     8015.390     8015.390     8015.400     8015.400     8015.400
  1745:     8015.400     8015.400     8015.400     8015.550     8015.550
  1750:     8018.180     8019.400     8020.140     8020.400     8020.400
  1755:     8024.030     8024.850     8025.390     8025.400     8039.270
  1760:     8040.000     8040.550     8042.630     8048.890     8049.370
  1765:     8050.120     8050.440     8050.910     8068.110     8068.240
  1770:     8068.340     8071.840     8072.390     8072.470     8072.510
  1775:     8072.590     8099.990     8100.100     8109.770     8110.350
  1780:     8118.250     8130.460     8134.910     8141.970     8142.260
  1785:     8142.340     8147.440     8158.410     8159.390     8160.330
  1790:     8161.040     8171.160     8171.910     8174.830     8174.860
  1795:     8196.010     8196.290     8197.270     8209.460     8209.680
  1800:     8224.830     8225.190     8233.040     8233.320     8243.150
  1805:     8243.320     8252.290     8252.970     8255.120     8255.560
  1810:     8256.140     8256.220     8256.310     8256.940     8257.060
  1815:     8258.040     8262.980     8263.350     8263.430     8270.290
  1820:     8280.900     8284.930     8285.230     8285.630     8286.090
  1825:     8286.310     8287.430     8287.570     8290.360     8293.310
  1830:     8293.730     8295.170     8295.290     8296.250     8305.840
  1835:     8305.920     8307.620     8308.090     8308.690     8315.370
  1840:     8324.160     8325.370     8325.510     8327.230     8327.310
  1845:     8327.500     8328.400     8341.520     8341.610     8341.910
  1850:     8342.580     8350.070     8350.590     8351.140     8351.160
  1855:     8351.230     8352.660     8353.060     8357.670     8357.690
  1860:     8361.020     8361.070     8364.820     8369.960     8372.890
  1865:     8373.460     8374.250     8374.400     8374.670     8374.750
  1870:     8375.480     8375.840     8376.370     8376.610     8383.980
  1875:     8386.270     8386.980     8387.050     8390.260     8390.290
  1880:     8400.350     8404.040     8404.450     8404.790     8405.330
  1885:     8407.120     8407.180     8407.620     8414.240     8414.420
  1890:     8415.040     8421.590     8422.860     8425.280     8426.280
  1895:     8435.960     8436.110     8436.130     8436.300     8440.570
  1900:     8440.840     8443.410     8443.620     8444.090     8453.160
  1905:     8453.390     8453.810     8469.090     8476.090     8476.200
  1910:     8477.250     8479.430     8479.750     8480.150     8481.030
  1915:     8484.210     8484.330     8484.860     8486.390     8493.610
  1920:     8493.830     8498.200     8498.400     8502.200     8502.230
  1925:     8502.430     8503.380     8511.150     8515.210     8525.790
  1930:     8526.510     8527.020     8527.950     8529.100     8529.630
  1935:     8530.710     8531.010     8531.570     8531.640     8532.090
  1940:     8550.180     8559.330     8559.460     8568.600     8568.850
  1945:     8573.220     8574.460     8575.560     8576.520     8577.190
  1950:     8577.210     8577.330     8583.120     8583.950     8590.890
  1955:     8591.730     8593.480     8593.570     8602.560     8602.840
  1960:     8603.290     8603.940     8611.500     8611.570     8612.410
  1965:     8615.000     8615.230     8615.340     8617.550     8618.380
  1970:     8622.740     8622.850     8657.120     8657.260     8657.900
  1975:     8658.990     8710.090     8710.380     8727.360     8742.390
  1980:     8743.230     8743.390     8744.470     8757.190     8757.520
  1985:     8758.770     8759.370     8766.840     8769.990     8770.450
  1990:     8778.170     8780.690     8789.520     8806.330     8806.360
  1995:     8806.480     8816.990     8817.570     8818.370     8825.420
  2000:     8825.490     8827.390     8833.360     8839.880     8840.260
  2005:     8841.070     8843.430     8844.470     8847.560     8847.610
  2010:     8848.000     8848.150     8848.340     8852.540     8877.040
  2015:     8877.590     8879.290     8896.840     8896.870     8897.320
  2020:     8898.170     8901.820     8901.940     8906.660     8906.900
  2025:     8917.080     8917.540     8918.060     8918.310     8949.690
  2030:     8957.530     8957.830     8957.990     8958.910     8958.940
  2035:     8959.090     8960.710     8964.430     8964.730     8965.100
  2040:     8965.210     8970.670     8970.740     8971.260     8971.460
  2045:     8971.600     8974.580     8975.800     8979.310     8980.020
  2050:     8998.050     8998.480     8998.680     9016.740     9017.830
  2055:     9026.420     9026.420     9026.420     9026.430     9026.430
  2060:     9026.430     9026.430     9026.430     9026.430     9028.150
  2065:     9030.430     9031.430     9031.430     9031.620     9033.710
  2070:     9036.420     9036.430     9038.650     9039.380     9039.570
  2075:     9039.680     9053.790     9054.580     9055.380     9055.570
  2080:     9055.730     9055.800     9057.060     9058.540     9065.040
  2085:     9065.700     9068.880     9076.250     9087.070     9087.400
  2090:     9087.520     9092.670     9093.190     9098.850     9102.210
  2095:     9102.490     9102.610     9103.620     9103.840     9122.230
  2100:     9122.560     9122.850     9123.390     9124.220     9133.730
  2105:     9133.730     9133.730     9133.740     9133.740     9133.740
  2110:     9133.740     9133.740     9133.740     9135.620     9137.740
  2115:     9137.950     9138.090     9138.740     9138.740     9139.640
  2120:     9143.730     9143.740     9234.140     9235.690     9236.030
  2125:     9236.560     9237.040     9255.950     9256.750     9257.730
  2130:     9273.340     9273.660     9274.400     9278.900     9278.980
  2135:     9279.020     9279.860     9280.490     9280.630     9284.550
  2140:     9291.160     9291.470     9291.680     9291.740     9299.160
  2145:     9301.680     9305.260     9305.740     9321.870     9323.140
  2150:     9323.370     9323.710     9324.520     9332.170     9332.310
  2155:     9332.380     9334.800     9334.820     9334.840     9335.020
  2160:     9337.660     9346.290     9346.640     9355.020     9355.380
  2165:     9355.420     9356.700     9357.060     9358.890     9359.440
  2170:     9359.900     9360.010     9366.710     9367.110     9367.200
  2175:     9367.710     9369.720     9381.680     9385.330     9385.600
  2180:     9385.720     9388.860     9389.210     9392.670     9392.890
  2185:     9401.470     9401.670     9411.730     9411.970     9412.950
  2190:     9415.560     9419.370     9421.680     9424.980     9425.180
  2195:     9427.900     9432.030     9432.110     9432.230     9432.370
  2200:     9442.180     9442.680     9446.460     9447.100     9462.990
  2205:     9464.610     9464.910     9465.850     9466.430     9468.270
  2210:     9468.640     9468.920     9471.460     9471.680     9472.970
  2215:     9478.670     9479.440     9480.410     9480.690     9489.690
  2220:     9489.860     9490.450     9490.760     9490.840     9493.600
  2225:     9498.650     9499.120     9499.350     9499.480     9499.650
  2230:     9499.760     9499.860     9500.340     9520.440     9522.820
  2235:     9523.240     9523.560     9527.150     9530.220     9530.770
  2240:     9530.950     9534.750     9534.840     9535.330     9538.180
  2245:     9540.700     9540.880     9541.330     9542.320     9546.320
  2250:     9546.590     9546.680     9549.280     9549.440     9550.070
  2255:     9554.120     9554.390     9555.230     9559.720     9562.180
  2260:     9562.620     9562.830     9563.220     9563.270     9563.640
  2265:     9568.210     9568.340     9571.480     9572.140     9573.630
  2270:     9578.980     9579.080     9579.400     9579.570     9592.870
  2275:     9598.970     9600.620     9600.760     9601.280     9613.650
  2280:     9613.870     9614.650     9620.380     9620.430     9620.560
  2285:     9632.730     9636.930     9637.270     9637.510     9637.560
  2290:     9658.200     9658.500     9658.890     9668.940     9693.470
  2295:     9693.650     9693.770     9709.250     9709.390     9709.530
  2300:     9709.760     9718.540     9718.800     9718.900     9719.710
  2305:     9719.790     9723.310     9724.330     9724.430     9729.950
  2310:     9730.450     9730.610     9736.310     9737.130     9737.590
  2315:     9745.660     9753.470     9753.990     9754.550     9760.080
  2320:     9760.730     9761.080     9761.260     9761.750     9764.550
  2325:     9764.680     9765.440     9765.650     9765.830     9765.960
  2330:     9771.420     9771.750     9772.820     9778.320     9778.430
  2335:     9781.320     9781.460     9781.570     9781.950     9782.890
  2340:     9783.680     9787.060     9787.800     9794.280     9794.760
  2345:     9797.260     9800.460     9800.970     9801.050     9803.390
  2350:     9809.820     9810.370     9814.350     9829.920     9837.330
  2355:     9839.730     9840.400     9849.920     9857.180     9904.890
  2360:     9914.930     9932.150     9938.360     9938.650     9962.090
  2365:     9999.450     9999.620    10062.920    10063.110    10083.750
  2370:    10083.950    10174.000    10176.440    10205.490    10323.400
  2375:    10324.360    10336.720    10340.480    10341.720    10341.910
  2380:    10372.080    10378.380    10378.530    10448.230    10456.400
  2385:    10456.400    10456.400    10456.410    10456.410    10456.410
  2390:    10456.410    10456.410    10456.410    10458.580    10460.410
  2395:    10461.410    10461.410    10461.480    10466.400    10466.410
  2400:    10473.860    10489.490    10490.890    10490.890    10490.890
  2405:    10490.900    10490.900    10490.900    10490.900    10490.900
  2410:    10490.900    10493.410    10494.900    10495.900    10495.900
  2415:    10495.940    10496.860    10498.050    10498.180    10500.890
  2420:    10500.900    10504.980    10505.800    10508.270    10508.620
  2425:    10508.880    10517.230    10517.230    10517.230    10517.240
  2430:    10517.240    10517.240    10517.240    10517.240    10517.240
  2435:    10519.170    10521.100    10521.240    10522.240    10522.240
  2440:    10522.420    10522.560    10523.380    10527.230    10527.240
  2445:    10527.510    10529.030    10573.270    10573.270    10573.270
  2450:    10573.280    10573.280    10573.280    10573.280    10573.280
  2455:    10573.280    10574.390    10576.220    10576.390    10577.030
  2460:    10577.100    10577.280    10578.280    10578.280    10583.270
  2465:    10583.280    10596.510    10597.730    10597.760    10597.790
  2470:    10598.780    10599.270    10599.720    10600.730    10600.910
  2475:    10607.770    10607.930    10610.980    10611.000    10613.480
  2480:    10615.670    10616.100    10618.880    10619.060    10619.260
  2485:    10619.350    10619.940    10620.050    10623.430    10639.480
  2490:    10639.520    10645.380    10677.670    10697.280    10707.370
  2495:    10716.470    10720.910    10736.800    10745.100    10745.240
  2500:    10746.280    10747.580    10747.850    10755.100    10755.280
  2505:    10755.310    10774.450    10774.720    10800.000
