File: C:\MED-PC\Data\2024-11-19_15h51m_Subject 47.txt


Start Date: 11/19/24
End Date: 11/19/24
Subject: 47
Experiment: OralFentSA
Group: One
Box: 3
Start Time: 15:51:01
End Time: 18:48:31
MSN: Golden_Liq_SelfAdmin_EXT
F:       0.000
G:    1528.000
H:   10606.230
I:       0.000
J:       0.000
K:       0.000
L:       0.000
M:       0.000
N:       0.000
O:       0.000
P:       0.000
Q:       0.000
R:       0.000
S:       0.000
U:       0.000
V:       0.000
W:       0.000
X:       0.000
Y:       0.000
Z:       0.000
A:
     0:        0.000        0.000      180.000        4.000        0.000
     5:        5.000        0.000        5.000        0.000        0.000
    10:        1.000        0.000       10.000   100000.000       21.300
    15:       22.000      600.000        0.000        0.000        0.000
    20:        0.000
B:
     0:        0.000        0.000        0.000        0.000        0.000
     5:        0.000        0.000        0.000        0.000        0.000
    10:        0.000        0.000     1000.000 10000000.000        0.000
    15:        0.000        0.000        0.000        0.000        0.000
    20:        0.000
C:
     0:        0.000      117.000       70.000      164.000      546.000
     5:    10591.060        2.040       73.000     2481.240       33.990
    10:      164.000       70.000        0.000        0.000        0.000
    15:        0.000        0.000        0.000        0.000        0.000
    20:        0.000
D:
     0:       19.690       67.460       97.120        2.780        9.170
     5:       28.330       56.370       20.370        7.130      178.620
    10:      114.250       85.640       37.450       10.490       63.570
    15:       16.760        2.340        6.760       71.090       30.820
    20:       13.110       14.880       33.360       12.930       69.950
    25:       13.080       18.000       62.600       20.340        6.770
    30:       95.130       31.030       87.120       22.780        6.090
    35:        3.510       26.730       21.480       10.960      114.560
    40:       98.450       14.290       25.210        3.990       56.880
    45:        7.360        2.030      134.190       27.980       75.180
    50:       24.570       39.970       41.670       11.630       35.520
    55:       18.170       16.200       15.330       34.360        3.740
    60:       13.130       20.290       24.960       13.780        4.480
    65:       56.870       13.260        2.980        3.020        3.100
    70:       20.600        5.390        2.040
E:
     0:       19.000       11.000       26.000       27.000        6.000
     5:        2.000        4.000       22.000       24.000       12.000
    10:       19.000       11.000        6.000        1.000        1.000
    15:        6.000        6.000        6.000        6.000        6.000
    20:        6.000        2.000        4.000       22.000       24.000
    25:       12.000       21.000       22.000       19.000       11.000
    30:        6.000        6.000        6.000        6.000        6.000
    35:        6.000        2.000        4.000       22.000       24.000
    40:       12.000       21.000       22.000       21.000       22.000
    45:       19.000       11.000        6.000        6.000        6.000
    50:        1.000        6.000        2.000        4.000       22.000
    55:       24.000       12.000        6.000       19.000       11.000
    60:        6.000        6.000        6.000        6.000        6.000
    65:        6.000        6.000        2.000        4.000       22.000
    70:       24.000       12.000       20.000        6.000       19.000
    75:       11.000        6.000        6.000        6.000        6.000
    80:        2.000        4.000       22.000       24.000       12.000
    85:       21.000       22.000       19.000       11.000        6.000
    90:        6.000        6.000        6.000        6.000        6.000
    95:        6.000        6.000        6.000        6.000        6.000
   100:        6.000        6.000        6.000        6.000        6.000
   105:        6.000        2.000        4.000       22.000       24.000
   110:       12.000       19.000       11.000        1.000        2.000
   115:        4.000       22.000       24.000       12.000       21.000
   120:       22.000       19.000       11.000        6.000        6.000
   125:        6.000        6.000        6.000        6.000        2.000
   130:        4.000       22.000       24.000       12.000       19.000
   135:       11.000        1.000        6.000        6.000        2.000
   140:        4.000       22.000       24.000       12.000       20.000
   145:       19.000       11.000        2.000        4.000       22.000
   150:       24.000       12.000        6.000       19.000       11.000
   155:        6.000        6.000        2.000        4.000       22.000
   160:       24.000       12.000       19.000       11.000        6.000
   165:        6.000        6.000        6.000        6.000        2.000
   170:        4.000       22.000       24.000       12.000       20.000
   175:       19.000       11.000        1.000        1.000        6.000
   180:        2.000        4.000       22.000       24.000       12.000
   185:       19.000       11.000        1.000        6.000        6.000
   190:        2.000        4.000       22.000       24.000       12.000
   195:       21.000       22.000       19.000       11.000        2.000
   200:        4.000       22.000       24.000       12.000       19.000
   205:       11.000        1.000        6.000        6.000        6.000
   210:        6.000        6.000        6.000        6.000        6.000
   215:        2.000        4.000       22.000       24.000       12.000
   220:       21.000       22.000       19.000       11.000        2.000
   225:        4.000       22.000       24.000       12.000       19.000
   230:       11.000        2.000        4.000       22.000       24.000
   235:       12.000       19.000       11.000        2.000        4.000
   240:       22.000       24.000       12.000       19.000       11.000
   245:        6.000        6.000        6.000        6.000        6.000
   250:        6.000        2.000        4.000       22.000       24.000
   255:       12.000       19.000       11.000        2.000        4.000
   260:       22.000       24.000       12.000       20.000       19.000
   265:       11.000        6.000        6.000        1.000        2.000
   270:        4.000       22.000       24.000       12.000       19.000
   275:       11.000        6.000        6.000        6.000        1.000
   280:        6.000        6.000        6.000        6.000        6.000
   285:        6.000        6.000        6.000        2.000        4.000
   290:       22.000       24.000       12.000        6.000       21.000
   295:       22.000       21.000       22.000       19.000       11.000
   300:        6.000        6.000        6.000        2.000        4.000
   305:       22.000       24.000       12.000       21.000       22.000
   310:        6.000       19.000       11.000        2.000        4.000
   315:       22.000       24.000       12.000       21.000       22.000
   320:       21.000       22.000       21.000       22.000       19.000
   325:       11.000        1.000        6.000        6.000        6.000
   330:        6.000        6.000        6.000        6.000        6.000
   335:        6.000        6.000        1.000        1.000        6.000
   340:        6.000        2.000        4.000       22.000       24.000
   345:       12.000       21.000       22.000       21.000       22.000
   350:       19.000       11.000        1.000        2.000        4.000
   355:       22.000       24.000       12.000       19.000       11.000
   360:        2.000        4.000       22.000       24.000       12.000
   365:       21.000       22.000       19.000       11.000        2.000
   370:        4.000       22.000       24.000       12.000       21.000
   375:       22.000       19.000       11.000        1.000        6.000
   380:        6.000        6.000        6.000        6.000        6.000
   385:        6.000        6.000        2.000        4.000       22.000
   390:       24.000       12.000       19.000       11.000        6.000
   395:        2.000        4.000       22.000       24.000       12.000
   400:       19.000       11.000        1.000        2.000        4.000
   405:       22.000       24.000       12.000       19.000       11.000
   410:        2.000        4.000       22.000       24.000       12.000
   415:       21.000       22.000       19.000       11.000        6.000
   420:        2.000        4.000       22.000       24.000       12.000
   425:       19.000       11.000        6.000        6.000        6.000
   430:        6.000        6.000        6.000        6.000        6.000
   435:        6.000        6.000        6.000        6.000        6.000
   440:        6.000        6.000        6.000        6.000        2.000
   445:        4.000       22.000       24.000       12.000       21.000
   450:       22.000       19.000       11.000        6.000        6.000
   455:        6.000        6.000        2.000        4.000       22.000
   460:       24.000       12.000       19.000       11.000        6.000
   465:        6.000        6.000        1.000        2.000        4.000
   470:       22.000       24.000       12.000       21.000       22.000
   475:       19.000       11.000        2.000        4.000       22.000
   480:       24.000       12.000       21.000       22.000       19.000
   485:       11.000        1.000        1.000        2.000        4.000
   490:       22.000       24.000       12.000       21.000       22.000
   495:       19.000       11.000        6.000        6.000        6.000
   500:        6.000        6.000        6.000        6.000        6.000
   505:        6.000        6.000        6.000        1.000        1.000
   510:        2.000        4.000       22.000       24.000       12.000
   515:       21.000       22.000       21.000       22.000       19.000
   520:       11.000        6.000        6.000        2.000        4.000
   525:       22.000       24.000       12.000       20.000       19.000
   530:       11.000        1.000        1.000        6.000        1.000
   535:        2.000        4.000       22.000       24.000       12.000
   540:       19.000       11.000        2.000        4.000       22.000
   545:       24.000       12.000       19.000       11.000        2.000
   550:        4.000       22.000       24.000       12.000       21.000
   555:       22.000       21.000       22.000       21.000       22.000
   560:       19.000       11.000        1.000        1.000        6.000
   565:        6.000        6.000        6.000        6.000        2.000
   570:        4.000       22.000       24.000       12.000       20.000
   575:       19.000       11.000        1.000        2.000        4.000
   580:       22.000       24.000       12.000        6.000        6.000
   585:       19.000       11.000        6.000        1.000        6.000
   590:        2.000        4.000       22.000       24.000       12.000
   595:       19.000       11.000        6.000        6.000        6.000
   600:        6.000        6.000        6.000        6.000        2.000
   605:        4.000       22.000       24.000       12.000       19.000
   610:       11.000        2.000        4.000       22.000       24.000
   615:       12.000       19.000       11.000        2.000        4.000
   620:       22.000       24.000       12.000       19.000       11.000
   625:        6.000        6.000        6.000        6.000        6.000
   630:        6.000        6.000        6.000        6.000        6.000
   635:        2.000        4.000       22.000       24.000       12.000
   640:       19.000       11.000        1.000        1.000        1.000
   645:        6.000        6.000        6.000        6.000        6.000
   650:        6.000        6.000        6.000        6.000        6.000
   655:        6.000        6.000        6.000        6.000        2.000
   660:        4.000       22.000       24.000       12.000       19.000
   665:       11.000        6.000        2.000        4.000       22.000
   670:       24.000       12.000        6.000        6.000       19.000
   675:       11.000        6.000        6.000        1.000        6.000
   680:        6.000        6.000        6.000        6.000        2.000
   685:        4.000       22.000       24.000       12.000        6.000
   690:        6.000       19.000       11.000        2.000        4.000
   695:       22.000       24.000       12.000       19.000       11.000
   700:        6.000        6.000        6.000        6.000        1.000
   705:        6.000        6.000        6.000        6.000        6.000
   710:        6.000        6.000        6.000        6.000        6.000
   715:        6.000        6.000        6.000        6.000        2.000
   720:        4.000       22.000       24.000       12.000       19.000
   725:       11.000        6.000        6.000        6.000        1.000
   730:        2.000        4.000       22.000       24.000       12.000
   735:       21.000       22.000       19.000       11.000        2.000
   740:        4.000       22.000       24.000       12.000       19.000
   745:       11.000        6.000        6.000        6.000        6.000
   750:        6.000        6.000        6.000        6.000        6.000
   755:        6.000        2.000        4.000       22.000       24.000
   760:       12.000       19.000       11.000        2.000        4.000
   765:       22.000       24.000       12.000       19.000       11.000
   770:        2.000        4.000       22.000       24.000       12.000
   775:       20.000       20.000       19.000       11.000        6.000
   780:        6.000        6.000        6.000        2.000        4.000
   785:       22.000       24.000       12.000       19.000       11.000
   790:        1.000        6.000        1.000        6.000        1.000
   795:        2.000        4.000       22.000       24.000       12.000
   800:       21.000       22.000       19.000       11.000        2.000
   805:        4.000       22.000       24.000       12.000       19.000
   810:       11.000        2.000        4.000       22.000       24.000
   815:       12.000       19.000       11.000        6.000        6.000
   820:        6.000        6.000        2.000        4.000       22.000
   825:       24.000       12.000       19.000       11.000        2.000
   830:        4.000       22.000       24.000       12.000       21.000
   835:       22.000       19.000       11.000        1.000        2.000
   840:        4.000       22.000       24.000       12.000       20.000
   845:       19.000       11.000        6.000        6.000        1.000
   850:        2.000        4.000       22.000       24.000       12.000
   855:       21.000       22.000        6.000       19.000       11.000
   860:        6.000        6.000        2.000        4.000       22.000
   865:       24.000       12.000       19.000       11.000        1.000
   870:        6.000        6.000        6.000        6.000        6.000
   875:        6.000        6.000        6.000        6.000        6.000
   880:        6.000        6.000        6.000        6.000        6.000
   885:        6.000        6.000        6.000        6.000        1.000
   890:        2.000        4.000       22.000       24.000       12.000
   895:       20.000       19.000       11.000        2.000        4.000
   900:       22.000       24.000       12.000        6.000        6.000
   905:        6.000        6.000        6.000        6.000       19.000
   910:       11.000        6.000        6.000        6.000        6.000
   915:        6.000        6.000        6.000        6.000        6.000
   920:        6.000        6.000        6.000        6.000        6.000
   925:        6.000        6.000        6.000        6.000        6.000
   930:        6.000        6.000        6.000        6.000        6.000
   935:        6.000        6.000        6.000        6.000        6.000
   940:        6.000        6.000        6.000        6.000        6.000
   945:        2.000        4.000       22.000       24.000       12.000
   950:       19.000       11.000        2.000        4.000       22.000
   955:       24.000       12.000        6.000        6.000       19.000
   960:       11.000        2.000        4.000       22.000       24.000
   965:       12.000       19.000       11.000        1.000        6.000
   970:        2.000        4.000       22.000       24.000       12.000
   975:       19.000       11.000        6.000        6.000        2.000
   980:        4.000       22.000       24.000       12.000       21.000
   985:       22.000       19.000       11.000        6.000        6.000
   990:        2.000        4.000       22.000       24.000       12.000
   995:       21.000       22.000       20.000       19.000       11.000
  1000:        1.000        6.000        6.000        2.000        4.000
  1005:       22.000       24.000       12.000       19.000       11.000
  1010:        6.000        6.000        6.000        6.000        6.000
  1015:        6.000        6.000        2.000        4.000       22.000
  1020:       24.000       12.000       21.000       22.000       19.000
  1025:       11.000        2.000        4.000       22.000       24.000
  1030:       12.000       19.000       11.000        6.000        6.000
  1035:        6.000        1.000        6.000        6.000        2.000
  1040:        4.000       22.000       24.000       12.000       19.000
  1045:       11.000        2.000        4.000       22.000       24.000
  1050:       12.000       19.000       11.000        6.000        6.000
  1055:        6.000        6.000        6.000        6.000        6.000
  1060:        6.000        6.000        6.000        6.000        1.000
  1065:        6.000        2.000        4.000       22.000       24.000
  1070:       12.000       21.000       22.000       19.000       11.000
  1075:        6.000        2.000        4.000       22.000       24.000
  1080:       12.000       19.000       11.000        6.000        6.000
  1085:        2.000        4.000       22.000       24.000       12.000
  1090:       19.000       11.000        2.000        4.000       22.000
  1095:       24.000       12.000       19.000       11.000        6.000
  1100:        6.000        6.000        6.000        6.000        6.000
  1105:        1.000        2.000        4.000       22.000       24.000
  1110:       12.000       21.000       22.000       19.000       11.000
  1115:        6.000        6.000        1.000        1.000        2.000
  1120:        4.000       22.000       24.000       12.000       21.000
  1125:       22.000       19.000       11.000        2.000        4.000
  1130:       22.000       24.000       12.000       19.000       11.000
  1135:        6.000        6.000        6.000        1.000        2.000
  1140:        4.000       22.000       24.000       12.000        6.000
  1145:        6.000       19.000       11.000        6.000        6.000
  1150:        2.000        4.000       22.000       24.000       12.000
  1155:       19.000       11.000        6.000        6.000        6.000
  1160:        2.000        4.000       22.000       24.000       12.000
  1165:       19.000       11.000        6.000        6.000        1.000
  1170:        2.000        4.000       22.000       24.000       12.000
  1175:       19.000       11.000        2.000        4.000       22.000
  1180:       24.000       12.000       21.000       22.000       20.000
  1185:       19.000       11.000        6.000        6.000        6.000
  1190:        6.000        6.000        6.000        6.000        6.000
  1195:        6.000        6.000        6.000        6.000        6.000
  1200:        6.000        6.000        6.000        2.000        4.000
  1205:       22.000       24.000       12.000       20.000       19.000
  1210:       11.000        6.000        6.000        6.000        6.000
  1215:        2.000        4.000       22.000       24.000       12.000
  1220:        6.000        6.000        6.000       19.000       11.000
  1225:        6.000        1.000        1.000        2.000        4.000
  1230:       22.000       24.000       12.000       21.000       22.000
  1235:       21.000       22.000       19.000       11.000        2.000
  1240:        4.000       22.000       24.000       12.000       19.000
  1245:       11.000        2.000        4.000       22.000       24.000
  1250:       12.000       19.000       11.000        2.000        4.000
  1255:       22.000       24.000       12.000       19.000       11.000
  1260:        2.000        4.000       22.000       24.000       12.000
  1265:       19.000       11.000        6.000        6.000        6.000
  1270:        6.000        6.000        6.000        6.000        6.000
  1275:        6.000        6.000        6.000        6.000        6.000
  1280:        6.000        6.000        6.000        6.000        2.000
  1285:        4.000       22.000       24.000       12.000       21.000
  1290:       22.000       19.000       11.000        6.000        6.000
  1295:        6.000        2.000        4.000       22.000       24.000
  1300:       12.000       21.000       22.000       21.000       22.000
  1305:       19.000       11.000        2.000        4.000       22.000
  1310:       24.000       12.000        6.000       19.000       11.000
  1315:        6.000        6.000        6.000        6.000        6.000
  1320:        6.000        2.000        4.000       22.000       24.000
  1325:       12.000        6.000        6.000       19.000       11.000
  1330:        6.000        1.000        6.000        6.000        6.000
  1335:        6.000        6.000        6.000        6.000        2.000
  1340:        4.000       22.000       24.000       12.000       21.000
  1345:       22.000       21.000       22.000       19.000       11.000
  1350:        2.000        4.000       22.000       24.000       12.000
  1355:       21.000       22.000       19.000       11.000        2.000
  1360:        4.000       22.000       24.000       12.000       20.000
  1365:       19.000       11.000        2.000        4.000       22.000
  1370:       24.000       12.000        6.000        6.000       19.000
  1375:       11.000        6.000        6.000        2.000        4.000
  1380:       22.000       24.000       12.000       21.000       22.000
  1385:       21.000       22.000       19.000       11.000        1.000
  1390:        6.000        6.000        2.000        4.000       22.000
  1395:       24.000       12.000        6.000       19.000       11.000
  1400:        6.000        6.000        6.000        1.000        6.000
  1405:        6.000        6.000        6.000        6.000        6.000
  1410:        6.000        6.000        6.000        6.000        6.000
  1415:        6.000        6.000        6.000        6.000        6.000
  1420:        6.000        6.000        6.000        6.000        6.000
  1425:        6.000        6.000        6.000        6.000        6.000
  1430:        6.000        6.000        6.000        6.000        6.000
  1435:        6.000        6.000        6.000        6.000        6.000
  1440:        6.000        6.000        6.000        6.000        6.000
  1445:        6.000        6.000        6.000        6.000        6.000
  1450:        6.000        6.000        6.000        6.000        6.000
  1455:        6.000        6.000        6.000        6.000        6.000
  1460:        6.000        6.000        6.000        6.000        6.000
  1465:        6.000        6.000        6.000        6.000        6.000
  1470:        6.000        6.000        6.000        6.000        6.000
  1475:        6.000        6.000        6.000        6.000        6.000
  1480:        6.000        6.000        6.000        6.000        6.000
  1485:        6.000        6.000        6.000        6.000        6.000
  1490:        6.000        6.000        6.000        6.000        6.000
  1495:        6.000        6.000        6.000        6.000        6.000
  1500:        6.000        6.000        6.000        2.000        4.000
  1505:       22.000       24.000       12.000       19.000       11.000
  1510:        2.000        4.000       22.000       24.000       12.000
  1515:        6.000       19.000       11.000        6.000        6.000
  1520:        6.000        2.000        4.000       22.000       24.000
  1525:       12.000       19.000       11.000
T:
     0:        0.000        0.000        0.000        0.000        3.160
     5:       20.920       20.920       20.920       20.930       20.930
    10:       30.920       30.930       40.620       67.100       70.050
    15:       80.250       80.360      125.810      156.130      156.180
    20:      156.260      212.130      212.130      212.130      212.140
    25:      212.140      218.080      218.080      222.130      222.140
    30:      279.600      354.650      354.960      398.560      401.440
    35:      401.640      410.450      410.450      410.450      410.460
    40:      410.460      415.440      415.440      416.380      416.380
    45:      420.450      420.460      507.580      507.640      516.300
    50:      525.990      529.480      548.780      548.780      548.780
    55:      548.790      548.790      551.570      558.780      558.790
    60:      591.310      611.950      613.010      615.580      616.860
    65:      617.050      619.410      670.110      670.110      670.110
    70:      670.120      670.120      673.410      679.290      680.110
    75:      680.120      702.630      702.730      734.480      734.600
    80:      782.300      782.300      782.300      782.310      782.310
    85:      783.330      783.330      792.300      792.310      810.640
    90:      821.200      821.290      828.740      829.190      829.320
    95:      830.680      834.480      864.430      865.960      866.030
   100:      899.860      900.040      992.060      995.000      996.010
   105:     1002.190     1006.380     1006.380     1006.380     1006.390
   110:     1006.390     1016.380     1016.390     1030.320     1053.370
   115:     1053.370     1053.370     1053.380     1053.380     1061.340
   120:     1061.340     1063.370     1063.380     1109.750     1111.960
   125:     1114.980     1115.060     1142.790     1160.660     1244.560
   130:     1244.560     1244.560     1244.570     1244.570     1254.560
   135:     1254.570     1255.960     1264.940     1265.130     1272.400
   140:     1272.400     1272.400     1272.410     1272.410     1276.100
   145:     1282.400     1282.410     1283.070     1283.070     1283.070
   150:     1283.080     1283.080     1290.210     1293.070     1293.080
   155:     1294.270     1296.410     1346.940     1346.940     1346.940
   160:     1346.950     1346.950     1356.940     1356.950     1525.570
   165:     1526.570     1561.920     1563.250     1567.240     1575.850
   170:     1575.850     1575.850     1575.860     1575.860     1579.610
   175:     1585.850     1585.860     1588.520     1592.130     1690.110
   180:     1740.380     1740.380     1740.380     1740.390     1740.390
   185:     1750.380     1750.390     1785.780     1826.030     1829.010
   190:     1840.310     1840.310     1840.310     1840.320     1840.320
   195:     1843.850     1843.850     1850.310     1850.320     1877.300
   200:     1877.300     1877.300     1877.310     1877.310     1887.300
   205:     1887.310     1910.170     1914.760     1917.360     1919.770
   210:     1920.320     1928.700     1931.780     1933.850     1933.980
   215:     1949.400     1949.400     1949.400     1949.410     1949.410
   220:     1949.850     1949.850     1959.400     1959.410     1960.390
   225:     1960.390     1960.390     1960.400     1960.400     1970.390
   230:     1970.400     1977.700     1977.700     1977.700     1977.710
   235:     1977.710     1987.700     1987.710     2120.340     2120.340
   240:     2120.340     2120.350     2120.350     2130.340     2130.350
   245:     2130.840     2134.260     2136.510     2138.680     2178.910
   250:     2183.600     2205.510     2205.510     2205.510     2205.520
   255:     2205.520     2215.510     2215.520     2219.420     2219.420
   260:     2219.420     2219.430     2219.430     2224.310     2229.420
   265:     2229.430     2283.000     2285.980     2332.530     2344.310
   270:     2344.310     2344.310     2344.320     2344.320     2354.310
   275:     2354.320     2361.080     2369.300     2373.110     2379.360
   280:     2439.130     2440.600     2442.940     2450.120     2450.460
   285:     2450.610     2455.940     2458.810     2462.140     2462.140
   290:     2462.140     2462.150     2462.150     2464.490     2467.260
   295:     2467.260     2469.980     2469.980     2472.140     2472.150
   300:     2520.660     2522.980     2529.510     2540.690     2540.690
   305:     2540.690     2540.700     2540.700     2541.190     2541.190
   310:     2547.460     2550.690     2550.700     2672.170     2672.170
   315:     2672.170     2672.180     2672.180     2675.620     2675.620
   320:     2676.490     2676.490     2676.880     2676.880     2682.170
   325:     2682.180     2703.920     2743.270     2756.340     2771.190
   330:     2774.770     2778.120     2780.160     2782.150     2782.760
   335:     2784.990     2799.710     2937.150     2960.750     2963.350
   340:     2967.830     2982.730     2982.730     2982.730     2982.740
   345:     2982.740     2983.130     2983.130     2988.200     2988.200
   350:     2992.730     2992.740     2998.540     3021.420     3021.420
   355:     3021.420     3021.430     3021.430     3031.420     3031.430
   360:     3032.740     3032.740     3032.740     3032.750     3032.750
   365:     3037.080     3037.080     3042.740     3042.750     3044.020
   370:     3044.020     3044.020     3044.030     3044.030     3051.270
   375:     3051.270     3054.020     3054.030     3071.920     3074.850
   380:     3097.840     3099.960     3102.050     3107.580     3108.770
   385:     3109.350     3109.870     3112.310     3112.310     3112.310
   390:     3112.320     3112.320     3122.310     3122.320     3125.430
   395:     3128.450     3128.450     3128.450     3128.460     3128.460
   400:     3138.450     3138.460     3180.870     3197.620     3197.620
   405:     3197.620     3197.630     3197.630     3207.620     3207.630
   410:     3276.130     3276.130     3276.130     3276.140     3276.140
   415:     3283.430     3283.430     3286.130     3286.140     3291.020
   420:     3318.280     3318.280     3318.280     3318.290     3318.290
   425:     3328.280     3328.290     3351.650     3376.550     3380.110
   430:     3382.100     3384.710     3386.140     3386.220     3386.520
   435:     3386.840     3388.220     3389.310     3389.750     3397.410
   440:     3400.430     3401.020     3401.370     3402.450     3415.870
   445:     3415.870     3415.870     3415.880     3415.880     3416.070
   450:     3416.070     3425.870     3425.880     3428.810     3431.070
   455:     3438.840     3441.180     3473.010     3473.010     3473.010
   460:     3473.020     3473.020     3483.010     3483.020     3542.970
   465:     3545.690     3554.190     3690.120     3694.680     3694.680
   470:     3694.680     3694.690     3694.690     3703.780     3703.780
   475:     3704.680     3704.690     3731.830     3731.830     3731.830
   480:     3731.840     3731.840     3737.750     3737.750     3741.830
   485:     3741.840     3750.010     3752.770     3774.860     3774.860
   490:     3774.860     3774.870     3774.870     3781.100     3781.100
   495:     3784.860     3784.870     3787.950     3792.230     3794.680
   500:     3797.100     3798.780     3798.910     3804.310     3806.580
   505:     3806.840     3808.770     3809.880     3825.610     3829.840
   510:     3880.340     3880.340     3880.340     3880.350     3880.350
   515:     3882.100     3882.100     3882.580     3882.580     3890.340
   520:     3890.350     3898.350     3900.660     3908.430     3908.430
   525:     3908.430     3908.440     3908.440     3917.740     3918.430
   530:     3918.440     3926.220     3929.370     3971.040     4014.180
   535:     4025.910     4025.910     4025.910     4025.920     4025.920
   540:     4035.910     4035.920     4040.550     4040.550     4040.550
   545:     4040.560     4040.560     4050.550     4050.560     4067.730
   550:     4067.730     4067.730     4067.740     4067.740     4068.220
   555:     4068.220     4072.740     4072.740     4073.230     4073.230
   560:     4077.730     4077.740     4079.280     4082.930     4088.080
   565:     4088.430     4102.230     4217.800     4242.540     4261.780
   570:     4261.780     4261.780     4261.790     4261.790     4271.530
   575:     4271.780     4271.790     4274.840     4305.440     4305.440
   580:     4305.440     4305.450     4305.450     4312.220     4312.350
   585:     4315.440     4315.450     4337.520     4456.630     4461.610
   590:     4547.650     4547.650     4547.650     4547.660     4547.660
   595:     4557.650     4557.660     4642.790     4645.530     4650.120
   600:     4653.630     4656.280     4656.330     4658.010     4717.450
   605:     4717.450     4717.450     4717.460     4717.460     4727.450
   610:     4727.460     4733.720     4733.720     4733.720     4733.730
   615:     4733.730     4743.720     4743.730     4765.100     4765.100
   620:     4765.100     4765.110     4765.110     4775.100     4775.110
   625:     4796.140     4798.470     4801.800     4803.590     4805.090
   630:     4853.430     4856.960     4858.400     4859.100     4860.090
   635:     5104.640     5104.640     5104.640     5104.650     5104.650
   640:     5114.640     5114.650     5164.070     5170.600     5172.930
   645:     5191.770     5194.950     5199.020     5200.960     5201.470
   650:     5203.170     5203.820     5204.340     5213.030     5213.050
   655:     5216.020     5217.540     5219.820     5220.140     5245.350
   660:     5245.350     5245.350     5245.360     5245.360     5255.350
   665:     5255.360     5268.140     5287.770     5287.770     5287.770
   670:     5287.780     5287.780     5293.870     5296.130     5297.770
   675:     5297.780     5298.540     5300.570     5304.660     5317.060
   680:     5375.700     5378.110     5378.170     5379.670     5387.330
   685:     5387.330     5387.330     5387.340     5387.340     5390.850
   690:     5394.580     5397.330     5397.340     5409.080     5409.080
   695:     5409.080     5409.090     5409.090     5419.080     5419.090
   700:     5435.820     5438.700     5441.740     5443.470     5496.380
   705:     5561.530     5573.170     5577.070     5578.570     5579.000
   710:     5581.200     5581.960     5583.020     5583.200     5584.560
   715:     5586.610     5587.590     5587.640     5588.570     5675.640
   720:     5675.640     5675.640     5675.650     5675.650     5685.640
   725:     5685.650     5697.130     5701.770     5705.320     5714.780
   730:     5718.160     5718.160     5718.160     5718.170     5718.170
   735:     5724.380     5724.380     5728.160     5728.170     5731.830
   740:     5731.830     5731.830     5731.840     5731.840     5741.830
   745:     5741.840     5742.800     5748.860     5751.190     5854.570
   750:     5876.600     5904.800     5916.410     5920.110     5923.740
   755:     5923.950     5927.820     5927.820     5927.820     5927.830
   760:     5927.830     5937.820     5937.830     5947.040     5947.040
   765:     5947.040     5947.050     5947.050     5957.040     5957.050
   770:     5962.290     5962.290     5962.290     5962.300     5962.300
   775:     5967.770     5971.260     5972.290     5972.300     6076.860
   780:     6077.790     6080.350     6087.110     6128.660     6128.660
   785:     6128.660     6128.670     6128.670     6138.660     6138.670
   790:     6144.750     6227.120     6260.460     6269.340     6335.790
   795:     6353.400     6353.400     6353.400     6353.410     6353.410
   800:     6353.660     6353.660     6363.400     6363.410     6364.120
   805:     6364.120     6364.120     6364.130     6364.130     6374.120
   810:     6374.130     6396.300     6396.300     6396.300     6396.310
   815:     6396.310     6406.300     6406.310     6410.600     6412.130
   820:     6414.170     6414.190     6428.420     6428.420     6428.420
   825:     6428.430     6428.430     6438.420     6438.430     6439.140
   830:     6439.140     6439.140     6439.150     6439.150     6448.370
   835:     6448.370     6449.140     6449.150     6453.350     6473.600
   840:     6473.600     6473.600     6473.610     6473.610     6483.540
   845:     6483.600     6483.610     6498.820     6711.440     6772.630
   850:     6804.050     6804.050     6804.050     6804.060     6804.060
   855:     6805.310     6805.310     6808.050     6814.050     6814.060
   860:     6821.790     6827.330     6882.650     6882.650     6882.650
   865:     6882.660     6882.660     6892.650     6892.660     6910.630
   870:     6939.540     6941.080     6942.970     6943.370     6947.340
   875:     6948.370     6948.510     6950.280     6951.670     6951.880
   880:     6952.820     6952.910     6954.740     6954.760     6955.170
   885:     6956.140     6957.800     6959.380     6960.120     6967.210
   890:     7002.570     7002.570     7002.570     7002.580     7002.580
   895:     7012.070     7012.570     7012.580     7020.370     7020.370
   900:     7020.370     7020.380     7020.380     7027.740     7028.540
   905:     7028.570     7029.930     7030.080     7030.150     7030.370
   910:     7030.380     7031.530     7031.850     7032.000     7032.060
   915:     7032.110     7032.420     7032.470     7032.970     7033.080
   920:     7034.430     7034.580     7034.670     7035.150     7035.230
   925:     7035.730     7036.250     7036.460     7036.520     7037.340
   930:     7038.880     7040.040     7040.580     7041.200     7041.800
   935:     7042.490     7042.610     7042.680     7042.920     7043.580
   940:     7043.650     7043.850     7043.890     7043.940     7044.050
   945:     7052.790     7052.790     7052.790     7052.800     7052.800
   950:     7062.790     7062.800     7063.160     7063.160     7063.160
   955:     7063.170     7063.170     7065.200     7068.990     7073.160
   960:     7073.170     7073.260     7073.260     7073.260     7073.270
   965:     7073.270     7083.260     7083.270     7110.300     7207.460
   970:     7272.660     7272.660     7272.660     7272.670     7272.670
   975:     7282.660     7282.670     7300.650     7304.050     7322.410
   980:     7322.410     7322.410     7322.420     7322.420     7325.530
   985:     7325.530     7332.410     7332.420     7397.600     7400.800
   990:     7403.820     7403.820     7403.820     7403.830     7403.830
   995:     7404.940     7404.940     7409.710     7413.820     7413.830
  1000:     7423.930     7428.400     7430.920     7486.020     7486.020
  1005:     7486.020     7486.030     7486.030     7496.020     7496.030
  1010:     7526.000     7536.130     7538.700     7540.060     7543.100
  1015:     7543.950     7544.130     7567.380     7567.380     7567.380
  1020:     7567.390     7567.390     7575.180     7575.180     7577.380
  1025:     7577.390     7577.580     7577.580     7577.580     7577.590
  1030:     7577.590     7587.580     7587.590     7619.260     7621.220
  1035:     7627.380     7711.640     7772.470     7774.520     7793.970
  1040:     7793.970     7793.970     7793.980     7793.980     7803.970
  1045:     7803.980     7805.210     7805.210     7805.210     7805.220
  1050:     7805.220     7815.210     7815.220     7816.850     7820.690
  1055:     7822.010     7823.120     7833.820     7833.960     7837.140
  1060:     7842.840     7844.760     7844.830     7990.190     8003.990
  1065:     8013.380     8016.520     8016.520     8016.520     8016.530
  1070:     8016.530     8017.660     8017.660     8026.520     8026.530
  1075:     8052.050     8072.120     8072.120     8072.120     8072.130
  1080:     8072.130     8082.120     8082.130     8090.300     8092.790
  1085:     8106.410     8106.410     8106.410     8106.420     8106.420
  1090:     8116.410     8116.420     8139.320     8139.320     8139.320
  1095:     8139.330     8139.330     8149.320     8149.330     8155.530
  1100:     8160.780     8165.980     8177.150     8181.290     8184.600
  1105:     8196.150     8204.640     8204.640     8204.640     8204.650
  1110:     8204.650     8207.850     8207.850     8214.640     8214.650
  1115:     8219.980     8224.050     8247.020     8257.950     8277.000
  1120:     8277.000     8277.000     8277.010     8277.010     8279.540
  1125:     8279.540     8287.000     8287.010     8291.060     8291.060
  1130:     8291.060     8291.070     8291.070     8301.060     8301.070
  1135:     8325.430     8375.030     8377.510     8481.760     8522.670
  1140:     8522.670     8522.670     8522.680     8522.680     8526.420
  1145:     8529.640     8532.670     8532.680     8533.470     8533.550
  1150:     8536.480     8536.480     8536.480     8536.490     8536.490
  1155:     8546.480     8546.490     8549.620     8625.500     8625.960
  1160:     8666.620     8666.620     8666.620     8666.630     8666.630
  1165:     8676.620     8676.630     8686.920     8691.160     8725.590
  1170:     8732.410     8732.410     8732.410     8732.420     8732.420
  1175:     8742.410     8742.420     8806.080     8806.080     8806.080
  1180:     8806.090     8806.090     8807.680     8807.680     8815.510
  1185:     8816.080     8816.090     8831.050     8836.340     8839.410
  1190:     8840.050     8840.140     8840.620     8843.880     8845.750
  1195:     8845.900     8846.790     8846.870     8847.080     8848.040
  1200:     8870.950     9114.470     9122.290     9137.390     9137.390
  1205:     9137.390     9137.400     9137.400     9144.960     9147.390
  1210:     9147.400     9151.180     9168.780     9188.460     9191.170
  1215:     9243.350     9243.350     9243.350     9243.360     9243.360
  1220:     9247.840     9250.280     9251.110     9253.350     9253.360
  1225:     9253.940     9272.610     9273.520     9293.090     9293.090
  1230:     9293.090     9293.100     9293.100     9298.430     9298.430
  1235:     9302.630     9302.630     9303.090     9303.100     9308.310
  1240:     9308.310     9308.310     9308.320     9308.320     9318.310
  1245:     9318.320     9332.140     9332.140     9332.140     9332.150
  1250:     9332.150     9342.140     9342.150     9343.080     9343.080
  1255:     9343.080     9343.090     9343.090     9353.080     9353.090
  1260:     9369.520     9369.520     9369.520     9369.530     9369.530
  1265:     9379.520     9379.530     9426.400     9430.550     9431.410
  1270:     9431.580     9431.650     9431.750     9431.790     9431.880
  1275:     9432.200     9432.520     9433.930     9433.960     9434.200
  1280:     9434.350     9435.360     9436.380     9436.820     9613.290
  1285:     9613.290     9613.290     9613.300     9613.300     9622.260
  1290:     9622.260     9623.290     9623.300     9626.560     9626.710
  1295:     9629.150     9639.740     9639.740     9639.740     9639.750
  1300:     9639.750     9643.660     9643.660     9647.810     9647.810
  1305:     9649.740     9649.750     9650.810     9650.810     9650.810
  1310:     9650.820     9650.820     9653.800     9660.810     9660.820
  1315:     9686.860     9690.950     9694.110     9694.810     9695.180
  1320:     9696.060     9733.250     9733.250     9733.250     9733.260
  1325:     9733.260     9736.280     9741.670     9743.250     9743.260
  1330:     9746.040     9758.730     9802.990     9803.180     9803.310
  1335:     9850.100     9850.370     9856.640     9858.050     9908.710
  1340:     9908.710     9908.710     9908.720     9908.720     9914.020
  1345:     9914.020     9917.420     9917.420     9918.710     9918.720
  1350:     9922.970     9922.970     9922.970     9922.980     9922.980
  1355:     9925.040     9925.040     9932.970     9932.980     9935.420
  1360:     9935.420     9935.420     9935.430     9935.430     9944.210
  1365:     9945.420     9945.430     9950.110     9950.110     9950.110
  1370:     9950.120     9950.120     9953.220     9955.980     9960.110
  1375:     9960.120    10048.560    10048.670    10069.950    10069.950
  1380:    10069.950    10069.960    10069.960    10071.370    10071.370
  1385:    10076.220    10076.220    10079.950    10079.960    10082.800
  1390:    10090.560    10092.330    10168.070    10168.070    10168.070
  1395:    10168.080    10168.080    10173.470    10178.070    10178.080
  1400:    10179.050    10205.990    10217.550    10232.450    10235.370
  1405:    10239.510    10241.510    10242.600    10246.080    10248.020
  1410:    10251.460    10253.170    10256.220    10258.130    10265.860
  1415:    10266.980    10268.980    10274.560    10281.290    10282.360
  1420:    10282.480    10282.510    10283.570    10285.130    10286.600
  1425:    10286.980    10287.430    10288.080    10288.120    10288.320
  1430:    10289.150    10290.050    10290.120    10290.300    10290.440
  1435:    10290.660    10291.490    10291.620    10291.650    10292.370
  1440:    10292.410    10292.460    10292.580    10292.620    10292.820
  1445:    10294.910    10295.600    10295.990    10303.460    10304.820
  1450:    10306.160    10306.250    10306.390    10306.510    10307.590
  1455:    10307.840    10308.060    10308.310    10309.480    10309.780
  1460:    10310.060    10310.080    10310.100    10310.290    10321.030
  1465:    10323.400    10324.060    10324.390    10324.570    10324.850
  1470:    10325.320    10326.090    10326.600    10326.990    10327.620
  1475:    10331.480    10331.760    10331.960    10336.920    10337.290
  1480:    10337.740    10337.780    10338.290    10340.190    10340.490
  1485:    10340.670    10342.270    10344.130    10345.550    10346.670
  1490:    10347.230    10347.290    10348.780    10348.810    10348.900
  1495:    10349.020    10349.440    10349.550    10349.900    10397.260
  1500:    10400.870    10418.030    10418.080    10477.970    10477.970
  1505:    10477.970    10477.980    10477.980    10487.970    10487.980
  1510:    10503.080    10503.080    10503.080    10503.090    10503.090
  1515:    10505.130    10513.080    10513.090    10562.410    10562.500
  1520:    10564.500    10591.050    10591.050    10591.050    10591.060
  1525:    10591.060    10601.050    10601.060
