File: C:\MED-PC\Data\2024-11-21_13h10m_Subject 53.txt


Start Date: 11/21/24
End Date: 11/21/24
Subject: 53
Experiment: OralFentSA
Group: One
Box: 9
Start Time: 13:10:09
End Time: 16:10:17
MSN: Golden_Liq_SelfAdmin_EXT
F:       0.000
G:    1695.000
H:   10800.000
I:       0.000
J:       0.000
K:       0.000
L:       0.000
M:       0.000
N:       0.000
O:       0.000
P:       0.000
Q:       0.000
R:       0.000
S:       0.000
U:       0.000
V:       0.000
W:       0.000
X:       0.000
Y:       0.000
Z:       0.000
A:
     0:        0.000        0.000      180.000        4.000        0.000
     5:        5.000        0.000        5.000        0.000        0.000
    10:        1.000        0.000       10.000   100000.000       31.500
    15:       24.000      600.000        0.000        0.000        0.000
    20:        0.000
B:
     0:        0.000        0.000        0.000        0.000        0.000
     5:        0.000        0.000        0.000        0.000        0.000
    10:        0.000        0.000     1000.000 10000000.000        0.000
    15:        0.000        0.000        0.000        0.000        0.000
    20:        0.000
C:
     0:        0.000       82.000       60.000      120.000      986.000
     5:    10603.800        2.030       52.000     2706.210       52.043
    10:      120.000       60.000        0.000        0.000        0.000
    15:        0.000        0.000        0.000        0.000        0.000
    20:        0.000
D:
     0:        7.960       28.360       48.490      206.580      151.680
     5:       92.040       65.170       26.750       48.820        1.460
    10:      194.230        2.180        9.090      154.010        0.580
    15:        2.510       48.860        6.640       30.040      131.220
    20:       17.990       89.180        5.600        1.190        8.040
    25:       11.740        3.600       55.830        1.930      110.010
    30:      100.590        1.320       78.120       82.190        9.790
    35:        9.030        6.860       40.020        5.130        1.320
    40:       49.850        3.320        3.620      105.810       63.450
    45:       34.610      309.600       11.390       39.920       10.320
    50:      176.140        2.030
E:
     0:       19.000       11.000       26.000       27.000        2.000
     5:        4.000       22.000       24.000       12.000       21.000
    10:       22.000        6.000        6.000       19.000       11.000
    15:        6.000        2.000        4.000       22.000       24.000
    20:       12.000       19.000       11.000        1.000        6.000
    25:        6.000        6.000        6.000        6.000        6.000
    30:        6.000        6.000        6.000        6.000        6.000
    35:        6.000        6.000        6.000        2.000        4.000
    40:       22.000       24.000       12.000       20.000       20.000
    45:       19.000       11.000        6.000        6.000        6.000
    50:        6.000        6.000        6.000        6.000        6.000
    55:        6.000        6.000        6.000        6.000        6.000
    60:        6.000        6.000        6.000        6.000        6.000
    65:        6.000        6.000        6.000        6.000        6.000
    70:        6.000        6.000        6.000        6.000        6.000
    75:        6.000        6.000        6.000        6.000        2.000
    80:        4.000       22.000       24.000       12.000       19.000
    85:       11.000        1.000        6.000        6.000        6.000
    90:        6.000        6.000        2.000        4.000       22.000
    95:       24.000       12.000       21.000       22.000       21.000
   100:       22.000       19.000       11.000        6.000        2.000
   105:        4.000       22.000       24.000       12.000       19.000
   110:       11.000        6.000        6.000        6.000        6.000
   115:        1.000        6.000        6.000        6.000        6.000
   120:        6.000        6.000        6.000        6.000        6.000
   125:        6.000        6.000        6.000        1.000        1.000
   130:        1.000        2.000        4.000       22.000       24.000
   135:       12.000       19.000       11.000        2.000        4.000
   140:       22.000       24.000       12.000       21.000       22.000
   145:       20.000       19.000       11.000        6.000        6.000
   150:        6.000        6.000        6.000        6.000        6.000
   155:        6.000        6.000        6.000        6.000        6.000
   160:        6.000        6.000        6.000        6.000        6.000
   165:        6.000        6.000        6.000        6.000        6.000
   170:        6.000        6.000        6.000        6.000        6.000
   175:        6.000        6.000        6.000        6.000        6.000
   180:        6.000        6.000        6.000        6.000        6.000
   185:        6.000        6.000        6.000        6.000        6.000
   190:        6.000        6.000        6.000        6.000        6.000
   195:        6.000        6.000        6.000        6.000        6.000
   200:        6.000        6.000        6.000        6.000        6.000
   205:        6.000        6.000        6.000        6.000        6.000
   210:        6.000        6.000        6.000        6.000        6.000
   215:        6.000        6.000        6.000        6.000        6.000
   220:        6.000        6.000        6.000        6.000        6.000
   225:        6.000        2.000        4.000       22.000       24.000
   230:       12.000       19.000       11.000        6.000        6.000
   235:        2.000        4.000       22.000       24.000       12.000
   240:       19.000       11.000        2.000        4.000       22.000
   245:       24.000       12.000       19.000       11.000        1.000
   250:        1.000        1.000        1.000        1.000        1.000
   255:        1.000        1.000        2.000        4.000       22.000
   260:       24.000       12.000       19.000       11.000        2.000
   265:        4.000       22.000       24.000       12.000       21.000
   270:       22.000       19.000       11.000        6.000        6.000
   275:        6.000        6.000        6.000        6.000        6.000
   280:        6.000        6.000        6.000        6.000        6.000
   285:        6.000        6.000        6.000        6.000        6.000
   290:        6.000        6.000        1.000        1.000        6.000
   295:        6.000        2.000        4.000       22.000       24.000
   300:       12.000       21.000       22.000       21.000       22.000
   305:       19.000       11.000        2.000        4.000       22.000
   310:       24.000       12.000       21.000       22.000       20.000
   315:       19.000       11.000        2.000        4.000       22.000
   320:       24.000       12.000        6.000        6.000        6.000
   325:        6.000        6.000       19.000       11.000        2.000
   330:        4.000       22.000       24.000       12.000       19.000
   335:       11.000        6.000        6.000        6.000        6.000
   340:        6.000        6.000        6.000        6.000        6.000
   345:        6.000        6.000        6.000        6.000        6.000
   350:        6.000        6.000        6.000        6.000        6.000
   355:        6.000        6.000        6.000        6.000        6.000
   360:        6.000        6.000        6.000        6.000        6.000
   365:        6.000        6.000        6.000        6.000        6.000
   370:        6.000        6.000        6.000        6.000        1.000
   375:        6.000        2.000        4.000       22.000       24.000
   380:       12.000        6.000        6.000       21.000       22.000
   385:       19.000       11.000        2.000        4.000       22.000
   390:       24.000       12.000       21.000       22.000        6.000
   395:        6.000       19.000       11.000        6.000        2.000
   400:        4.000       22.000       24.000       12.000       19.000
   405:       11.000        6.000        6.000        6.000        6.000
   410:        6.000        6.000        6.000        6.000        6.000
   415:        6.000        1.000        6.000        6.000        6.000
   420:        6.000        6.000        6.000        6.000        6.000
   425:        6.000        6.000        1.000        6.000        6.000
   430:        6.000        6.000        6.000        6.000        6.000
   435:        6.000        6.000        6.000        6.000        6.000
   440:        6.000        6.000        6.000        6.000        6.000
   445:        6.000        6.000        6.000        6.000        6.000
   450:        6.000        6.000        6.000        6.000        6.000
   455:        6.000        6.000        6.000        6.000        6.000
   460:        6.000        6.000        2.000        4.000       22.000
   465:       24.000       12.000        6.000        6.000        6.000
   470:       19.000       11.000        6.000        6.000        2.000
   475:        4.000       22.000       24.000       12.000       19.000
   480:       11.000        1.000        1.000        2.000        4.000
   485:       22.000       24.000       12.000       21.000       22.000
   490:       19.000       11.000        2.000        4.000       22.000
   495:       24.000       12.000        6.000        6.000        6.000
   500:        6.000        6.000       19.000       11.000        6.000
   505:        6.000        6.000        6.000        6.000        6.000
   510:        6.000        6.000        6.000        6.000        6.000
   515:        6.000        6.000        6.000        6.000        6.000
   520:        6.000        6.000        6.000        6.000        6.000
   525:        6.000        6.000        6.000        6.000        6.000
   530:        6.000        6.000        6.000        6.000        6.000
   535:        6.000        6.000        6.000        6.000        6.000
   540:        6.000        6.000        6.000        6.000        6.000
   545:        6.000        6.000        6.000        6.000        6.000
   550:        6.000        6.000        6.000        6.000        6.000
   555:        6.000        6.000        6.000        6.000        6.000
   560:        6.000        6.000        6.000        6.000        6.000
   565:        1.000        1.000        2.000        4.000       22.000
   570:       24.000       12.000       21.000       22.000       19.000
   575:       11.000        6.000        6.000        6.000        6.000
   580:        6.000        6.000        6.000        6.000        6.000
   585:        6.000        6.000        6.000        6.000        6.000
   590:        6.000        6.000        6.000        6.000        6.000
   595:        6.000        6.000        6.000        6.000        6.000
   600:        6.000        6.000        6.000        6.000        6.000
   605:        2.000        4.000       22.000       24.000       12.000
   610:       21.000       22.000        6.000       21.000       22.000
   615:       19.000       11.000        6.000        6.000        6.000
   620:        6.000        6.000        6.000        6.000        6.000
   625:        6.000        6.000        6.000        6.000        1.000
   630:        2.000        4.000       22.000       24.000       12.000
   635:       21.000       22.000       19.000       11.000        1.000
   640:        6.000        6.000        6.000        6.000        6.000
   645:        6.000        6.000        6.000        6.000        6.000
   650:        6.000        6.000        6.000        6.000        6.000
   655:        2.000        4.000       22.000       24.000       12.000
   660:       19.000       11.000        1.000        6.000        6.000
   665:        6.000        6.000        6.000        6.000        6.000
   670:        6.000        6.000        6.000        1.000        1.000
   675:        1.000        1.000        1.000        6.000        6.000
   680:        6.000        6.000        6.000        6.000        6.000
   685:        2.000        4.000       22.000       24.000       12.000
   690:       19.000       11.000        6.000        6.000        6.000
   695:        6.000        6.000        6.000        6.000        6.000
   700:        6.000        6.000        6.000        6.000        6.000
   705:        6.000        6.000        6.000        6.000        6.000
   710:        6.000        6.000        6.000        6.000        6.000
   715:        6.000        6.000        6.000        1.000        2.000
   720:        4.000       22.000       24.000       12.000       21.000
   725:       22.000       21.000       22.000       21.000       22.000
   730:       21.000       22.000       19.000       11.000        2.000
   735:        4.000       22.000       24.000       12.000       21.000
   740:       22.000       21.000       22.000       21.000       22.000
   745:       19.000       11.000        2.000        4.000       22.000
   750:       24.000       12.000       21.000       22.000       19.000
   755:       11.000        2.000        4.000       22.000       24.000
   760:       12.000       21.000       22.000       21.000       22.000
   765:       21.000       22.000       19.000       11.000        6.000
   770:        6.000        6.000        6.000        6.000        6.000
   775:        6.000        6.000        6.000        2.000        4.000
   780:       22.000       24.000       12.000        6.000        6.000
   785:       19.000       11.000        6.000        2.000        4.000
   790:       22.000       24.000       12.000        6.000        6.000
   795:        6.000        6.000        6.000        6.000       19.000
   800:       11.000        6.000        6.000        6.000        6.000
   805:        6.000        6.000        6.000        6.000        6.000
   810:        6.000        6.000        6.000        6.000        6.000
   815:        6.000        6.000        6.000        6.000        6.000
   820:        6.000        6.000        6.000        6.000        6.000
   825:        6.000        6.000        6.000        6.000        6.000
   830:        6.000        6.000        6.000        6.000        6.000
   835:        6.000        6.000        6.000        6.000        6.000
   840:        6.000        6.000        6.000        6.000        6.000
   845:        2.000        4.000       22.000       24.000       12.000
   850:       21.000       22.000       21.000       22.000       21.000
   855:       22.000       21.000       22.000        6.000        6.000
   860:       19.000       11.000        6.000        6.000        6.000
   865:        2.000        4.000       22.000       24.000       12.000
   870:       21.000       22.000       19.000       11.000        6.000
   875:        6.000        6.000        6.000        6.000        6.000
   880:        6.000        6.000        6.000        6.000        6.000
   885:        6.000        6.000        6.000        6.000        6.000
   890:        6.000        2.000        4.000       22.000       24.000
   895:       12.000       19.000       11.000        2.000        4.000
   900:       22.000       24.000       12.000        6.000       19.000
   905:       11.000        1.000        1.000        2.000        4.000
   910:       22.000       24.000       12.000       19.000       11.000
   915:        6.000        6.000        6.000        6.000        6.000
   920:        6.000        6.000        6.000        6.000        6.000
   925:        2.000        4.000       22.000       24.000       12.000
   930:       19.000       11.000        1.000        1.000        1.000
   935:        2.000        4.000       22.000       24.000       12.000
   940:        6.000        6.000        6.000        6.000        6.000
   945:        6.000       19.000       11.000        6.000        6.000
   950:        6.000        6.000        2.000        4.000       22.000
   955:       24.000       12.000       19.000       11.000        6.000
   960:        6.000        6.000        6.000        6.000        6.000
   965:        6.000        6.000        6.000        6.000        6.000
   970:        6.000        6.000        6.000        6.000        6.000
   975:        6.000        6.000        6.000        6.000        6.000
   980:        6.000        6.000        6.000        6.000        6.000
   985:        6.000        6.000        6.000        6.000        6.000
   990:        6.000        2.000        4.000       22.000       24.000
   995:       12.000       19.000       11.000        2.000        4.000
  1000:       22.000       24.000       12.000       19.000       11.000
  1005:        1.000        6.000        2.000        4.000       22.000
  1010:       24.000       12.000        6.000       19.000       11.000
  1015:        1.000        2.000        4.000       22.000       24.000
  1020:       12.000       19.000       11.000        2.000        4.000
  1025:       22.000       24.000       12.000       19.000       11.000
  1030:        2.000        4.000       22.000       24.000       12.000
  1035:       19.000       11.000        2.000        4.000       22.000
  1040:       24.000       12.000       19.000       11.000        2.000
  1045:        4.000       22.000       24.000       12.000       19.000
  1050:       11.000        1.000        6.000        6.000        6.000
  1055:        6.000        6.000        6.000        6.000        6.000
  1060:        6.000        6.000        6.000        6.000        6.000
  1065:        6.000        6.000        6.000        6.000        6.000
  1070:        6.000        6.000        6.000        2.000        4.000
  1075:       22.000       24.000       12.000       19.000       11.000
  1080:        6.000        6.000        6.000        6.000        6.000
  1085:        6.000        6.000        6.000        6.000        6.000
  1090:        6.000        2.000        4.000       22.000       24.000
  1095:       12.000       21.000       22.000        6.000       19.000
  1100:       11.000        1.000        1.000        1.000        2.000
  1105:        4.000       22.000       24.000       12.000       21.000
  1110:       22.000        6.000        6.000        6.000       19.000
  1115:       11.000        2.000        4.000       22.000       24.000
  1120:       12.000       21.000       22.000       19.000       11.000
  1125:        2.000        4.000       22.000       24.000       12.000
  1130:       21.000       22.000       19.000       11.000        2.000
  1135:        4.000       22.000       24.000       12.000        6.000
  1140:        6.000       19.000       11.000        6.000        6.000
  1145:        6.000        6.000        6.000        6.000        6.000
  1150:        6.000        6.000        6.000        6.000        6.000
  1155:        2.000        4.000       22.000       24.000       12.000
  1160:       19.000       11.000        6.000        6.000        1.000
  1165:        6.000        6.000        6.000        6.000        2.000
  1170:        4.000       22.000       24.000       12.000        6.000
  1175:        6.000       19.000       11.000        6.000        6.000
  1180:        6.000        6.000        6.000        6.000        6.000
  1185:        6.000        6.000        6.000        6.000        6.000
  1190:        6.000        6.000        1.000        6.000        6.000
  1195:        6.000        6.000        1.000        1.000        2.000
  1200:        4.000       22.000       24.000       12.000       19.000
  1205:       11.000        2.000        4.000       22.000       24.000
  1210:       12.000       19.000       11.000        2.000        4.000
  1215:       22.000       24.000       12.000        6.000        6.000
  1220:        6.000        6.000        6.000       19.000       11.000
  1225:        6.000        6.000        6.000        6.000        6.000
  1230:        6.000        6.000        6.000        6.000        6.000
  1235:        6.000        6.000        6.000        6.000        6.000
  1240:        6.000        6.000        6.000        6.000        6.000
  1245:        6.000        6.000        6.000        6.000        6.000
  1250:        6.000        6.000        6.000        1.000        2.000
  1255:        4.000       22.000       24.000       12.000       19.000
  1260:       11.000        6.000        6.000        6.000        6.000
  1265:        6.000        6.000        6.000        6.000        6.000
  1270:        6.000        6.000        6.000        6.000        6.000
  1275:        6.000        6.000        2.000        4.000       22.000
  1280:       24.000       12.000       19.000       11.000        1.000
  1285:        2.000        4.000       22.000       24.000       12.000
  1290:        6.000        6.000        6.000        6.000        6.000
  1295:        6.000       19.000       11.000        6.000        6.000
  1300:        6.000        6.000        6.000        6.000        6.000
  1305:        6.000        6.000        6.000        6.000        6.000
  1310:        6.000        6.000        6.000        6.000        6.000
  1315:        6.000        6.000        6.000        6.000        1.000
  1320:        1.000        6.000        6.000        6.000        6.000
  1325:        6.000        6.000        6.000        6.000        6.000
  1330:        6.000        6.000        2.000        4.000       22.000
  1335:       24.000       12.000        6.000       19.000       11.000
  1340:        2.000        4.000       22.000       24.000       12.000
  1345:       21.000       22.000       21.000       22.000       19.000
  1350:       11.000        1.000        6.000        6.000        6.000
  1355:        6.000        6.000        6.000        6.000        6.000
  1360:        6.000        2.000        4.000       22.000       24.000
  1365:       12.000       19.000       11.000        2.000        4.000
  1370:       22.000       24.000       12.000       19.000       11.000
  1375:        1.000        2.000        4.000       22.000       24.000
  1380:       12.000       19.000       11.000        2.000        4.000
  1385:       22.000       24.000       12.000       19.000       11.000
  1390:        6.000        6.000        6.000        6.000        6.000
  1395:        6.000        6.000        6.000        6.000        6.000
  1400:        6.000        6.000        6.000        6.000        6.000
  1405:        6.000        6.000        6.000        6.000        6.000
  1410:        6.000        6.000        6.000        6.000        6.000
  1415:        6.000        6.000        6.000        6.000        6.000
  1420:        6.000        6.000        6.000        6.000        6.000
  1425:        6.000        6.000        6.000        6.000        6.000
  1430:        6.000        6.000        6.000        6.000        6.000
  1435:        6.000        6.000        6.000        6.000        6.000
  1440:        6.000        6.000        6.000        6.000        6.000
  1445:        6.000        6.000        6.000        6.000        6.000
  1450:        6.000        6.000        6.000        6.000        6.000
  1455:        6.000        6.000        6.000        2.000        4.000
  1460:       22.000       24.000       12.000       21.000       22.000
  1465:       19.000       11.000        6.000        6.000        6.000
  1470:        6.000        6.000        6.000        6.000        6.000
  1475:        6.000        6.000        6.000        6.000        6.000
  1480:        6.000        6.000        6.000        6.000        6.000
  1485:        6.000        6.000        6.000        6.000        2.000
  1490:        4.000       22.000       24.000       12.000       21.000
  1495:       22.000       19.000       11.000        2.000        4.000
  1500:       22.000       24.000       12.000       19.000       11.000
  1505:        2.000        4.000       22.000       24.000       12.000
  1510:       19.000       11.000        6.000        6.000        6.000
  1515:        6.000        6.000        6.000        6.000        6.000
  1520:        6.000        6.000        6.000        6.000        6.000
  1525:        6.000        6.000        6.000        6.000        6.000
  1530:        6.000        6.000        6.000        6.000        6.000
  1535:        6.000        6.000        2.000        4.000       22.000
  1540:       24.000       12.000       19.000       11.000        6.000
  1545:        6.000        6.000        6.000        2.000        4.000
  1550:       22.000       24.000       12.000       19.000       11.000
  1555:        2.000        4.000       22.000       24.000       12.000
  1560:       19.000       11.000        6.000        6.000        6.000
  1565:        6.000        6.000        6.000        6.000        6.000
  1570:        6.000        6.000        6.000        6.000        6.000
  1575:        6.000        6.000        6.000        2.000        4.000
  1580:       22.000       24.000       12.000       19.000       11.000
  1585:        6.000        6.000        6.000        6.000        1.000
  1590:        1.000        1.000        6.000        6.000        2.000
  1595:        4.000       22.000       24.000       12.000       19.000
  1600:       11.000        6.000        6.000        6.000        6.000
  1605:        6.000        6.000        6.000        6.000        6.000
  1610:        6.000        6.000        6.000        6.000        6.000
  1615:        6.000        6.000        6.000        6.000        6.000
  1620:        6.000        6.000        6.000        6.000        6.000
  1625:        6.000        6.000        6.000        6.000        6.000
  1630:        6.000        6.000        6.000        6.000        6.000
  1635:        6.000        6.000        6.000        6.000        6.000
  1640:        6.000        6.000        6.000        6.000        6.000
  1645:        6.000        6.000        6.000        6.000        6.000
  1650:        6.000        6.000        6.000        6.000        6.000
  1655:        6.000        6.000        6.000        6.000        6.000
  1660:        6.000        6.000        6.000        6.000        6.000
  1665:        2.000        4.000       22.000       24.000       12.000
  1670:        6.000       19.000       11.000        6.000        6.000
  1675:        6.000        6.000        6.000        6.000        6.000
  1680:        6.000        6.000        6.000        6.000        6.000
  1685:        6.000        6.000        6.000        6.000        6.000
  1690:        6.000        6.000        6.000        6.000        6.000
  1695:      100.000
T:
     0:        0.000        0.000        0.000        0.000        1.530
     5:        1.530        1.530        1.540        1.540        4.900
    10:        4.900        9.500       10.240       11.530       11.540
    15:       11.680       41.770       41.770       41.770       41.780
    20:       41.780       51.770       51.780       55.280       70.140
    25:       70.170       70.500       70.950       70.970       72.280
    30:       72.440       72.930       77.340       78.760       79.000
    35:       80.370       80.730       82.340       84.150       84.150
    40:       84.150       84.160       84.160       91.570       93.030
    45:       94.150       94.160      132.650      133.490      148.950
    50:      149.290      149.520      150.220      150.280      150.650
    55:      152.520      189.290      189.570      189.800      189.900
    60:      190.020      190.270      190.440      190.510      190.560
    65:      190.630      190.720      190.810      190.930      191.640
    70:      199.570      202.180      202.600      202.970      203.030
    75:      213.250      213.420      213.750      223.290      225.240
    80:      225.240      225.240      225.250      225.250      235.240
    85:      235.250      389.820      431.830      432.030      432.300
    90:      432.870      433.260      442.770      442.770      442.770
    95:      442.780      442.780      443.910      443.910      448.120
   100:      448.120      452.770      452.780      594.460      630.310
   105:      630.310      630.310      630.320      630.320      640.310
   110:      640.320      722.360      722.800      722.880      722.920
   115:      753.730      780.970      784.260      784.950      784.980
   120:      785.140      790.200      795.660      799.330      799.560
   125:      799.920      802.030      812.140      848.190      869.500
   130:      870.130      879.400      879.400      879.400      879.410
   135:      879.410      889.400      889.410      893.050      893.050
   140:      893.050      893.060      893.060      894.960      894.960
   145:      901.230      903.050      903.060      958.230      959.360
   150:      960.100      962.000      962.220      962.900      971.440
   155:      971.510      972.030      972.600      972.620      974.650
   160:      975.540      975.560      979.250      979.320      983.570
   165:      983.800      991.050      991.330      993.620      993.930
   170:      994.090     1004.550     1004.590     1012.810     1012.920
   175:     1013.230     1013.280     1013.960     1025.810     1025.940
   180:     1027.420     1028.610     1029.110     1029.300     1029.480
   185:     1029.570     1029.730     1029.820     1033.140     1033.660
   190:     1033.800     1033.940     1034.000     1034.190     1034.260
   195:     1034.340     1034.550     1034.680     1035.620     1036.600
   200:     1043.210     1043.260     1046.260     1046.310     1046.530
   205:     1047.250     1052.790     1053.340     1053.980     1058.270
   210:     1059.530     1060.350     1060.800     1061.930     1062.370
   215:     1062.440     1062.540     1062.830     1065.310     1066.980
   220:     1068.500     1072.200     1072.640     1073.870     1074.080
   225:     1087.450     1179.600     1179.600     1179.600     1179.610
   230:     1179.610     1189.600     1189.610     1206.360     1221.580
   235:     1225.890     1225.890     1225.890     1225.900     1225.900
   240:     1235.890     1235.900     1235.950     1235.950     1235.950
   245:     1235.960     1235.960     1245.950     1245.960     1287.940
   250:     1288.530     1288.970     1290.800     1293.620     1295.070
   255:     1295.310     1295.690     1328.950     1328.950     1328.950
   260:     1328.960     1328.960     1338.950     1338.960     1357.880
   265:     1357.880     1357.880     1357.890     1357.890     1363.270
   270:     1363.270     1367.880     1367.890     1406.710     1406.830
   275:     1407.250     1407.370     1413.630     1416.450     1416.500
   280:     1416.680     1416.860     1417.670     1441.090     1442.510
   285:     1442.720     1443.470     1443.560     1445.760     1446.300
   290:     1447.770     1447.940     1504.770     1513.150     1577.630
   295:     1577.670     1585.030     1585.030     1585.030     1585.040
   300:     1585.040     1587.400     1587.400     1587.750     1587.750
   305:     1595.030     1595.040     1599.880     1599.880     1599.880
   310:     1599.890     1599.890     1600.680     1600.680     1607.560
   315:     1609.880     1609.890     1732.690     1732.690     1732.690
   320:     1732.700     1732.700     1734.160     1734.560     1734.590
   325:     1734.790     1735.800     1742.690     1742.700     1784.310
   330:     1784.310     1784.310     1784.320     1784.320     1794.310
   335:     1794.320     1978.550     1979.270     1979.310     1982.430
   340:     1983.390     1983.970     1984.600     1984.650     1984.720
   345:     1985.230     1985.640     1986.300     1986.360     1986.490
   350:     1990.560     1990.790     1991.740     1993.210     1993.620
   355:     1995.590     1996.870     1996.940     1999.420     2000.190
   360:     2002.170     2002.450     2004.270     2004.910     2005.010
   365:     2008.430     2008.480     2008.820     2008.890     2009.700
   370:     2010.140     2010.170     2010.400     2015.700     2029.340
   375:     2056.730     2105.880     2105.880     2105.880     2105.890
   380:     2105.890     2108.070     2108.190     2110.440     2110.440
   385:     2115.880     2115.890     2119.530     2119.530     2119.530
   390:     2119.540     2119.540     2120.350     2120.350     2128.630
   395:     2128.910     2129.530     2129.540     2167.150     2167.290
   400:     2167.290     2167.290     2167.300     2167.300     2177.290
   405:     2177.300     2321.310     2321.650     2334.110     2335.910
   410:     2338.320     2342.460     2346.190     2346.520     2349.450
   415:     2350.310     2363.380     2390.790     2391.320     2401.290
   420:     2401.350     2402.430     2405.360     2406.040     2409.480
   425:     2409.530     2411.220     2450.800     2521.270     2537.230
   430:     2538.260     2540.150     2540.630     2553.490     2554.270
   435:     2556.630     2556.810     2557.240     2561.800     2563.210
   440:     2563.430     2564.880     2565.740     2584.090     2585.300
   445:     2585.330     2644.770     2648.040     2648.230     2648.430
   450:     2650.370     2650.430     2651.410     2652.120     2652.580
   455:     2652.610     2655.330     2656.970     2657.730     2658.150
   460:     2660.380     2660.710     2675.380     2675.380     2675.380
   465:     2675.390     2675.390     2675.970     2684.210     2685.100
   470:     2685.380     2685.390     2703.320     2703.480     2746.650
   475:     2746.650     2746.650     2746.660     2746.660     2756.650
   480:     2756.660     2788.320     2810.170     2813.680     2813.680
   485:     2813.680     2813.690     2813.690     2817.200     2817.200
   490:     2823.680     2823.690     2845.320     2845.320     2845.320
   495:     2845.330     2845.330     2847.840     2848.020     2848.380
   500:     2851.680     2853.510     2855.320     2855.330     2855.610
   505:     2855.870     2856.370     2857.220     2859.870     2860.600
   510:     2871.490     2876.830     2879.620     2881.820     2882.790
   515:     2882.890     2882.990     2885.840     2886.300     2886.530
   520:     2887.970     2888.000     2895.110     2895.160     2895.270
   525:     2895.320     2901.710     2902.130     2902.750     2902.880
   530:     2902.980     2903.110     2903.370     2903.720     2904.050
   535:     2904.200     2904.350     2904.490     2905.670     2905.990
   540:     2907.180     2929.530     2929.680     2929.770     2929.840
   545:     2930.660     2938.360     2938.420     2938.770     2938.930
   550:     2939.390     2939.610     2940.560     2943.590     2943.850
   555:     2944.000     2946.400     2946.420     2946.940     2947.100
   560:     2948.250     2948.660     2948.810     2948.930     2949.150
   565:     3008.050     3009.070     3015.540     3015.540     3015.540
   570:     3015.550     3015.550     3019.970     3019.970     3025.540
   575:     3025.550     3064.410     3065.140     3065.320     3065.360
   580:     3067.150     3067.390     3067.810     3067.920     3068.200
   585:     3068.460     3068.500     3068.640     3070.230     3070.540
   590:     3074.030     3074.170     3075.050     3075.250     3080.080
   595:     3080.750     3080.990     3081.270     3081.620     3081.690
   600:     3082.590     3085.120     3085.320     3086.470     3087.230
   605:     3095.310     3095.310     3095.310     3095.320     3095.320
   610:     3100.040     3100.040     3101.960     3103.890     3103.890
   615:     3105.310     3105.320     3150.670     3197.180     3197.510
   620:     3197.620     3199.220     3199.480     3282.690     3282.870
   625:     3282.920     3283.890     3376.980     3377.200     3384.480
   630:     3393.440     3393.440     3393.440     3393.450     3393.450
   635:     3396.760     3396.760     3403.440     3403.450     3404.430
   640:     3423.490     3423.830     3423.930     3423.970     3424.050
   645:     3425.350     3425.430     3431.900     3432.030     3437.830
   650:     3438.340     3441.700     3441.840     3441.960     3442.010
   655:     3453.050     3453.050     3453.050     3453.060     3453.060
   660:     3463.050     3463.060     3533.890     3584.280     3584.570
   665:     3584.710     3586.640     3586.930     3591.450     3592.950
   670:     3593.420     3594.410     3595.200     3816.070     3818.160
   675:     3869.140     3877.920     3880.220     3898.390     3903.020
   680:     3903.420     3903.470     3907.440     3934.630     3934.930
   685:     3965.150     3965.150     3965.150     3965.160     3965.160
   690:     3975.150     3975.160     3983.150     3983.610     3985.350
   695:     4006.650     4011.550     4011.590     4011.870     4014.900
   700:     4026.880     4028.300     4028.730     4028.960     4030.940
   705:     4031.140     4036.290     4036.410     4042.290     4050.960
   710:     4051.010     4051.110     4051.300     4051.470     4051.560
   715:     4056.320     4056.490     4062.050     4074.060     4077.630
   720:     4077.630     4077.630     4077.640     4077.640     4079.050
   725:     4079.050     4083.790     4083.790     4087.130     4087.130
   730:     4087.610     4087.610     4087.630     4087.640     4089.340
   735:     4089.340     4089.340     4089.350     4089.350     4093.630
   740:     4093.630     4093.720     4093.720     4095.550     4095.550
   745:     4099.340     4099.350     4103.990     4103.990     4103.990
   750:     4104.000     4104.000     4112.920     4112.920     4113.990
   755:     4114.000     4114.910     4114.910     4114.910     4114.920
   760:     4114.920     4118.740     4118.740     4122.280     4122.280
   765:     4122.400     4122.400     4124.910     4124.920     4204.100
   770:     4204.280     4204.320     4204.620     4204.770     4218.840
   775:     4218.980     4219.020     4219.200     4229.580     4229.580
   780:     4229.580     4229.590     4229.590     4235.190     4235.340
   785:     4239.580     4239.590     4254.570     4328.110     4328.110
   790:     4328.110     4328.120     4328.120     4329.310     4329.740
   795:     4329.790     4334.380     4335.340     4335.420     4338.110
   800:     4338.120     4342.870     4343.130     4343.270     4343.690
   805:     4344.130     4344.320     4345.200     4345.310     4345.740
   810:     4347.660     4354.890     4355.110     4355.140     4355.420
   815:     4368.270     4368.380     4370.990     4371.110     4377.300
   820:     4380.090     4380.470     4380.580     4380.690     4381.990
   825:     4382.360     4386.380     4416.160     4417.280     4521.270
   830:     4522.290     4527.310     4527.400     4536.270     4538.200
   835:     4539.010     4539.050     4539.460     4539.480     4539.870
   840:     4540.000     4540.400     4540.660     4541.030     4541.090
   845:     4545.380     4545.380     4545.380     4545.390     4545.390
   850:     4550.310     4550.310     4550.750     4550.750     4550.970
   855:     4550.970     4551.710     4551.710     4553.430     4553.790
   860:     4555.380     4555.390     4557.280     4560.120     4560.400
   865:     4567.900     4567.900     4567.900     4567.910     4567.910
   870:     4576.550     4576.550     4577.900     4577.910     4579.650
   875:     4717.180     4717.940     4718.710     4719.180     4719.810
   880:     4719.850     4719.940     4726.660     4727.080     4727.920
   885:     4727.980     4728.130     4730.150     4731.370     4736.230
   890:     4769.260     4788.150     4788.150     4788.150     4788.160
   895:     4788.160     4798.150     4798.160     4831.620     4831.620
   900:     4831.620     4831.630     4831.630     4835.230     4841.620
   905:     4841.630     4879.320     4999.420     5053.630     5053.630
   910:     5053.630     5053.640     5053.640     5063.630     5063.640
   915:     5109.470     5110.660     5115.920     5116.720     5118.050
   920:     5132.850     5133.250     5133.290     5134.750     5136.220
   925:     5147.620     5147.620     5147.620     5147.630     5147.630
   930:     5157.620     5157.630     5169.260     5184.000     5186.130
   935:     5248.770     5248.770     5248.770     5248.780     5248.780
   940:     5250.710     5251.280     5251.310     5254.600     5258.010
   945:     5258.180     5258.770     5258.780     5261.740     5261.850
   950:     5283.330     5284.540     5296.660     5296.660     5296.660
   955:     5296.670     5296.670     5306.660     5306.670     5406.680
   960:     5406.730     5410.250     5414.270     5415.470     5417.680
   965:     5419.530     5421.840     5426.100     5426.410     5426.540
   970:     5426.640     5436.010     5438.410     5438.560     5438.820
   975:     5439.520     5439.800     5628.520     5628.550     5630.340
   980:     5633.370     5633.530     5634.220     5635.740     5635.850
   985:     5636.020     5636.830     5637.300     5637.400     5637.740
   990:     5638.050     5651.490     5651.490     5651.490     5651.500
   995:     5651.500     5661.490     5661.500     5669.710     5669.710
  1000:     5669.710     5669.720     5669.720     5679.710     5679.720
  1005:     5731.940     5770.310     5819.660     5819.660     5819.660
  1010:     5819.670     5819.670     5820.990     5829.660     5829.670
  1015:     5896.120     5927.310     5927.310     5927.310     5927.320
  1020:     5927.320     5937.310     5937.320     5962.270     5962.270
  1025:     5962.270     5962.280     5962.280     5972.270     5972.280
  1030:     5975.290     5975.290     5975.290     5975.300     5975.300
  1035:     5985.290     5985.300     6001.940     6001.940     6001.940
  1040:     6001.950     6001.950     6011.940     6011.950     6017.280
  1045:     6017.280     6017.280     6017.290     6017.290     6027.280
  1050:     6027.290     6047.800     6095.410     6096.250     6096.300
  1055:     6096.770     6097.480     6105.150     6105.470     6105.500
  1060:     6105.730     6109.170     6109.760     6109.890     6110.050
  1065:     6111.020     6111.900     6112.950     6113.060     6117.070
  1070:     6119.540     6125.740     6127.490     6135.000     6135.000
  1075:     6135.000     6135.010     6135.010     6145.000     6145.010
  1080:     6217.200     6217.780     6217.830     6218.900     6219.660
  1085:     6220.220     6220.320     6220.490     6223.130     6223.190
  1090:     6226.720     6233.080     6233.080     6233.080     6233.090
  1095:     6233.090     6239.820     6239.820     6242.880     6243.080
  1100:     6243.090     6246.070     6294.990     6299.600     6559.630
  1105:     6559.630     6559.630     6559.640     6559.640     6563.380
  1110:     6563.380     6568.670     6568.970     6569.010     6569.630
  1115:     6569.640     6576.730     6576.730     6576.730     6576.740
  1120:     6576.740     6581.730     6581.730     6586.730     6586.740
  1125:     6587.880     6587.880     6587.880     6587.890     6587.890
  1130:     6596.830     6596.830     6597.880     6597.890     6629.380
  1135:     6629.380     6629.380     6629.390     6629.390     6636.250
  1140:     6637.820     6639.380     6639.390     6639.870     6641.000
  1145:     6649.630     6654.940     6655.310     6668.780     6669.070
  1150:     6669.130     6669.220     6676.060     6676.540     6676.560
  1155:     6687.260     6687.260     6687.260     6687.270     6687.270
  1160:     6697.260     6697.270     6727.290     6727.920     6742.200
  1165:     6974.640     6974.760     6975.120     6975.210     6982.410
  1170:     6982.410     6982.410     6982.420     6982.420     6987.550
  1175:     6987.590     6992.410     6992.420     7001.440     7006.740
  1180:     7007.300     7007.530     7011.810     7013.220     7017.490
  1185:     7093.560     7094.160     7094.210     7094.460     7094.480
  1190:     7094.510     7109.080     7204.320     7229.760     7239.080
  1195:     7239.410     7239.470     7255.120     7264.240     7329.850
  1200:     7329.850     7329.850     7329.860     7329.860     7339.850
  1205:     7339.860     7395.370     7395.370     7395.370     7395.380
  1210:     7395.380     7405.370     7405.380     7471.080     7471.080
  1215:     7471.080     7471.090     7471.090     7472.410     7477.910
  1220:     7480.580     7480.800     7480.930     7481.080     7481.090
  1225:     7487.920     7488.290     7495.160     7496.550     7496.630
  1230:     7496.770     7497.390     7497.660     7497.790     7497.870
  1235:     7497.980     7498.420     7499.370     7503.440     7504.780
  1240:     7505.470     7506.860     7525.000     7525.480     7546.940
  1245:     7548.430     7551.780     7580.870     7581.290     7581.320
  1250:     7582.140     7582.270     7585.400     7591.790     7606.150
  1255:     7606.150     7606.150     7606.160     7606.160     7616.150
  1260:     7616.160     7656.010     7656.460     7658.640     7661.830
  1265:     7661.950     7662.400     7662.590     7663.800     7666.420
  1270:     7668.040     7668.210     7668.880     7669.350     7669.510
  1275:     7669.640     7677.480     7683.940     7683.940     7683.940
  1280:     7683.950     7683.950     7693.940     7693.950     7882.060
  1285:     7900.980     7900.980     7900.980     7900.990     7900.990
  1290:     7904.310     7905.820     7905.890     7905.920     7908.730
  1295:     7908.820     7910.980     7910.990     7914.910     7915.750
  1300:     7919.370     7919.420     7921.280     7925.460     7930.490
  1305:     7931.770     7961.800     7962.720     8040.920     8041.330
  1310:     8046.780     8078.830     8079.280     8089.870     8094.310
  1315:     8094.570     8253.630     8253.710     8253.970     8331.180
  1320:     8339.590     8398.280     8399.270     8399.320     8400.690
  1325:     8417.660     8417.770     8422.670     8425.630     8428.240
  1330:     8428.460     8428.680     8437.360     8437.360     8437.360
  1335:     8437.370     8437.370     8440.990     8447.360     8447.370
  1340:     8448.790     8448.790     8448.790     8448.800     8448.800
  1345:     8448.930     8448.930     8449.410     8449.410     8458.790
  1350:     8458.800     8482.680     8554.610     8559.630     8559.670
  1355:     8560.670     8561.950     8564.700     8566.780     8566.800
  1360:     8582.810     8589.410     8589.410     8589.410     8589.420
  1365:     8589.420     8599.410     8599.420     8599.780     8599.780
  1370:     8599.780     8599.790     8599.790     8609.780     8609.790
  1375:     8707.810     8763.940     8763.940     8763.940     8763.950
  1380:     8763.950     8773.940     8773.950     8802.110     8802.110
  1385:     8802.110     8802.120     8802.120     8812.110     8812.120
  1390:     8865.570     8865.610     8867.240     8868.810     8869.320
  1395:     8869.550     8869.640     8871.650     8875.690     8875.710
  1400:     8877.710     8878.680     8878.830     8880.440     8881.630
  1405:     8894.500     8909.900     8912.660     8912.920     8914.630
  1410:     8915.560     8916.730     8919.480     8941.210     8942.120
  1415:     8942.180     8942.300     8942.360     8946.800     8949.380
  1420:     8949.630     8951.090     8985.000     8988.220     8988.260
  1425:     8990.720     8998.940     9014.680     9014.880     9014.950
  1430:     9015.420     9015.490     9021.700     9024.850     9025.870
  1435:     9026.070     9026.950     9032.830     9032.890     9033.200
  1440:     9166.970     9180.790     9181.260     9181.290     9192.720
  1445:     9192.780     9192.830     9192.980     9193.440     9195.280
  1450:     9196.750     9202.090     9202.170     9203.660     9204.040
  1455:     9204.110     9204.410     9205.350     9236.580     9236.580
  1460:     9236.580     9236.590     9236.590     9241.170     9241.170
  1465:     9246.580     9246.590     9271.200     9271.720     9272.840
  1470:     9276.090     9277.440     9278.060     9279.470     9287.900
  1475:     9288.600     9289.190     9289.470     9290.380     9292.170
  1480:     9293.280     9294.890     9295.080     9295.360     9295.440
  1485:     9295.830     9340.310     9340.340     9340.900     9343.530
  1490:     9343.530     9343.530     9343.540     9343.540     9353.400
  1495:     9353.400     9353.530     9353.540     9354.370     9354.370
  1500:     9354.370     9354.380     9354.380     9364.370     9364.380
  1505:     9382.550     9382.550     9382.550     9382.560     9382.560
  1510:     9392.550     9392.560     9692.160     9692.260     9693.810
  1515:     9700.050     9700.450     9700.550     9702.580     9703.470
  1520:     9703.560     9703.970     9704.030     9704.460     9704.520
  1525:     9704.960     9705.290     9705.340     9705.390     9705.680
  1530:     9705.750     9705.820     9705.850     9706.180     9706.260
  1535:     9707.700     9708.760     9724.460     9724.460     9724.460
  1540:     9724.470     9724.470     9734.460     9734.470     9735.860
  1545:     9735.910     9736.750     9737.480     9748.830     9748.830
  1550:     9748.830     9748.840     9748.840     9758.830     9758.840
  1555:     9904.660     9904.660     9904.660     9904.670     9904.670
  1560:     9914.660     9914.670     9944.590     9946.570     9946.590
  1565:     9946.680     9946.810     9949.360     9949.550     9949.630
  1570:     9949.790     9951.800     9954.610     9954.690     9956.360
  1575:     9957.370     9958.880     9959.580     9970.120     9970.120
  1580:     9970.120     9970.130     9970.130     9980.120     9980.130
  1585:     9980.450     9981.070    10081.150    10081.420    10102.410
  1590:    10103.400    10126.460    10164.320    10165.340    10170.600
  1595:    10170.600    10170.600    10170.610    10170.610    10180.600
  1600:    10180.610    10346.750    10350.420    10350.480    10353.970
  1605:    10354.140    10361.670    10361.690    10368.220    10379.450
  1610:    10379.850    10381.140    10383.270    10383.340    10393.950
  1615:    10394.150    10394.360    10394.780    10394.880    10410.710
  1620:    10412.670    10412.800    10412.960    10423.680    10423.710
  1625:    10426.680    10427.050    10433.480    10441.530    10441.880
  1630:    10442.020    10443.420    10443.620    10454.190    10460.930
  1635:    10462.690    10464.750    10464.890    10465.000    10465.210
  1640:    10467.790    10467.900    10468.210    10483.650    10486.230
  1645:    10489.700    10492.480    10493.860    10494.600    10498.370
  1650:    10498.550    10498.730    10499.850    10504.630    10504.710
  1655:    10505.000    10520.030    10520.630    10528.670    10553.240
  1660:    10553.580    10554.520    10556.440    10556.610    10556.910
  1665:    10603.790    10603.790    10603.790    10603.800    10603.800
  1670:    10605.830    10613.790    10613.800    10744.170    10744.440
  1675:    10744.790    10745.020    10745.740    10745.780    10750.750
  1680:    10753.430    10765.380    10765.520    10765.840    10766.360
  1685:    10766.630    10768.230    10780.400    10780.650    10781.960
  1690:    10783.500    10787.860    10788.090    10792.470    10794.340
  1695:    10800.000
