File: C:\MED-PC\Data\2024-11-04_16h14m_Subject 53.txt


Start Date: 11/04/24
End Date: 11/04/24
Subject: 53
Experiment: OralFentSA
Group: One
Box: 9
Start Time: 16:14:17
End Time: 19:15:40
MSN: 20241014_Golden_Liq_SelfAdmin
F:       0.000
G:    2103.000
H:   10800.000
I:       0.000
J:       0.000
K:       0.000
L:       0.000
M:       0.000
N:       0.000
O:       0.000
P:       0.000
Q:       0.000
R:       0.000
S:       0.000
U:       0.000
V:       0.000
W:       0.000
X:       0.000
Y:       0.000
Z:       0.000
A:
     0:        0.000        0.000      180.000        4.000        0.000
     5:        5.000        0.000        5.000        0.000        0.000
    10:        1.000        0.000       10.000   100000.000       27.000
    15:       11.000      640.000        0.000        0.000        0.000
    20:        0.000
B:
     0:        0.000        0.000        0.000      400.000        0.000
     5:      500.000        0.000      500.000        0.000        0.000
    10:        0.000        0.000     1000.000 10000000.000        0.000
    15:        0.000        0.000        0.000        0.000        0.000
    20:        0.000
C:
     0:       37.000       38.000       16.000       59.000     1521.000
     5:     9968.500        1.300       36.000      172.330        4.787
    10:       59.000       16.000        0.000        0.000        0.000
    15:        0.000        0.000        0.000        0.000        0.000
    20:        0.000
D:
     0:        2.520        0.790        1.750        0.660        1.520
     5:        1.690        1.150        0.600        5.780       56.140
    10:        1.800        8.190        1.880        0.950        1.340
    15:        0.770        0.850        2.220        1.500        1.090
    20:        1.350        1.590        0.610        0.440        1.700
    25:       44.350        1.400        0.740        2.300        3.140
    30:        0.940        2.520        1.400       10.440        4.920
    35:        1.300
E:
     0:       19.000       11.000       26.000       27.000        6.000
     5:        2.000        4.000       22.000       24.000       12.000
    10:       13.000        8.000        5.000       17.000       21.000
    15:       22.000        6.000       18.000       14.000       10.000
    20:        6.000        6.000        6.000        6.000       19.000
    25:       11.000        1.000        2.000        4.000       22.000
    30:       24.000       12.000       13.000        8.000        5.000
    35:       17.000       21.000       22.000        6.000       18.000
    40:       21.000       22.000       14.000       10.000        6.000
    45:        6.000       19.000       11.000        6.000        6.000
    50:        6.000        6.000        6.000        2.000        4.000
    55:       22.000       24.000       12.000       13.000        8.000
    60:        5.000       17.000       21.000       22.000       21.000
    65:       22.000        6.000       18.000        6.000        6.000
    70:       14.000       10.000       21.000       22.000       19.000
    75:       11.000        6.000        6.000        6.000        6.000
    80:        6.000        6.000        6.000        6.000        6.000
    85:        6.000        6.000        1.000        6.000        6.000
    90:        6.000        2.000        4.000       22.000       24.000
    95:       12.000       13.000        8.000        5.000       17.000
   100:        6.000        6.000        6.000        6.000        6.000
   105:        6.000        6.000        6.000        6.000       18.000
   110:        6.000        6.000        6.000        6.000        6.000
   115:       14.000       10.000        6.000       19.000       11.000
   120:        6.000        2.000        4.000       22.000       24.000
   125:       12.000       13.000        8.000        5.000       17.000
   130:        6.000       18.000       14.000       10.000       21.000
   135:       22.000        6.000       19.000       11.000        2.000
   140:        4.000       22.000       24.000       12.000       13.000
   145:        8.000        5.000       17.000        6.000       18.000
   150:       14.000       10.000       19.000       11.000        1.000
   155:        6.000        6.000        6.000        6.000        6.000
   160:        6.000        6.000        6.000        6.000        6.000
   165:        6.000        6.000        6.000        6.000        6.000
   170:        6.000        6.000        6.000        6.000        6.000
   175:        6.000        6.000        6.000        6.000        6.000
   180:        6.000        6.000        6.000        6.000        6.000
   185:        6.000        6.000        6.000        6.000        6.000
   190:        6.000        6.000        6.000        6.000        6.000
   195:        6.000        6.000        6.000        6.000        6.000
   200:        6.000        6.000        6.000        6.000        6.000
   205:        6.000        6.000        6.000        6.000        6.000
   210:        6.000        6.000        6.000        6.000        6.000
   215:        6.000        6.000        6.000        6.000        6.000
   220:        6.000        6.000        6.000        6.000        6.000
   225:        6.000        6.000        6.000        6.000        6.000
   230:        6.000        6.000        6.000        6.000        6.000
   235:        6.000        6.000        6.000        6.000        6.000
   240:        6.000        6.000        6.000        6.000        6.000
   245:        6.000        6.000        6.000        6.000        6.000
   250:        6.000        6.000        6.000        6.000        6.000
   255:        6.000        6.000        6.000        6.000        6.000
   260:        6.000        6.000        6.000        6.000        6.000
   265:        6.000        6.000        6.000        6.000        6.000
   270:        6.000        6.000        6.000        6.000        6.000
   275:        6.000        6.000        6.000        6.000        6.000
   280:        6.000        6.000        6.000        6.000        6.000
   285:        6.000        6.000        6.000        6.000        6.000
   290:        6.000        6.000        6.000        6.000        6.000
   295:        6.000        6.000        6.000        6.000        6.000
   300:        6.000        6.000        6.000        6.000        6.000
   305:        6.000        6.000        6.000        6.000        6.000
   310:        6.000        6.000        6.000        6.000        6.000
   315:        6.000        6.000        6.000        6.000        6.000
   320:        6.000        6.000        6.000        6.000        6.000
   325:        6.000        6.000        6.000        6.000        6.000
   330:        6.000        6.000        6.000        6.000        6.000
   335:        6.000        6.000        6.000        6.000        6.000
   340:        6.000        6.000        6.000        6.000        6.000
   345:        6.000        6.000        6.000        6.000        6.000
   350:        6.000        6.000        6.000        6.000        6.000
   355:        6.000        6.000        6.000        6.000        6.000
   360:        6.000        6.000        6.000        6.000        6.000
   365:        6.000        6.000        6.000        6.000        6.000
   370:        6.000        6.000        6.000        6.000        6.000
   375:        6.000        6.000        6.000        6.000        6.000
   380:        6.000        6.000        6.000        6.000        6.000
   385:        6.000        6.000        6.000        6.000        6.000
   390:        6.000        6.000        6.000        6.000        6.000
   395:        6.000        6.000        6.000        6.000        6.000
   400:        6.000        6.000        6.000        6.000        6.000
   405:        6.000        6.000        6.000        6.000        6.000
   410:        6.000        6.000        6.000        6.000        6.000
   415:        6.000        6.000        6.000        6.000        6.000
   420:        6.000        6.000        6.000        6.000        6.000
   425:        6.000        6.000        6.000        6.000        6.000
   430:        6.000        6.000        6.000        6.000        6.000
   435:        6.000        6.000        6.000        6.000        6.000
   440:        6.000        6.000        6.000        6.000        6.000
   445:        6.000        6.000        6.000        6.000        6.000
   450:        6.000        6.000        6.000        6.000        6.000
   455:        6.000        6.000        6.000        6.000        6.000
   460:        6.000        6.000        6.000        6.000        6.000
   465:        6.000        6.000        6.000        6.000        6.000
   470:        6.000        6.000        6.000        6.000        6.000
   475:        6.000        6.000        6.000        6.000        6.000
   480:        6.000        6.000        6.000        6.000        6.000
   485:        6.000        6.000        6.000        6.000        6.000
   490:        6.000        6.000        6.000        6.000        6.000
   495:        6.000        6.000        6.000        6.000        6.000
   500:        6.000        6.000        6.000        6.000        6.000
   505:        6.000        6.000        6.000        6.000        6.000
   510:        6.000        6.000        6.000        6.000        6.000
   515:        6.000        6.000        6.000        6.000        2.000
   520:        4.000       22.000       24.000       12.000       13.000
   525:        8.000        5.000       17.000       21.000       22.000
   530:        6.000       18.000       14.000       10.000        6.000
   535:       19.000       11.000        6.000        2.000        4.000
   540:       22.000       24.000       12.000       13.000        8.000
   545:        5.000       17.000        6.000       18.000       14.000
   550:       10.000        6.000        6.000        6.000        6.000
   555:        6.000        6.000       19.000       11.000        6.000
   560:        6.000        6.000        6.000        6.000        6.000
   565:        6.000        6.000        6.000        6.000        6.000
   570:        6.000        6.000        6.000        6.000        6.000
   575:        6.000        6.000        6.000        6.000        6.000
   580:        6.000        6.000        6.000        6.000        6.000
   585:        6.000        6.000        6.000        6.000        6.000
   590:        6.000        6.000        6.000        6.000        6.000
   595:        6.000        6.000        6.000        6.000        6.000
   600:        6.000        6.000        6.000        6.000        6.000
   605:        6.000        6.000        6.000        6.000        6.000
   610:        6.000        6.000        6.000        6.000        6.000
   615:        6.000        6.000        6.000        6.000        6.000
   620:        6.000        6.000        6.000        6.000        6.000
   625:        6.000        6.000        6.000        6.000        6.000
   630:        6.000        6.000        6.000        6.000        6.000
   635:        6.000        6.000        6.000        6.000        6.000
   640:        6.000        6.000        6.000        6.000        6.000
   645:        6.000        6.000        6.000        6.000        6.000
   650:        6.000        6.000        6.000        6.000        6.000
   655:        6.000        6.000        6.000        6.000        6.000
   660:        6.000        6.000        6.000        6.000        6.000
   665:        6.000        6.000        6.000        6.000        6.000
   670:        6.000        6.000        6.000        6.000        6.000
   675:        6.000        6.000        6.000        6.000        6.000
   680:        6.000        6.000        6.000        6.000        6.000
   685:        6.000        6.000        2.000        4.000       22.000
   690:       24.000       12.000       13.000        8.000        5.000
   695:       17.000       21.000       22.000       21.000       22.000
   700:       18.000       14.000       10.000        6.000        6.000
   705:        6.000        6.000        6.000        6.000       19.000
   710:       11.000        2.000        4.000       22.000       24.000
   715:       12.000       13.000        8.000        5.000       17.000
   720:       18.000       14.000       10.000       19.000       11.000
   725:        6.000        6.000        6.000        1.000        2.000
   730:        4.000       22.000       24.000       12.000       13.000
   735:        8.000        5.000       17.000        6.000       18.000
   740:       14.000       10.000        6.000        6.000        6.000
   745:        6.000        6.000       19.000       11.000        2.000
   750:        4.000       22.000       24.000       12.000       13.000
   755:        8.000        5.000       17.000       18.000       14.000
   760:       10.000       21.000       22.000        6.000       19.000
   765:       11.000        6.000        6.000        6.000        2.000
   770:        4.000       22.000       24.000       12.000       13.000
   775:        8.000        5.000       17.000        6.000       18.000
   780:       14.000       10.000        6.000        6.000       20.000
   785:       20.000       19.000       11.000        1.000        1.000
   790:        1.000        6.000        6.000        6.000        6.000
   795:        6.000        6.000        6.000        6.000        6.000
   800:        6.000        6.000        1.000        2.000        4.000
   805:       22.000       24.000       12.000       13.000        8.000
   810:        5.000       17.000        6.000       18.000       14.000
   815:       10.000        6.000       19.000       11.000        6.000
   820:        6.000        6.000        6.000        6.000        6.000
   825:        6.000        6.000        6.000        6.000        6.000
   830:        6.000        6.000        6.000        6.000        6.000
   835:        6.000        6.000        6.000        6.000        6.000
   840:        6.000        6.000        6.000        6.000        6.000
   845:        6.000        6.000        6.000        6.000        6.000
   850:        6.000        6.000        6.000        6.000        6.000
   855:        6.000        6.000        6.000        6.000        6.000
   860:        6.000        6.000        6.000        6.000        6.000
   865:        6.000        6.000        6.000        6.000        6.000
   870:        6.000        6.000        6.000        6.000        6.000
   875:        6.000        6.000        6.000        6.000        6.000
   880:        6.000        6.000        6.000        6.000        6.000
   885:        6.000        6.000        6.000        6.000        6.000
   890:        6.000        6.000        6.000        6.000        6.000
   895:        6.000        6.000        6.000        6.000        6.000
   900:        6.000        6.000        6.000        6.000        6.000
   905:        6.000        6.000        6.000        6.000        6.000
   910:        6.000        6.000        6.000        6.000        6.000
   915:        6.000        6.000        6.000        6.000        6.000
   920:        6.000        6.000        6.000        6.000        6.000
   925:        6.000        6.000        6.000        6.000        6.000
   930:        6.000        6.000        6.000        6.000        6.000
   935:        6.000        6.000        6.000        6.000        6.000
   940:        6.000        6.000        6.000        6.000        6.000
   945:        6.000        6.000        6.000        6.000        6.000
   950:        6.000        6.000        6.000        6.000        6.000
   955:        6.000        6.000        6.000        6.000        6.000
   960:        6.000        6.000        6.000        6.000        6.000
   965:        6.000        6.000        6.000        6.000        6.000
   970:        6.000        6.000        6.000        6.000        6.000
   975:        6.000        6.000        6.000        6.000        6.000
   980:        6.000        6.000        6.000        6.000        6.000
   985:        6.000        6.000        6.000        6.000        6.000
   990:        6.000        6.000        6.000        6.000        6.000
   995:        6.000        6.000        6.000        6.000        6.000
  1000:        6.000        6.000        6.000        6.000        6.000
  1005:        6.000        6.000        6.000        6.000        6.000
  1010:        2.000        4.000       22.000       24.000       12.000
  1015:       13.000        8.000        5.000       17.000        6.000
  1020:       18.000       14.000       10.000        6.000       19.000
  1025:       11.000        6.000        6.000        6.000        6.000
  1030:        6.000        6.000        6.000        6.000        6.000
  1035:        6.000        2.000        4.000       22.000       24.000
  1040:       12.000       13.000        8.000        5.000       17.000
  1045:        6.000       18.000       14.000       10.000        6.000
  1050:       19.000       11.000        6.000        6.000        6.000
  1055:        6.000        6.000        6.000        6.000        6.000
  1060:        6.000        6.000        6.000        6.000        6.000
  1065:        6.000        6.000        6.000        6.000        6.000
  1070:        6.000        6.000        6.000        6.000        6.000
  1075:        6.000        6.000        6.000        6.000        6.000
  1080:        6.000        6.000        6.000        6.000        6.000
  1085:        6.000        6.000        6.000        6.000        6.000
  1090:        6.000        6.000        6.000        6.000        6.000
  1095:        6.000        6.000        6.000        6.000        6.000
  1100:        6.000        6.000        6.000        6.000        6.000
  1105:        6.000        6.000        6.000        6.000        6.000
  1110:        6.000        6.000        6.000        6.000        6.000
  1115:        6.000        6.000        6.000        6.000        6.000
  1120:        6.000        6.000        6.000        6.000        6.000
  1125:        6.000        6.000        6.000        6.000        6.000
  1130:        6.000        6.000        6.000        6.000        6.000
  1135:        6.000        6.000        6.000        6.000        6.000
  1140:        6.000        6.000        6.000        6.000        2.000
  1145:        4.000       22.000       24.000       12.000       13.000
  1150:        8.000        5.000       17.000        6.000       18.000
  1155:       14.000       10.000        6.000       19.000       11.000
  1160:        6.000        6.000        6.000        6.000        6.000
  1165:        6.000        6.000        6.000        6.000        6.000
  1170:        6.000        6.000        6.000        6.000        6.000
  1175:        6.000        6.000        6.000        6.000        6.000
  1180:        6.000        6.000        6.000        6.000        6.000
  1185:        6.000        6.000        6.000        6.000        6.000
  1190:        6.000        6.000        6.000        6.000        6.000
  1195:        6.000        6.000        6.000        6.000        6.000
  1200:        6.000        6.000        6.000        6.000        6.000
  1205:        6.000        6.000        6.000        6.000        6.000
  1210:        6.000        6.000        6.000        6.000        6.000
  1215:        6.000        6.000        6.000        6.000        6.000
  1220:        6.000        6.000        6.000        6.000        6.000
  1225:        6.000        6.000        6.000        6.000        6.000
  1230:        6.000        6.000        6.000        6.000        6.000
  1235:        6.000        6.000        6.000        6.000        6.000
  1240:        6.000        6.000        6.000        6.000        6.000
  1245:        6.000        6.000        6.000        6.000        6.000
  1250:        6.000        6.000        6.000        6.000        6.000
  1255:        6.000        6.000        6.000        6.000        6.000
  1260:        6.000        6.000        6.000        6.000        6.000
  1265:        6.000        6.000        6.000        6.000        6.000
  1270:        6.000        6.000        6.000        6.000        6.000
  1275:        6.000        6.000        6.000        6.000        6.000
  1280:        6.000        6.000        6.000        6.000        6.000
  1285:        6.000        6.000        6.000        6.000        6.000
  1290:        6.000        6.000        6.000        6.000        6.000
  1295:        6.000        6.000        6.000        6.000        6.000
  1300:        6.000        6.000        6.000        6.000        6.000
  1305:        6.000        6.000        6.000        6.000        6.000
  1310:        6.000        6.000        6.000        6.000        6.000
  1315:        6.000        6.000        6.000        6.000        6.000
  1320:        6.000        6.000        6.000        6.000        6.000
  1325:        6.000        6.000        6.000        6.000        6.000
  1330:        6.000        6.000        6.000        6.000        6.000
  1335:        6.000        6.000        6.000        6.000        6.000
  1340:        6.000        6.000        6.000        6.000        6.000
  1345:        6.000        6.000        6.000        6.000        6.000
  1350:        6.000        6.000        6.000        6.000        6.000
  1355:        6.000        6.000        6.000        6.000        6.000
  1360:        6.000        6.000        6.000        6.000        6.000
  1365:        6.000        6.000        6.000        6.000        6.000
  1370:        6.000        6.000        6.000        6.000        6.000
  1375:        6.000        6.000        6.000        6.000        6.000
  1380:        6.000        6.000        6.000        6.000        6.000
  1385:        6.000        6.000        6.000        6.000        6.000
  1390:        6.000        6.000        6.000        6.000        6.000
  1395:        2.000        4.000       22.000       24.000       12.000
  1400:       13.000        8.000        5.000       17.000        6.000
  1405:        6.000        6.000       18.000       14.000       10.000
  1410:        6.000       19.000       11.000        6.000        6.000
  1415:        6.000        6.000        6.000        6.000        6.000
  1420:        2.000        4.000       22.000       24.000       12.000
  1425:       13.000        8.000        5.000       17.000        6.000
  1430:       18.000       14.000       10.000        6.000        6.000
  1435:       19.000       11.000        2.000        4.000       22.000
  1440:       24.000       12.000       13.000        8.000        5.000
  1445:       17.000        6.000       18.000       14.000       10.000
  1450:       19.000       11.000        2.000        4.000       22.000
  1455:       24.000       12.000       13.000        8.000        5.000
  1460:       17.000       21.000       22.000       21.000       22.000
  1465:        6.000       18.000       14.000       10.000        6.000
  1470:        6.000        6.000       19.000       11.000        6.000
  1475:        6.000        6.000        2.000        4.000       22.000
  1480:       24.000       12.000       13.000        8.000        5.000
  1485:       17.000       21.000       22.000        6.000       18.000
  1490:       14.000       10.000       19.000       11.000        2.000
  1495:        4.000       22.000       24.000       12.000       13.000
  1500:        8.000        5.000       17.000        6.000       18.000
  1505:       14.000       10.000       19.000       11.000        6.000
  1510:        6.000        6.000        6.000        6.000        6.000
  1515:        1.000        6.000        6.000        6.000        6.000
  1520:        6.000        6.000        6.000        6.000        6.000
  1525:        6.000        6.000        6.000        6.000        6.000
  1530:        6.000        6.000        6.000        6.000        6.000
  1535:        6.000        6.000        6.000        6.000        6.000
  1540:        6.000        6.000        6.000        6.000        6.000
  1545:        6.000        6.000        6.000        6.000        6.000
  1550:        6.000        6.000        6.000        6.000        6.000
  1555:        6.000        6.000        6.000        6.000        6.000
  1560:        6.000        6.000        6.000        6.000        6.000
  1565:        6.000        6.000        6.000        6.000        6.000
  1570:        6.000        6.000        6.000        6.000        6.000
  1575:        6.000        6.000        6.000        6.000        6.000
  1580:        6.000        6.000        6.000        6.000        6.000
  1585:        6.000        6.000        6.000        6.000        6.000
  1590:        6.000        6.000        6.000        6.000        6.000
  1595:        6.000        6.000        6.000        6.000        6.000
  1600:        6.000        6.000        6.000        6.000        2.000
  1605:        4.000       22.000       24.000       12.000       13.000
  1610:        8.000        5.000       17.000        6.000       18.000
  1615:       14.000       10.000        6.000       19.000       11.000
  1620:        1.000        6.000        6.000        2.000        4.000
  1625:       22.000       24.000       12.000       13.000        8.000
  1630:        5.000       17.000        6.000       18.000        6.000
  1635:       14.000       10.000       19.000       11.000        6.000
  1640:        6.000        6.000        6.000        6.000        6.000
  1645:        6.000        6.000        6.000        6.000        6.000
  1650:        6.000        1.000        2.000        4.000       22.000
  1655:       24.000       12.000       13.000        8.000        5.000
  1660:       17.000       18.000       14.000       10.000       19.000
  1665:       11.000        2.000        4.000       22.000       24.000
  1670:       12.000       13.000        8.000        5.000       17.000
  1675:       18.000       14.000       10.000       19.000       11.000
  1680:        6.000        6.000        6.000        2.000        4.000
  1685:       22.000       24.000       12.000       13.000        8.000
  1690:        5.000       17.000        6.000       18.000       14.000
  1695:       10.000        6.000        6.000       19.000       11.000
  1700:        6.000        2.000        4.000       22.000       24.000
  1705:       12.000       13.000        8.000        5.000       17.000
  1710:        6.000       18.000       14.000       10.000       19.000
  1715:       11.000        2.000        4.000       22.000       24.000
  1720:       12.000       13.000        8.000        5.000       17.000
  1725:       21.000       22.000        6.000       18.000       14.000
  1730:       10.000       19.000       11.000        2.000        4.000
  1735:       22.000       24.000       12.000       13.000        8.000
  1740:        5.000       17.000       21.000       22.000       21.000
  1745:       22.000       21.000       22.000        6.000       18.000
  1750:       14.000       10.000       19.000       11.000        2.000
  1755:        4.000       22.000       24.000       12.000       13.000
  1760:        8.000        5.000       17.000        6.000       18.000
  1765:       14.000       10.000       19.000       11.000        1.000
  1770:        6.000        6.000        6.000        6.000        6.000
  1775:        6.000        6.000        6.000        6.000        6.000
  1780:        6.000        6.000        6.000        6.000        6.000
  1785:        6.000        6.000        6.000        6.000        6.000
  1790:        6.000        6.000        6.000        6.000        6.000
  1795:        6.000        6.000        6.000        6.000        6.000
  1800:        6.000        6.000        6.000        6.000        6.000
  1805:        6.000        6.000        6.000        6.000        6.000
  1810:        6.000        6.000        6.000        6.000        6.000
  1815:        6.000        6.000        6.000        6.000        6.000
  1820:        6.000        6.000        6.000        6.000        6.000
  1825:        6.000        6.000        6.000        6.000        6.000
  1830:        6.000        6.000        6.000        6.000        6.000
  1835:        6.000        6.000        6.000        6.000        6.000
  1840:        6.000        6.000        6.000        6.000        6.000
  1845:        6.000        6.000        6.000        6.000        6.000
  1850:        6.000        6.000        6.000        6.000        6.000
  1855:        6.000        6.000        6.000        6.000        6.000
  1860:        6.000        6.000        6.000        6.000        6.000
  1865:        6.000        6.000        6.000        6.000        6.000
  1870:        6.000        6.000        6.000        6.000        6.000
  1875:        6.000        6.000        6.000        6.000        6.000
  1880:        6.000        6.000        6.000        6.000        6.000
  1885:        6.000        6.000        6.000        6.000        6.000
  1890:        6.000        6.000        6.000        6.000        6.000
  1895:        6.000        6.000        6.000        6.000        6.000
  1900:        6.000        6.000        6.000        2.000        4.000
  1905:       22.000       24.000       12.000       13.000        8.000
  1910:        5.000       17.000       21.000       22.000       21.000
  1915:       22.000        6.000       18.000       14.000       10.000
  1920:        6.000        6.000        6.000       19.000       11.000
  1925:        6.000        6.000        6.000        6.000        6.000
  1930:        2.000        4.000       22.000       24.000       12.000
  1935:       13.000        8.000        5.000       17.000       21.000
  1940:       22.000        6.000       18.000       14.000       10.000
  1945:       19.000       11.000        6.000        6.000        6.000
  1950:        6.000        6.000        6.000        6.000        6.000
  1955:        6.000        6.000        6.000        6.000        2.000
  1960:        4.000       22.000       24.000       12.000       13.000
  1965:        8.000        5.000       17.000       18.000       14.000
  1970:       10.000       19.000       11.000        6.000        6.000
  1975:        6.000        6.000        6.000        6.000        6.000
  1980:        6.000        6.000        6.000        6.000        6.000
  1985:        6.000        6.000        6.000        6.000        6.000
  1990:        6.000        6.000        6.000        6.000        6.000
  1995:        6.000        6.000        6.000        6.000        6.000
  2000:        6.000        6.000        6.000        6.000        6.000
  2005:        6.000        6.000        6.000        6.000        6.000
  2010:        6.000        6.000        6.000        6.000        6.000
  2015:        6.000        6.000        6.000        6.000        6.000
  2020:        6.000        6.000        6.000        6.000        6.000
  2025:        6.000        6.000        6.000        6.000        6.000
  2030:        6.000        6.000        6.000        2.000        4.000
  2035:       22.000       24.000       12.000       13.000        8.000
  2040:        5.000       17.000       18.000        6.000       14.000
  2045:       10.000       19.000       11.000        6.000        6.000
  2050:        6.000        2.000        4.000       22.000       24.000
  2055:       12.000       13.000        8.000        5.000       17.000
  2060:       21.000       22.000        6.000       18.000       14.000
  2065:       10.000       19.000       11.000        1.000        1.000
  2070:        6.000        6.000        6.000        6.000        6.000
  2075:        6.000        6.000        6.000        6.000        6.000
  2080:        6.000        6.000        6.000        6.000        6.000
  2085:        6.000        6.000        6.000        6.000        6.000
  2090:        6.000        6.000        6.000        6.000        6.000
  2095:        6.000        6.000        6.000        6.000        6.000
  2100:        6.000        6.000        6.000      100.000
T:
     0:        0.000        0.000        0.000        0.000        7.880
     5:       56.520       56.520       56.520       56.530       56.530
    10:       56.530       56.530       56.530       56.530       57.210
    15:       57.210       59.050       60.530       61.530       61.530
    20:       63.530       63.650       63.910       65.010       66.520
    25:       66.530       69.090       71.770       71.770       71.770
    30:       71.780       71.780       71.780       71.780       71.780
    35:       71.780       72.190       72.190       72.570       75.780
    40:       76.340       76.340       76.780       76.780       78.930
    45:       81.580       81.770       81.780       82.170       82.210
    50:       82.300       82.360       83.830       84.940       84.940
    55:       84.940       84.950       84.950       84.950       84.950
    60:       84.950       84.950       85.200       85.200       85.430
    65:       85.430       86.700       88.950       89.660       89.720
    70:       89.950       89.950       94.310       94.310       94.940
    75:       94.950       95.760      143.440      144.040      144.800
    80:      144.880      146.670      147.610      148.590      148.690
    85:      148.970      149.450      155.730      168.750      168.830
    90:      169.820      216.410      216.410      216.410      216.420
    95:      216.420      216.420      216.420      216.420      216.420
   100:      217.080      217.640      217.690      218.080      218.110
   105:      218.590      219.140      219.330      219.930      220.420
   110:      220.690      220.880      220.980      221.100      221.190
   115:      221.420      221.420      226.120      226.410      226.420
   120:      232.400      240.170      240.170      240.170      240.180
   125:      240.180      240.180      240.180      240.180      240.180
   130:      241.700      244.180      245.180      245.180      245.590
   135:      245.590      246.410      250.170      250.180      264.740
   140:      264.740      264.740      264.750      264.750      264.750
   145:      264.750      264.750      264.750      266.440      268.750
   150:      269.750      269.750      274.740      274.750      287.680
   155:      618.250      618.400      694.700      694.770      694.790
   160:      695.260      695.790      696.100      696.310      696.430
   165:      696.460      696.510      696.640      696.740      696.870
   170:      697.010      697.850      698.100      698.230      698.710
   175:      699.010      699.240      699.370      699.500      699.690
   180:      699.820      700.050      700.120      700.160      700.450
   185:      705.940      706.070      706.120      710.780      711.080
   190:      715.320      734.050      735.260      735.450      736.260
   195:      745.860      749.840      750.640      750.860      751.270
   200:      751.590      754.160      754.430      754.720      754.940
   205:      754.960      755.030      755.250      757.050      757.200
   210:      758.890      758.970      759.120      761.450      761.590
   215:      761.970      762.000      762.130      764.460      766.440
   220:      766.480      805.560      805.900      808.120      808.280
   225:      808.360      808.390      809.390      811.730      811.930
   230:      812.320      812.770      813.350      813.390      814.280
   235:      814.430      817.070      817.670      817.700      818.250
   240:      818.320      818.350      818.600      818.720      819.330
   245:      819.710      819.770      822.000      823.030      823.200
   250:      823.650      823.970      824.060      824.350      824.390
   255:      824.570      831.810      833.560      835.040      835.530
   260:      836.040      841.080      850.450      851.430      851.750
   265:      851.780      852.130      852.280      852.380      852.520
   270:      852.790      853.900      853.920      854.430      855.920
   275:      856.100      859.940      878.750      888.860      895.840
   280:      896.110      897.440      898.920      899.160      899.270
   285:      899.450      902.120      902.320      902.370      902.550
   290:      903.130      907.160      907.190      909.460      917.640
   295:      917.890      918.190      918.570      918.830      919.270
   300:      928.110      932.690      932.750      934.160      934.660
   305:     1140.290     1209.910     1211.290     1211.370     1212.940
   310:     1213.300     1213.400     1213.710     1214.670     1214.980
   315:     1215.160     1216.790     1218.880     1219.200     1220.670
   320:     1220.860     1221.040     1221.120     1221.180     1221.260
   325:     1221.320     1222.100     1222.210     1222.330     1222.490
   330:     1222.720     1224.860     1226.640     1226.870     1227.250
   335:     1227.470     1227.530     1235.680     1236.030     1236.080
   340:     1236.180     1236.560     1242.980     1243.680     1245.290
   345:     1245.380     1245.480     1255.920     1256.210     1256.360
   350:     1257.450     1257.660     1257.860     1259.490     1259.680
   355:     1259.810     1260.010     1261.260     1263.030     1263.190
   360:     1274.660     1275.350     1277.270     1277.380     1277.460
   365:     1277.540     1277.610     1277.670     1278.390     1278.660
   370:     1280.860     1281.220     1281.430     1281.500     1281.630
   375:     1283.620     1283.900     1284.020     1284.130     1284.240
   380:     1290.360     1298.160     1298.200     1298.350     1298.520
   385:     1298.860     1298.960     1299.620     1299.790     1300.240
   390:     1300.760     1305.220     1305.920     1307.320     1307.980
   395:     1308.100     1309.410     1313.270     1315.490     1319.380
   400:     1322.070     1323.240     1323.410     1323.600     1323.690
   405:     1324.230     1324.400     1324.540     1324.680     1324.830
   410:     1325.280     1327.760     1329.910     1330.000     1330.160
   415:     1330.300     1336.420     1369.110     1375.950     1376.100
   420:     1394.620     1394.940     1395.240     1397.290     1398.340
   425:     1399.330     1418.720     1418.820     1420.800     1425.000
   430:     1425.080     1425.150     1425.870     1426.090     1428.270
   435:     1434.050     1495.980     1496.080     1496.760     1496.920
   440:     1496.950     1497.240     1497.500     1497.920     1497.950
   445:     1497.970     1503.840     1504.190     1504.840     1505.060
   450:     1508.250     1508.270     1511.370     1512.260     1513.860
   455:     1514.010     1516.220     1522.600     1522.910     1524.920
   460:     1527.250     1532.120     1532.640     1532.990     1534.530
   465:     1535.570     1535.650     1557.470     1559.280     1559.390
   470:     1559.630     1561.450     1565.670     1566.190     1567.680
   475:     1567.770     1567.800     1569.950     1573.670     1574.100
   480:     1574.370     1578.550     1582.940     1583.430     1583.570
   485:     1583.880     1583.990     1584.060     1585.740     1585.850
   490:     1585.970     1586.950     1589.170     1590.300     1590.560
   495:     1592.900     1593.250     1594.840     1595.120     1597.710
   500:     1597.860     1597.950     1598.500     1600.580     1603.950
   505:     1604.040     1604.890     1606.370     1606.470     1651.410
   510:     1655.120     1670.350     1670.520     1671.130     1672.050
   515:     1672.260     1674.150     1675.190     1687.650     1690.060
   520:     1690.060     1690.060     1690.070     1690.070     1690.070
   525:     1690.070     1690.070     1690.070     1690.300     1690.300
   530:     1691.220     1694.070     1695.070     1695.070     1699.300
   535:     1700.060     1700.070     1701.460     1713.040     1713.040
   540:     1713.040     1713.050     1713.050     1713.050     1713.050
   545:     1713.050     1713.050     1713.650     1717.050     1718.050
   550:     1718.050     1719.500     1719.630     1719.800     1721.580
   555:     1721.780     1721.810     1723.040     1723.050     1723.270
   560:     1737.250     1737.290     1740.410     1740.630     1741.060
   565:     1741.310     1741.630     1741.690     1741.830     1742.060
   570:     1743.900     1745.300     1745.490     1745.940     1746.040
   575:     1746.140     1746.220     1747.060     1749.120     1753.690
   580:     1755.240     1756.110     1759.220     1759.480     1759.950
   585:     1760.550     1760.810     1761.520     1761.600     1761.930
   590:     1762.310     1764.770     1765.270     1805.180     1805.410
   595:     1805.510     1805.630     1805.720     1807.460     1808.400
   600:     1808.510     1809.530     1809.550     1810.010     1816.080
   605:     1817.620     1820.830     1822.550     1830.820     1831.080
   610:     1831.140     1831.790     1832.010     1832.350     1832.490
   615:     1832.590     1832.750     1832.820     1841.030     1845.000
   620:     1848.700     1848.770     1849.180     1849.430     1858.850
   625:     1869.720     1869.810     1870.610     1870.770     1871.370
   630:     1871.680     1874.860     1875.140     1875.180     1886.730
   635:     1886.840     1912.780     1912.820     1913.360     1913.490
   640:     1913.540     1913.840     1914.360     1923.780     1923.910
   645:     1923.950     1924.130     1924.230     1924.280     1924.360
   650:     1924.420     2082.900     2096.060     2097.400     2097.740
   655:     2099.850     2100.110     2101.080     2101.190     2101.750
   660:     2101.870     2101.970     2102.050     2102.230     2102.280
   665:     2102.380     2102.800     2102.880     2102.950     2103.390
   670:     2103.730     2105.060     2105.940     2108.780     2108.830
   675:     2109.050     2109.330     2110.010     2111.910     2112.160
   680:     2113.370     2114.900     2114.930     2123.510     2124.420
   685:     2126.190     2175.140     2192.670     2192.670     2192.670
   690:     2192.680     2192.680     2192.680     2192.680     2192.680
   695:     2192.680     2194.920     2194.920     2196.480     2196.480
   700:     2196.680     2197.680     2197.680     2198.460     2200.560
   705:     2200.930     2201.040     2201.600     2201.820     2202.670
   710:     2202.680     2202.870     2202.870     2202.870     2202.880
   715:     2202.880     2202.880     2202.880     2202.880     2202.880
   720:     2206.880     2207.880     2207.880     2212.870     2212.880
   725:     2259.020     2293.020     2293.890     2313.700     2319.100
   730:     2319.100     2319.100     2319.110     2319.110     2319.110
   735:     2319.110     2319.110     2319.110     2320.910     2323.110
   740:     2324.110     2324.110     2324.550     2324.730     2324.890
   745:     2324.940     2325.200     2329.100     2329.110     2331.610
   750:     2331.610     2331.610     2331.620     2331.620     2331.620
   755:     2331.620     2331.620     2331.620     2335.620     2336.620
   760:     2336.620     2338.520     2338.520     2339.810     2341.610
   765:     2341.620     2345.630     2346.040     2421.890     2443.090
   770:     2443.090     2443.090     2443.100     2443.100     2443.100
   775:     2443.100     2443.100     2443.100     2444.980     2447.100
   780:     2448.100     2448.100     2448.530     2448.550     2451.960
   785:     2453.020     2453.090     2453.100     2453.450     2453.950
   790:     2454.500     2855.240     2855.830     3064.940     3068.010
   795:     3088.110     3090.120     3090.170     3092.610     3120.940
   800:     3152.830     3153.280     3158.270     3161.690     3161.690
   805:     3161.690     3161.700     3161.700     3161.700     3161.700
   810:     3161.700     3161.700     3162.650     3165.700     3166.700
   815:     3166.700     3168.730     3171.690     3171.700     3187.470
   820:     3188.300     3189.160     3190.050     3190.170     3190.600
   825:     3190.750     3191.620     3191.940     3192.150     3193.910
   830:     3199.360     3199.470     3199.610     3199.810     3199.980
   835:     3204.840     3204.900     3205.050     3208.560     3208.720
   840:     3209.070     3209.140     3209.580     3209.610     3209.930
   845:     3213.470     3214.600     3219.400     3222.260     3235.940
   850:     3241.180     3242.170     3242.290     3242.450     3243.140
   855:     3244.020     3244.930     3245.200     3246.210     3246.430
   860:     3246.490     3246.570     3249.140     3250.970     3321.880
   865:     3332.480     3332.760     3333.050     3333.560     3333.630
   870:     3334.610     3334.760     3334.860     3334.970     3336.490
   875:     3336.810     3336.870     3337.040     3337.130     3337.450
   880:     3339.610     3341.630     3341.820     3341.910     3341.950
   885:     3342.130     3342.920     3343.030     3343.140     3343.960
   890:     3344.010     3345.520     3346.430     3347.200     3348.890
   895:     3375.860     3376.970     3377.490     3377.630     3377.660
   900:     3377.710     3377.780     3377.970     3378.060     3380.720
   905:     3382.220     3382.730     3382.780     3382.830     3383.100
   910:     3383.490     3384.140     3384.170     3389.240     3389.280
   915:     3389.470     3430.670     3431.030     3431.070     3431.200
   920:     3431.770     3432.160     3432.320     3432.620     3433.870
   925:     3439.930     3440.170     3441.750     3441.860     3441.900
   930:     3441.990     3444.190     3444.810     3445.360     3445.450
   935:     3445.630     3449.460     3449.630     3450.650     3450.800
   940:     3452.000     3454.500     3455.160     3455.230     3456.690
   945:     3457.180     3457.230     3457.310     3457.430     3457.580
   950:     3458.390     3458.540     3458.680     3458.710     3458.810
   955:     3458.900     3459.150     3459.210     3459.280     3459.410
   960:     3459.540     3460.420     3462.830     3463.110     3463.220
   965:     3463.390     3463.770     3464.250     3465.120     3465.350
   970:     3465.570     3465.820     3466.140     3466.310     3466.640
   975:     3467.430     3467.600     3467.950     3469.480     3469.630
   980:     3472.600     3473.000     3474.560     3480.520     3482.660
   985:     3483.680     3484.350     3484.390     3484.490     3485.030
   990:     3485.190     3510.800     3512.450     3512.720     3514.600
   995:     3516.050     3517.730     3517.870     3517.990     3519.370
  1000:     3519.490     3520.150     3520.600     3751.300     3751.960
  1005:     3752.410     3753.160     3753.240     3753.290     3753.400
  1010:     3791.640     3791.640     3791.640     3791.650     3791.650
  1015:     3791.650     3791.650     3791.650     3791.650     3792.990
  1020:     3795.650     3796.650     3796.650     3797.800     3801.640
  1025:     3801.650     3802.180     3802.480     3806.140     3806.290
  1030:     3807.000     3807.210     3807.600     3809.220     3809.310
  1035:     3809.580     3827.580     3827.580     3827.580     3827.590
  1040:     3827.590     3827.590     3827.590     3827.590     3827.590
  1045:     3828.360     3831.590     3832.590     3832.590     3834.060
  1050:     3837.580     3837.590     3837.630     3839.150     3839.190
  1055:     3863.030     3889.360     3890.120     3890.280     3890.930
  1060:     3891.370     3891.480     3891.510     3892.180     3911.350
  1065:     3919.750     3923.750     3923.790     3923.810     3923.950
  1070:     3924.230     3930.330     3930.930     3931.220     3931.320
  1075:     3931.490     3931.620     3932.800     3932.890     3933.050
  1080:     3933.150     3935.980     3936.150     3936.420     3936.590
  1085:     3937.060     3937.220     3940.120     3940.180     3951.510
  1090:     3951.620     3953.140     3977.970     3978.210     3978.330
  1095:     3985.290     3985.360     4079.730     4080.180     4083.940
  1100:     4084.210     4084.490     4091.590     4093.450     4094.410
  1105:     4094.650     4095.240     4095.580     4095.840     4293.670
  1110:     4294.250     4295.970     4296.140     4296.240     4300.890
  1115:     4301.770     4303.420     4306.170     4306.840     4307.190
  1120:     4307.240     4307.670     4307.800     4307.900     4309.500
  1125:     4309.550     4309.650     4310.150     4310.300     4310.970
  1130:     4311.220     4311.340     4312.400     4314.070     4321.320
  1135:     4331.000     4331.100     4338.280     4340.840     4341.400
  1140:     4343.870     4345.730     4345.750     4345.940     4355.570
  1145:     4355.570     4355.570     4355.580     4355.580     4355.580
  1150:     4355.580     4355.580     4355.580     4356.430     4359.580
  1155:     4360.580     4360.580     4361.620     4365.570     4365.580
  1160:     4365.800     4366.900     4377.170     4379.980     4380.050
  1165:     4380.190     4388.930     4458.550     4460.580     4460.770
  1170:     4461.140     4462.040     4462.220     4462.450     4462.610
  1175:     4462.740     4462.810     4464.490     4464.560     4464.600
  1180:     4464.810     4464.860     4464.920     4465.180     4465.350
  1185:     4469.760     4479.090     4479.690     4490.020     4490.620
  1190:     4490.750     4491.190     4491.290     4491.720     4491.880
  1195:     4492.440     4492.860     4496.620     4496.810     4496.920
  1200:     4497.000     4497.170     4497.300     4497.390     4497.800
  1205:     4498.720     4500.060     4502.290     4502.370     4507.100
  1210:     4508.270     4508.620     4509.740     4510.720     4516.440
  1215:     4518.020     4518.090     4519.300     4519.360     4519.540
  1220:     4519.760     4522.310     4525.340     4525.870     4526.100
  1225:     4534.270     4548.680     4552.880     4553.160     4559.260
  1230:     4559.370     4559.430     4578.090     4579.450     4579.650
  1235:     4580.940     4581.890     4581.920     4582.830     4582.870
  1240:     4585.260     4587.490     4587.570     4587.820     4591.260
  1245:     4591.360     4591.790     4592.020     4592.090     4592.170
  1250:     4594.100     4594.250     4597.140     4597.990     4598.840
  1255:     4599.420     4599.710     4599.920     4600.210     4600.610
  1260:     4602.390     4602.680     4603.720     4606.700     4607.120
  1265:     4607.140     4607.500     4611.090     4611.550     4612.550
  1270:     4612.640     4614.740     4620.680     4624.420     4624.970
  1275:     4627.840     4628.660     4631.970     4636.040     4658.040
  1280:     4662.210     4663.360     4664.510     4664.570     4664.590
  1285:     4664.720     4665.100     4665.200     4665.320     4665.450
  1290:     4666.660     4668.550     4669.580     4669.640     4669.800
  1295:     4669.920     4670.880     4674.080     4676.080     4676.330
  1300:     4676.520     4676.680     4677.890     4677.980     4678.100
  1305:     4678.660     4678.750     4683.220     4683.240     4683.470
  1310:     4683.800     4683.920     4684.930     4684.970     4685.070
  1315:     4685.230     4685.350     4685.380     4685.480     4685.730
  1320:     4688.260     4689.120     4689.670     4692.840     4693.040
  1325:     4693.440     4697.500     4697.750     4700.180     4700.400
  1330:     4701.250     4702.890     4703.070     4704.900     4708.910
  1335:     4717.420     4719.890     4721.070     4722.580     4723.410
  1340:     4723.950     4724.760     4726.940     4730.670     4732.030
  1345:     4732.320     4736.180     4737.820     4737.890     4738.040
  1350:     4738.330     4738.700     4739.190     4739.360     4740.670
  1355:     4740.730     4743.020     4743.270     4743.670     4744.460
  1360:     4745.190     4746.360     4748.910     4749.680     4793.310
  1365:     4793.480     4793.520     4794.180     4806.630     4809.240
  1370:     4809.480     4810.670     4814.050     4814.570     4815.850
  1375:     4822.790     4822.970     4823.030     4823.130     4823.240
  1380:     4823.430     4826.630     4826.750     4829.750     4830.360
  1385:     4830.520     4830.740     4830.970     4831.350     4832.360
  1390:     4837.400     4837.420     4837.440     4837.610     4840.730
  1395:     4859.030     4859.030     4859.030     4859.040     4859.040
  1400:     4859.040     4859.040     4859.040     4859.040     4861.260
  1405:     4861.290     4861.420     4863.040     4864.040     4864.040
  1410:     4865.290     4869.030     4869.040     4873.720     4874.690
  1415:     4874.900     4879.000     4879.100     4880.890     4880.940
  1420:     4932.710     4932.710     4932.710     4932.720     4932.720
  1425:     4932.720     4932.720     4932.720     4932.720     4934.220
  1430:     4936.720     4937.720     4937.720     4937.840     4937.970
  1435:     4942.710     4942.720     4948.970     4948.970     4948.970
  1440:     4948.980     4948.980     4948.980     4948.980     4948.980
  1445:     4948.980     4950.070     4952.980     4953.980     4953.980
  1450:     4958.970     4958.980     4977.150     4977.150     4977.150
  1455:     4977.160     4977.160     4977.160     4977.160     4977.160
  1460:     4977.160     4977.250     4977.250     4977.540     4977.540
  1465:     4978.510     4981.160     4982.160     4982.160     4986.170
  1470:     4986.240     4986.310     4987.150     4987.160     4994.200
  1475:     4994.570     4994.720     5019.000     5019.000     5019.000
  1480:     5019.010     5019.010     5019.010     5019.010     5019.010
  1485:     5019.010     5019.810     5019.810     5020.600     5023.010
  1490:     5024.010     5024.010     5029.000     5029.010     5032.240
  1495:     5032.240     5032.240     5032.250     5032.250     5032.250
  1500:     5032.250     5032.250     5032.250     5032.860     5036.250
  1505:     5037.250     5037.250     5042.240     5042.250     5064.370
  1510:     5089.950     5112.520     5112.550     5132.480     5133.150
  1515:     5134.920     5148.230     5156.870     5158.450     5158.640
  1520:     5161.100     5161.410     5161.460     5167.450     5167.560
  1525:     5481.510     5488.270     5488.570     5490.790     5491.170
  1530:     5492.280     5492.360     5492.610     5492.820     5495.030
  1535:     5510.140     5519.490     5523.240     5535.080     5557.430
  1540:     5559.300     5559.560     5559.670     5560.070     5560.160
  1545:     5562.580     5571.120     5610.110     5623.730     5624.320
  1550:     5686.470     5688.090     5688.330     5689.390     5689.470
  1555:     5689.940     5689.990     5690.150     5690.620     5691.370
  1560:     5692.140     5692.160     5693.150     5715.050     5715.830
  1565:     5716.420     5716.920     5717.310     5754.520     5777.450
  1570:     5779.220     5814.500     5815.690     5816.830     5832.190
  1575:     5833.970     5834.950     5835.090     5835.250     5835.350
  1580:     5835.450     5837.840     5838.390     5838.530     5839.410
  1585:     5839.540     5839.850     5840.800     5840.990     5841.250
  1590:     5841.400     5841.540     5841.590     5841.680     5841.710
  1595:     5841.750     5844.540     5844.610     5845.820     5846.900
  1600:     5846.970     5847.130     5902.950     5913.010     6213.970
  1605:     6213.970     6213.970     6213.980     6213.980     6213.980
  1610:     6213.980     6213.980     6213.980     6214.420     6217.980
  1615:     6218.980     6218.980     6219.470     6223.970     6223.980
  1620:     6318.840     6323.830     6328.460     6342.100     6342.100
  1625:     6342.100     6342.110     6342.110     6342.110     6342.110
  1630:     6342.110     6342.110     6343.810     6346.110     6346.500
  1635:     6347.110     6347.110     6352.100     6352.110     6401.720
  1640:     6409.070     6410.200     6410.290     6410.320     6429.110
  1645:     6432.680     6432.930     6435.310     6442.580     6443.820
  1650:     6471.870     6481.000     6678.610     6678.610     6678.610
  1655:     6678.620     6678.620     6678.620     6678.620     6678.620
  1660:     6678.620     6682.620     6683.620     6683.620     6688.610
  1665:     6688.620     6874.360     6874.360     6874.360     6874.370
  1670:     6874.370     6874.370     6874.370     6874.370     6874.370
  1675:     6878.370     6879.370     6879.370     6884.360     6884.370
  1680:     6918.720     6919.090     6938.780     6946.710     6946.710
  1685:     6946.710     6946.720     6946.720     6946.720     6946.720
  1690:     6946.720     6946.720     6948.120     6950.720     6951.720
  1695:     6951.720     6953.880     6954.240     6956.710     6956.720
  1700:     6960.160     7026.730     7026.730     7026.730     7026.740
  1705:     7026.740     7026.740     7026.740     7026.740     7026.740
  1710:     7027.480     7030.740     7031.740     7031.740     7036.730
  1715:     7036.740     7106.750     7106.750     7106.750     7106.760
  1720:     7106.760     7106.760     7106.760     7106.760     7106.760
  1725:     7107.910     7107.910     7109.060     7110.760     7111.760
  1730:     7111.760     7116.750     7116.760     7142.650     7142.650
  1735:     7142.650     7142.660     7142.660     7142.660     7142.660
  1740:     7142.660     7142.660     7142.940     7142.940     7143.150
  1745:     7143.150     7145.120     7145.120     7145.800     7146.660
  1750:     7147.660     7147.660     7152.650     7152.660     7157.800
  1755:     7157.800     7157.800     7157.810     7157.810     7157.810
  1760:     7157.810     7157.810     7157.810     7158.750     7161.810
  1765:     7162.810     7162.810     7167.800     7167.810     7177.910
  1770:     7187.570     7201.550     7202.510     7203.220     7228.350
  1775:     7228.590     7235.920     7240.960     7241.570     7241.880
  1780:     7242.160     7247.340     7247.590     7247.820     7247.980
  1785:     7248.160     7263.740     7263.860     7264.280     7264.770
  1790:     7264.870     7267.670     7313.810     7315.820     7319.440
  1795:     7320.350     7320.460     7322.910     7323.090     7324.100
  1800:     7585.390     7656.530     7664.840     7739.840     7752.780
  1805:     7753.920     7879.380     8031.450     8033.530     8033.750
  1810:     8033.820     8034.470     8034.740     8036.650     8037.050
  1815:     8039.330     8039.350     8039.450     8039.820     8042.800
  1820:     8083.160     8084.760     8084.890     8087.060     8087.460
  1825:     8087.680     8088.330     8146.180     8146.270     8146.360
  1830:     8146.490     8150.830     8152.280     8152.380     8358.520
  1835:     8373.100     8394.210     8428.230     8429.380     8429.450
  1840:     8429.510     8433.940     8435.060     8435.860     8436.330
  1845:     8436.380     8436.420     8436.500     8436.750     8451.790
  1850:     8453.080     8453.300     8454.490     8461.570     8461.760
  1855:     8470.370     8549.450     8596.110     8596.210     8597.590
  1860:     8597.870     8599.720     8601.410     8601.450     8604.610
  1865:     8604.720     8605.270     8605.440     8606.110     8606.450
  1870:     8606.720     8606.940     8608.590     8609.460     8609.520
  1875:     8614.240     8616.300     8617.100     8618.130     8618.350
  1880:     8621.070     8624.990     8625.230     8626.320     8626.530
  1885:     8626.900     8627.190     8627.280     8629.470     8629.500
  1890:     8629.540     8629.690     8630.910     8631.660     8632.230
  1895:     8857.670     8858.330     8858.430     8863.010     8863.080
  1900:     8863.350     8866.810     8867.130     8909.480     8909.480
  1905:     8909.480     8909.490     8909.490     8909.490     8909.490
  1910:     8909.490     8909.490     8909.880     8909.880     8910.900
  1915:     8910.900     8912.010     8913.490     8914.490     8914.490
  1920:     8915.240     8916.740     8919.260     8919.480     8919.490
  1925:     8919.720     8921.760     8923.790     8924.070     8929.360
  1930:     8940.000     8940.000     8940.000     8940.010     8940.010
  1935:     8940.010     8940.010     8940.010     8940.010     8940.440
  1940:     8940.440     8941.410     8944.010     8945.010     8945.010
  1945:     8950.000     8950.010     9156.500     9180.970     9181.200
  1950:     9425.390     9440.580     9470.410     9473.550     9477.590
  1955:     9478.140     9479.280     9479.350     9479.870     9557.380
  1960:     9557.380     9557.380     9557.390     9557.390     9557.390
  1965:     9557.390     9557.390     9557.390     9561.390     9562.390
  1970:     9562.390     9567.380     9567.390     9567.830     9571.930
  1975:     9572.660     9663.400     9682.190     9682.320     9682.470
  1980:     9682.680     9682.830     9682.970     9685.700     9685.820
  1985:     9686.100     9686.280     9686.340     9686.420     9686.500
  1990:     9686.580     9689.350     9691.200     9691.810     9691.910
  1995:     9692.030     9692.120     9692.290     9692.450     9692.600
  2000:     9692.720     9694.400     9694.520     9695.980     9696.570
  2005:     9696.680     9696.780     9696.900     9697.070     9697.150
  2010:     9697.430     9697.620     9697.720     9697.850     9715.940
  2015:     9716.160     9719.000     9722.290     9722.640     9729.460
  2020:     9761.000     9762.630     9763.180     9766.010     9766.630
  2025:     9771.290     9771.590     9787.800     9800.840     9909.940
  2030:     9911.470     9911.620     9911.780     9931.290     9931.290
  2035:     9931.290     9931.300     9931.300     9931.300     9931.300
  2040:     9931.300     9931.300     9935.300     9936.220     9936.300
  2045:     9936.300     9941.290     9941.300     9960.720     9961.590
  2050:     9961.670     9968.490     9968.490     9968.490     9968.500
  2055:     9968.500     9968.500     9968.500     9968.500     9968.500
  2060:     9969.160     9969.160     9969.800     9972.500     9973.500
  2065:     9973.500     9978.490     9978.500    10012.050    10013.980
  2070:    10032.950    10032.980    10033.770    10034.680    10034.790
  2075:    10034.890    10034.920    10035.010    10038.810    10059.010
  2080:    10059.100    10059.180    10059.230    10097.030    10131.100
  2085:    10132.120    10182.830    10184.730    10184.920    10184.960
  2090:    10185.670    10188.380    10418.550    10491.160    10596.300
  2095:    10604.390    10606.030    10611.950    10636.130    10638.210
  2100:    10639.260    10639.290    10639.730    10800.000
