File: C:\MED-PC\Data\2024-11-14_16h40m_Subject 49.txt


Start Date: 11/14/24
End Date: 11/14/24
Subject: 49
Experiment: OralFentSA
Group: One
Box: 5
Start Time: 16:40:41
End Time: 19:39:14
MSN: Golden_Liq_SelfAdmin_EXT
F:       0.000
G:     907.000
H:   10367.610
I:       0.000
J:       0.000
K:       0.000
L:       0.000
M:       0.000
N:       0.000
O:       0.000
P:       0.000
Q:       0.000
R:       0.000
S:       0.000
U:       0.000
V:       0.000
W:       0.000
X:       0.000
Y:       0.000
Z:       0.000
A:
     0:        0.000        0.000      180.000        4.000        0.000
     5:        5.000        0.000        5.000        0.000        0.000
    10:        1.000        0.000       10.000   100000.000       25.000
    15:       19.000      600.000        0.000        0.000        0.000
    20:        0.000
B:
     0:        0.000        0.000        0.000        0.000        0.000
     5:        0.000        0.000        0.000        0.000        0.000
    10:        0.000        0.000     1000.000 10000000.000        0.000
    15:        0.000        0.000        0.000        0.000        0.000
    20:        0.000
C:
     0:        0.000       53.000       40.000       85.000      433.000
     5:    10074.210       30.650       36.000      908.850       25.246
    10:       85.000       40.000        0.000        0.000        0.000
    15:        0.000        0.000        0.000        0.000        0.000
    20:        0.000
D:
     0:       47.490        5.890       39.290       50.280        1.760
     5:       80.230      109.600       26.940        5.050        3.950
    10:        3.530       14.820        4.510       27.140        1.370
    15:       16.820       18.420       48.020       85.390        1.750
    20:       35.380        1.340        2.570       29.430       13.840
    25:        2.190       42.090        4.660       48.100       10.770
    30:       28.140       13.760        7.100       11.580       35.000
    35:       30.650
E:
     0:       19.000       11.000       26.000       27.000        6.000
     5:        6.000        6.000        6.000        6.000        6.000
    10:        6.000        6.000        6.000        6.000        6.000
    15:        6.000        1.000        2.000        4.000       22.000
    20:       24.000       12.000       21.000       22.000       19.000
    25:       11.000        6.000        6.000        6.000        2.000
    30:        4.000       22.000       24.000       12.000        6.000
    35:        6.000        6.000        6.000        6.000        6.000
    40:        6.000       19.000       11.000        6.000        6.000
    45:        6.000        6.000        6.000        2.000        4.000
    50:       22.000       24.000       12.000       21.000       22.000
    55:       20.000       19.000       11.000        2.000        4.000
    60:       22.000       24.000       12.000       19.000       11.000
    65:        6.000        6.000        6.000        6.000        2.000
    70:        4.000       22.000       24.000       12.000       19.000
    75:       11.000        1.000        6.000        1.000        6.000
    80:        6.000        6.000        6.000        6.000        6.000
    85:        2.000        4.000       22.000       24.000       12.000
    90:        6.000        6.000        6.000        6.000        6.000
    95:        6.000       19.000       11.000        2.000        4.000
   100:       22.000       24.000       12.000       21.000       22.000
   105:       19.000       11.000        6.000        6.000        6.000
   110:        6.000        6.000        2.000        4.000       22.000
   115:       24.000       12.000       19.000       11.000        2.000
   120:        4.000       22.000       24.000       12.000       19.000
   125:       11.000        2.000        4.000       22.000       24.000
   130:       12.000       19.000       11.000        6.000        6.000
   135:        6.000        6.000        6.000        6.000        6.000
   140:        6.000        6.000        2.000        4.000       22.000
   145:       24.000       12.000       19.000       11.000        2.000
   150:        4.000       22.000       24.000       12.000       21.000
   155:       22.000       19.000       11.000        6.000        6.000
   160:        6.000        6.000        6.000        1.000        2.000
   165:        4.000       22.000       24.000       12.000        6.000
   170:       19.000       11.000        6.000        6.000        6.000
   175:        6.000        6.000        6.000        6.000        6.000
   180:        6.000        6.000        6.000        6.000        6.000
   185:        6.000        6.000        6.000        6.000        6.000
   190:        6.000        6.000        6.000        6.000        6.000
   195:        6.000        2.000        4.000       22.000       24.000
   200:       12.000        6.000       19.000       11.000        6.000
   205:        6.000        6.000        6.000        6.000        2.000
   210:        4.000       22.000       24.000       12.000        6.000
   215:        6.000       19.000       11.000        2.000        4.000
   220:       22.000       24.000       12.000       21.000       22.000
   225:       19.000       11.000        6.000        6.000        6.000
   230:        6.000        6.000        6.000        6.000        6.000
   235:        6.000        6.000        6.000        6.000        6.000
   240:        6.000        6.000        6.000        2.000        4.000
   245:       22.000       24.000       12.000        6.000        6.000
   250:       19.000       11.000        6.000        6.000        6.000
   255:        6.000        6.000        6.000        6.000        6.000
   260:        6.000        2.000        4.000       22.000       24.000
   265:       12.000       19.000       11.000        6.000        6.000
   270:        6.000        1.000        1.000        1.000        6.000
   275:        6.000        6.000        2.000        4.000       22.000
   280:       24.000       12.000        6.000        6.000        6.000
   285:        6.000       19.000       11.000        6.000        6.000
   290:        2.000        4.000       22.000       24.000       12.000
   295:       19.000       11.000        1.000        6.000        6.000
   300:        6.000        6.000        6.000        6.000        6.000
   305:        1.000        1.000        1.000        6.000        2.000
   310:        4.000       22.000       24.000       12.000       19.000
   315:       11.000        6.000        6.000        1.000        6.000
   320:        6.000        6.000        6.000        6.000        6.000
   325:        6.000        6.000        6.000        6.000        6.000
   330:        6.000        6.000        6.000        6.000        6.000
   335:        2.000        4.000       22.000       24.000       12.000
   340:       19.000       11.000        6.000        6.000        6.000
   345:        1.000        1.000        1.000        6.000        2.000
   350:        4.000       22.000       24.000       12.000       19.000
   355:       11.000        2.000        4.000       22.000       24.000
   360:       12.000       20.000       19.000       11.000        6.000
   365:        6.000        6.000        6.000        6.000        6.000
   370:        6.000        6.000        6.000        6.000        6.000
   375:        6.000        6.000        6.000        2.000        4.000
   380:       22.000       24.000       12.000        6.000       19.000
   385:       11.000        1.000        1.000        6.000        2.000
   390:        4.000       22.000       24.000       12.000       19.000
   395:       11.000        2.000        4.000       22.000       24.000
   400:       12.000       19.000       11.000        6.000        6.000
   405:        6.000        6.000        6.000        6.000        2.000
   410:        4.000       22.000       24.000       12.000        6.000
   415:       19.000       11.000        1.000        6.000        6.000
   420:        6.000        6.000        6.000        2.000        4.000
   425:       22.000       24.000       12.000       21.000       22.000
   430:       19.000       11.000        2.000        4.000       22.000
   435:       24.000       12.000        6.000        6.000        6.000
   440:        6.000        6.000       19.000       11.000        6.000
   445:        6.000        6.000        1.000        6.000        6.000
   450:        6.000        6.000        6.000        6.000        6.000
   455:        6.000        6.000        6.000        6.000        6.000
   460:        6.000        6.000        6.000        1.000        2.000
   465:        4.000       22.000       24.000       12.000       19.000
   470:       11.000        6.000        6.000        6.000        6.000
   475:        6.000        6.000        6.000        6.000        6.000
   480:        6.000        6.000        6.000        6.000        6.000
   485:        6.000        6.000        6.000        6.000        6.000
   490:        6.000        6.000        6.000        6.000        6.000
   495:        6.000        6.000        6.000        6.000        6.000
   500:        6.000        6.000        6.000        6.000        6.000
   505:        6.000        6.000        6.000        6.000        6.000
   510:        6.000        6.000        6.000        6.000        6.000
   515:        6.000        2.000        4.000       22.000       24.000
   520:       12.000       19.000       11.000        6.000        6.000
   525:        1.000        1.000        1.000        6.000        6.000
   530:        6.000        2.000        4.000       22.000       24.000
   535:       12.000       19.000       11.000        2.000        4.000
   540:       22.000       24.000       12.000        6.000        6.000
   545:        6.000       19.000       11.000        6.000        6.000
   550:        6.000        6.000        6.000        6.000        6.000
   555:        6.000        6.000        6.000        6.000        6.000
   560:        6.000        6.000        6.000        6.000        6.000
   565:        6.000        6.000        2.000        4.000       22.000
   570:       24.000       12.000       19.000       11.000        2.000
   575:        4.000       22.000       24.000       12.000       19.000
   580:       11.000        6.000        6.000        6.000        6.000
   585:        6.000        6.000        6.000        6.000        6.000
   590:        6.000        6.000        6.000        6.000        6.000
   595:        6.000        6.000        6.000        6.000        6.000
   600:        6.000        6.000        6.000        6.000        6.000
   605:        6.000        6.000        6.000        6.000        2.000
   610:        4.000       22.000       24.000       12.000        6.000
   615:       19.000       11.000        6.000        6.000        1.000
   620:        6.000        6.000        6.000        6.000        6.000
   625:        6.000        6.000        6.000        6.000        2.000
   630:        4.000       22.000       24.000       12.000       21.000
   635:       22.000       19.000       11.000        6.000        6.000
   640:        6.000        6.000        6.000        6.000        6.000
   645:        6.000        6.000        6.000        6.000        6.000
   650:        6.000        6.000        6.000        6.000        6.000
   655:        6.000        6.000        2.000        4.000       22.000
   660:       24.000       12.000       21.000       22.000       21.000
   665:       22.000       21.000       22.000       21.000       22.000
   670:       21.000       22.000       21.000       22.000       21.000
   675:       22.000       21.000       22.000       21.000       22.000
   680:       19.000       11.000        2.000        4.000       22.000
   685:       24.000       12.000       21.000       22.000       21.000
   690:       22.000       19.000       11.000        6.000        6.000
   695:        6.000        6.000        6.000        6.000        6.000
   700:        1.000        1.000        1.000        1.000        1.000
   705:        1.000        1.000        1.000        6.000        6.000
   710:        6.000        6.000        6.000        2.000        4.000
   715:       22.000       24.000       12.000       21.000       22.000
   720:       19.000       11.000        2.000        4.000       22.000
   725:       24.000       12.000       21.000       22.000       19.000
   730:       11.000        6.000        6.000        6.000        6.000
   735:        6.000        6.000        6.000        1.000        1.000
   740:        1.000        6.000        6.000        6.000        6.000
   745:        6.000        6.000        6.000        6.000        6.000
   750:        6.000        6.000        6.000        6.000        6.000
   755:        6.000        6.000        6.000        6.000        6.000
   760:        6.000        6.000        6.000        6.000        6.000
   765:        6.000        1.000        2.000        4.000       22.000
   770:       24.000       12.000       19.000       11.000        6.000
   775:        6.000        6.000        6.000        6.000        6.000
   780:        6.000        6.000        6.000        6.000        2.000
   785:        4.000       22.000       24.000       12.000       21.000
   790:       22.000       21.000       22.000        6.000       19.000
   795:       11.000        6.000        6.000        2.000        4.000
   800:       22.000       24.000       12.000       21.000       22.000
   805:       21.000       22.000       19.000       11.000        6.000
   810:        6.000        6.000        6.000        6.000        6.000
   815:        6.000        6.000        6.000        6.000        1.000
   820:        1.000        6.000        6.000        6.000        6.000
   825:        2.000        4.000       22.000       24.000       12.000
   830:       19.000       11.000        2.000        4.000       22.000
   835:       24.000       12.000       21.000       22.000       19.000
   840:       11.000        2.000        4.000       22.000       24.000
   845:       12.000       21.000       22.000       21.000       22.000
   850:       21.000       22.000       19.000       11.000        2.000
   855:        4.000       22.000       24.000       12.000       21.000
   860:       22.000       19.000       11.000        2.000        4.000
   865:       22.000       24.000       12.000       21.000       22.000
   870:       21.000       22.000       21.000       22.000       19.000
   875:       11.000        6.000        6.000        6.000        6.000
   880:        6.000        6.000        6.000        6.000        6.000
   885:        6.000        6.000        6.000        6.000        6.000
   890:        2.000        4.000       22.000       24.000       12.000
   895:       19.000       11.000        6.000        2.000        4.000
   900:       22.000       24.000       12.000       21.000       22.000
   905:       19.000       11.000
T:
     0:        0.000        0.000        0.000        0.000       14.280
     5:       46.860       47.270       48.780       52.140       53.290
    10:       59.070       59.310       91.860       95.080      126.630
    15:      127.020      141.380      147.390      147.390      147.390
    20:      147.400      147.400      150.760      150.760      157.390
    25:      157.400      194.890      195.160      222.710      229.830
    30:      229.830      229.830      229.840      229.840      235.730
    35:      235.800      236.190      236.300      236.830      238.390
    40:      238.560      239.830      239.840      239.840      240.100
    45:      247.360      247.770      248.420      275.300      275.300
    50:      275.300      275.310      275.310      275.910      275.910
    55:      282.290      285.300      285.310      289.430      289.430
    60:      289.430      289.440      289.440      299.430      299.440
    65:      328.730      329.800      330.890      333.130      342.250
    70:      342.250      342.250      342.260      342.260      352.250
    75:      352.260      379.220      392.540      399.990      415.870
    80:      443.710      443.930      444.110      444.980      445.160
    85:      453.020      453.020      453.020      453.030      453.030
    90:      454.790      454.870      455.070      455.210      455.580
    95:      456.550      463.020      463.030      473.060      473.060
   100:      473.060      473.070      473.070      478.780      478.780
   105:      483.060      483.070      553.300      554.690      554.790
   110:      567.700      568.180      570.780      570.780      570.780
   115:      570.790      570.790      580.780      580.790      640.680
   120:      640.680      640.680      640.690      640.690      650.680
   125:      650.690      654.620      654.620      654.620      654.630
   130:      654.630      664.620      664.630      764.230      767.240
   135:      859.590      859.780      861.000      861.110      861.250
   140:      861.360      861.560      894.140      894.140      894.140
   145:      894.150      894.150      904.140      904.150      908.370
   150:      908.370      908.370      908.380      908.380      908.630
   155:      908.630      918.370      918.380      935.320      935.550
   160:      959.430      959.620      960.820      992.320     1012.390
   165:     1012.390     1012.390     1012.400     1012.400     1017.450
   170:     1022.390     1022.400     1047.020     1047.190     1075.180
   175:     1077.270     1090.580     1092.310     1094.840     1096.330
   180:     1110.170     1110.240     1149.040     1149.340     1191.780
   185:     1192.440     1195.200     1197.530     1199.850     1206.020
   190:     1206.650     1207.960     1268.270     1269.170     1271.970
   195:     1273.430     1301.870     1301.870     1301.870     1301.880
   200:     1301.880     1305.830     1311.870     1311.880     1324.260
   205:     1324.770     1325.120     1326.640     1326.780     1342.060
   210:     1342.060     1342.060     1342.070     1342.070     1345.600
   215:     1345.790     1352.060     1352.070     1377.010     1377.010
   220:     1377.010     1377.020     1377.020     1379.490     1379.490
   225:     1387.010     1387.020     1391.840     1589.030     1590.050
   230:     1619.750     1620.160     1620.350     1669.290     1669.510
   235:     1728.450     1737.550     1756.250     1758.680     1758.840
   240:     1891.820     1892.830     1895.020     1917.400     1917.400
   245:     1917.400     1917.410     1917.410     1921.920     1923.660
   250:     1927.400     1927.410     2024.290     2057.070     2057.420
   255:     2059.550     2142.240     2142.380     2142.580     2285.970
   260:     2286.150     2426.050     2426.050     2426.050     2426.060
   265:     2426.060     2436.050     2436.060     2453.200     2453.710
   270:     2454.910     2513.160     2513.390     2513.480     2588.200
   275:     2588.270     2590.220     2600.770     2600.770     2600.770
   280:     2600.780     2600.780     2602.150     2606.480     2606.710
   285:     2607.280     2610.770     2610.780     2686.120     2687.760
   290:     2698.490     2698.490     2698.490     2698.500     2698.500
   295:     2708.490     2708.500     2712.320     2715.320     2715.470
   300:     2872.630     2873.870     2889.960     2891.080     2892.580
   305:     2954.050     2972.550     2974.800     2979.260     3026.290
   310:     3026.290     3026.290     3026.300     3026.300     3036.290
   315:     3036.300     3044.720     3045.330     3078.930     3090.650
   320:     3143.040     3266.010     3284.960     3286.680     3286.750
   325:     3289.880     3290.030     3290.470     3291.300     3291.850
   330:     3416.290     3419.460     3422.150     3423.390     3425.840
   335:     3480.500     3480.500     3480.500     3480.510     3480.510
   340:     3490.500     3490.510     3528.530     3528.770     3528.870
   345:     3545.620     3546.290     3546.660     3555.950     3564.610
   350:     3564.610     3564.610     3564.620     3564.620     3574.610
   355:     3574.620     3579.190     3579.190     3579.190     3579.200
   360:     3579.200     3587.950     3589.190     3589.200     3664.590
   365:     3676.550     3681.240     3681.390     3681.930     3926.910
   370:     3928.480     3935.990     3940.720     3944.470     3945.410
   375:     3967.160     3967.330     3972.000     4015.790     4015.790
   380:     4015.790     4015.800     4015.800     4017.550     4025.790
   385:     4025.800     4108.180     4108.470     4143.130     4161.660
   390:     4161.660     4161.660     4161.670     4161.670     4171.660
   395:     4171.670     4175.330     4175.330     4175.330     4175.340
   400:     4175.340     4185.330     4185.340     4210.720     4212.700
   405:     4213.710     4240.240     4241.150     4241.340     4275.500
   410:     4275.500     4275.500     4275.510     4275.510     4276.850
   415:     4285.500     4285.510     4318.550     4415.620     4415.770
   420:     4415.920     4422.800     4425.470     4446.640     4446.640
   425:     4446.640     4446.650     4446.650     4447.640     4447.640
   430:     4456.640     4456.650     4516.300     4516.300     4516.300
   435:     4516.310     4516.310     4518.880     4520.600     4520.940
   440:     4523.940     4524.150     4526.300     4526.310     4545.540
   445:     4545.700     4548.480     4670.010     4675.680     4676.130
   450:     4678.050     4678.770     4735.230     4746.320     4754.150
   455:     4755.220     4756.260     4756.320     4757.700     4763.540
   460:     4763.680     4827.200     4828.560     4863.200     4873.240
   465:     4873.240     4873.240     4873.250     4873.250     4883.240
   470:     4883.250     4902.680     4903.190     4993.850     4993.950
   475:     4994.690     4997.660     5002.450     5003.030     5007.340
   480:     5007.370     5007.650     5007.670     5009.030     5020.620
   485:     5020.970     5021.560     5026.390     5027.850     5060.950
   490:     5061.520     5066.400     5066.670     5090.470     5091.100
   495:     5094.070     5094.480     5099.860     5099.900     5099.990
   500:     5100.050     5100.100     5100.230     5103.480     5103.650
   505:     5103.850     5104.400     5319.430     5319.830     5320.000
   510:     5320.520     5320.730     5321.110     5321.660     5325.780
   515:     5327.020     5353.630     5353.630     5353.630     5353.640
   520:     5353.640     5363.630     5363.640     5367.480     5516.610
   525:     5542.770     5591.020     5591.630     5639.810     5642.610
   530:     5644.120     5651.410     5651.410     5651.410     5651.420
   535:     5651.420     5661.410     5661.420     5678.220     5678.220
   540:     5678.220     5678.230     5678.230     5680.420     5688.090
   545:     5688.130     5688.220     5688.230     5689.690     5717.240
   550:     5719.450     5777.280     5812.480     5814.480     5814.970
   555:     5815.210     5815.630     5871.390     5871.550     5880.020
   560:     5881.680     5882.740     5981.780     5985.080     5985.940
   565:     6041.280     6042.550     6120.400     6120.400     6120.400
   570:     6120.410     6120.410     6130.400     6130.410     6133.020
   575:     6133.020     6133.020     6133.030     6133.030     6143.020
   580:     6143.030     6175.120     6241.180     6241.450     6274.390
   585:     6274.570     6276.220     6278.060     6280.670     6281.670
   590:     6284.710     6357.510     6357.720     6371.350     6707.810
   595:     6709.930     6710.190     6710.840     6711.010     6711.090
   600:     6711.200     6711.450     6711.590     6711.770     6715.080
   605:     6722.840     6724.500     6732.450     6741.610     6753.740
   610:     6753.740     6753.740     6753.750     6753.750     6758.410
   615:     6763.740     6763.750     6809.880     6810.000     6819.870
   620:     6835.260     6835.330     6835.460     6837.860     6840.620
   625:     6856.200     6857.160     6858.350     6858.520     6861.510
   630:     6861.510     6861.510     6861.520     6861.520     6864.970
   635:     6864.970     6871.510     6871.520     6909.620     6909.730
   640:     6910.330     6970.170     6971.420     6984.370     6984.570
   645:     6989.660     7002.670     7003.080     7006.940     7015.590
   650:     7016.910     7020.080     7021.080     7021.480     7021.540
   655:     7022.700     7023.090     7030.300     7030.300     7030.300
   660:     7030.310     7030.310     7032.060     7032.060     7032.370
   665:     7032.370     7032.720     7032.720     7033.090     7033.090
   670:     7034.220     7034.220     7034.620     7034.620     7035.680
   675:     7035.680     7036.310     7036.310     7036.560     7036.560
   680:     7040.300     7040.310     7090.940     7090.940     7090.940
   685:     7090.950     7090.950     7098.040     7098.040     7098.730
   690:     7098.730     7100.940     7100.950     7101.720     7102.120
   695:     7102.840     7113.270     7115.400     7120.630     7121.970
   700:     7133.380     7134.170     7134.920     7135.110     7145.120
   705:     7145.850     7146.010     7149.890     7222.480     7223.990
   710:     7224.260     7224.670     7224.700     7226.590     7226.590
   715:     7226.590     7226.600     7226.600     7233.960     7233.960
   720:     7236.590     7236.600     7237.770     7237.770     7237.770
   725:     7237.780     7237.780     7239.710     7239.710     7247.770
   730:     7247.780     7265.920     7267.110     7302.910     7303.070
   735:     7303.180     7303.280     7310.280     7326.820     7328.030
   740:     7343.680     7353.100     7353.580     7354.340     7559.180
   745:     7560.890     7577.430     7577.650     7578.580     7583.620
   750:     7583.720     7584.800     7607.430     7612.220     7612.380
   755:     7612.730     7675.200     7675.650     7675.730     7675.940
   760:     7682.080     8011.270     8012.630     8012.750     8012.810
   765:     8012.980     8174.100     8204.260     8204.260     8204.260
   770:     8204.270     8204.270     8214.260     8214.270     8218.030
   775:     8218.840     8219.110     8288.300     8289.060     8289.230
   780:     8289.320     8290.300     8292.070     8292.980     8347.710
   785:     8347.710     8347.710     8347.720     8347.720     8349.460
   790:     8349.460     8351.310     8351.310     8354.820     8357.710
   795:     8357.720     8378.160     8378.650     8405.640     8405.640
   800:     8405.640     8405.650     8405.650     8406.100     8406.100
   805:     8409.130     8409.130     8415.640     8415.650     8417.230
   810:     8417.280     8499.860     8500.710     8555.020     8555.660
   815:     8556.260     9157.530     9161.040     9161.940     9180.590
   820:     9182.690     9189.840     9191.900     9234.480     9237.500
   825:     9257.210     9257.210     9257.210     9257.220     9257.220
   830:     9267.210     9267.220     9277.050     9277.050     9277.050
   835:     9277.060     9277.060     9279.730     9279.730     9287.050
   840:     9287.060     9337.430     9337.430     9337.430     9337.440
   845:     9337.440     9338.340     9338.340     9342.720     9342.720
   850:     9345.820     9345.820     9347.430     9347.440     9348.350
   855:     9348.350     9348.350     9348.360     9348.360     9355.730
   860:     9355.730     9358.350     9358.360     9358.860     9358.860
   865:     9358.860     9358.870     9358.870     9359.140     9359.140
   870:     9359.720     9359.720     9360.040     9360.040     9368.860
   875:     9368.870     9393.870     9538.080     9538.910     9863.540
   880:     9864.670     9864.750     9864.980     9865.410     9868.260
   885:     9872.000     9874.500     9876.220     9902.420     9974.530
   890:     9979.630     9979.630     9979.630     9979.640     9979.640
   895:     9989.630     9989.640    10010.290    10074.200    10074.200
   900:    10074.200    10074.210    10074.210    10075.550    10075.550
   905:    10084.200    10084.210
