File: C:\MED-PC\Data\2024-11-20_16h01m_Subject 50.txt


Start Date: 11/20/24
End Date: 11/20/24
Subject: 50
Experiment: OralFentSA
Group: One
Box: 6
Start Time: 16:01:42
End Time: 18:49:48
MSN: Golden_Liq_SelfAdmin_EXT
F:       0.000
G:     825.000
H:   10067.870
I:       0.000
J:       0.000
K:       0.000
L:       0.000
M:       0.000
N:       0.000
O:       0.000
P:       0.000
Q:       0.000
R:       0.000
S:       0.000
U:       0.000
V:       0.000
W:       0.000
X:       0.000
Y:       0.000
Z:       0.000
A:
     0:        0.000        0.000      180.000        4.000        0.000
     5:        5.000        0.000        5.000        0.000        0.000
    10:        1.000        0.000       10.000   100000.000       26.600
    15:       23.000      600.000        0.000        0.000        0.000
    20:        0.000
B:
     0:        0.000        0.000        0.000        0.000        0.000
     5:        0.000        0.000        0.000        0.000        0.000
    10:        0.000        0.000     1000.000 10000000.000        0.000
    15:        0.000        0.000        0.000        0.000        0.000
    20:        0.000
C:
     0:        0.000       61.000       51.000       83.000      304.000
     5:    10000.640      113.960       43.000     2209.680       51.388
    10:       83.000       51.000        0.000        0.000        0.000
    15:        0.000        0.000        0.000        0.000        0.000
    20:        0.000
D:
     0:       39.590       36.050        8.490      148.200       10.440
     5:        6.060       17.230      112.840       10.060       18.580
    10:       14.250      214.640       74.310       51.530       11.040
    15:       28.700      101.030       33.270        3.100        7.710
    20:       36.600       50.500      104.890       47.390       26.200
    25:       46.410       70.260        7.360       37.240        1.550
    30:       16.250        7.960        6.660      246.150       66.460
    35:       73.940        3.390       20.380       80.130       20.890
    40:      145.950       32.040      113.960
E:
     0:       19.000       11.000       26.000       27.000        6.000
     5:        2.000        4.000       22.000       24.000       12.000
    10:       19.000       11.000        2.000        4.000       22.000
    15:       24.000       12.000       19.000       11.000        2.000
    20:        4.000       22.000       24.000       12.000       19.000
    25:       11.000        2.000        4.000       22.000       24.000
    30:       12.000       19.000       11.000        1.000        6.000
    35:        6.000        6.000        6.000        6.000        6.000
    40:        2.000        4.000       22.000       24.000       12.000
    45:       19.000       11.000        6.000        1.000        2.000
    50:        4.000       22.000       24.000       12.000       21.000
    55:       22.000        6.000        6.000       19.000       11.000
    60:        6.000        6.000        6.000        6.000        6.000
    65:        2.000        4.000       22.000       24.000       12.000
    70:       21.000       22.000       19.000       11.000        6.000
    75:        2.000        4.000       22.000       24.000       12.000
    80:       19.000       11.000        6.000        6.000        6.000
    85:        6.000        6.000        6.000        6.000        1.000
    90:        1.000        1.000        6.000        6.000        6.000
    95:        2.000        4.000       22.000       24.000       12.000
   100:       19.000       11.000        2.000        4.000       22.000
   105:       24.000       12.000        6.000       19.000       11.000
   110:        2.000        4.000       22.000       24.000       12.000
   115:       19.000       11.000        6.000        6.000        6.000
   120:        6.000        6.000        6.000        6.000        6.000
   125:        6.000        6.000        6.000        6.000        6.000
   130:        6.000        6.000        6.000        6.000        1.000
   135:        1.000        2.000        4.000       22.000       24.000
   140:       12.000       19.000       11.000        1.000        1.000
   145:        1.000        6.000        2.000        4.000       22.000
   150:       24.000       12.000       21.000       22.000       19.000
   155:       11.000        6.000        6.000        6.000        6.000
   160:        6.000        2.000        4.000       22.000       24.000
   165:       12.000       19.000       11.000        1.000        2.000
   170:        4.000       22.000       24.000       12.000       21.000
   175:       22.000       19.000       11.000        2.000        4.000
   180:       22.000       24.000       12.000       21.000       22.000
   185:       21.000       22.000       19.000       11.000        6.000
   190:        6.000        2.000        4.000       22.000       24.000
   195:       12.000       19.000       11.000        6.000        6.000
   200:        1.000        1.000        6.000        6.000        6.000
   205:        6.000        6.000        6.000        1.000        6.000
   210:        6.000        6.000        1.000        6.000        6.000
   215:        2.000        4.000       22.000       24.000       12.000
   220:       19.000       11.000        1.000        6.000        6.000
   225:        6.000        6.000        2.000        4.000       22.000
   230:       24.000       12.000       19.000       11.000        2.000
   235:        4.000       22.000       24.000       12.000       19.000
   240:       11.000        1.000        2.000        4.000       22.000
   245:       24.000       12.000       19.000       11.000        6.000
   250:        6.000        2.000        4.000       22.000       24.000
   255:       12.000       21.000       22.000       19.000       11.000
   260:        6.000        6.000        6.000        6.000        1.000
   265:        2.000        4.000       22.000       24.000       12.000
   270:       19.000       11.000        6.000        6.000        2.000
   275:        4.000       22.000       24.000       12.000       21.000
   280:       22.000       19.000       11.000        6.000        6.000
   285:        6.000        2.000        4.000       22.000       24.000
   290:       12.000       21.000       22.000       19.000       11.000
   295:        6.000        6.000        1.000        6.000        6.000
   300:        1.000        1.000        6.000        2.000        4.000
   305:       22.000       24.000       12.000       19.000       11.000
   310:        1.000        2.000        4.000       22.000       24.000
   315:       12.000       21.000       22.000       19.000       11.000
   320:        6.000        6.000        6.000        6.000        6.000
   325:        6.000        2.000        4.000       22.000       24.000
   330:       12.000        6.000       19.000       11.000        6.000
   335:        6.000        6.000        6.000        6.000        6.000
   340:        6.000        6.000        1.000        2.000        4.000
   345:       22.000       24.000       12.000       19.000       11.000
   350:        2.000        4.000       22.000       24.000       12.000
   355:       21.000       22.000        6.000        6.000       19.000
   360:       11.000        6.000        6.000        2.000        4.000
   365:       22.000       24.000       12.000       21.000       22.000
   370:       21.000       22.000       19.000       11.000        2.000
   375:        4.000       22.000       24.000       12.000       21.000
   380:       22.000       19.000       11.000        2.000        4.000
   385:       22.000       24.000       12.000       19.000       11.000
   390:        1.000        2.000        4.000       22.000       24.000
   395:       12.000       20.000       19.000       11.000        1.000
   400:        6.000        6.000        6.000        6.000        6.000
   405:        6.000        6.000        1.000        1.000        1.000
   410:        1.000        6.000        6.000        6.000        6.000
   415:        6.000        6.000        6.000        2.000        4.000
   420:       22.000       24.000       12.000       19.000       11.000
   425:        6.000        6.000        6.000        6.000        6.000
   430:        1.000        2.000        4.000       22.000       24.000
   435:       12.000       19.000       11.000        1.000        6.000
   440:        6.000        6.000        6.000        6.000        6.000
   445:        1.000        2.000        4.000       22.000       24.000
   450:       12.000       19.000       11.000        6.000        6.000
   455:        6.000        6.000        6.000        6.000        1.000
   460:        1.000        6.000        6.000        2.000        4.000
   465:       22.000       24.000       12.000       21.000       22.000
   470:       19.000       11.000        6.000        6.000        6.000
   475:        6.000        6.000        6.000        6.000        6.000
   480:        6.000        6.000        1.000        2.000        4.000
   485:       22.000       24.000       12.000       19.000       11.000
   490:        6.000        2.000        4.000       22.000       24.000
   495:       12.000       21.000       22.000       19.000       11.000
   500:        6.000        6.000        6.000        6.000        2.000
   505:        4.000       22.000       24.000       12.000        6.000
   510:       19.000       11.000        6.000        6.000        6.000
   515:        6.000        6.000        6.000        1.000        2.000
   520:        4.000       22.000       24.000       12.000       21.000
   525:       22.000       19.000       11.000        6.000        6.000
   530:        6.000        6.000        6.000        2.000        4.000
   535:       22.000       24.000       12.000       21.000       22.000
   540:       19.000       11.000        2.000        4.000       22.000
   545:       24.000       12.000        6.000        6.000        6.000
   550:       19.000       11.000        2.000        4.000       22.000
   555:       24.000       12.000       19.000       11.000        6.000
   560:        1.000        6.000        6.000        6.000        6.000
   565:        6.000        6.000        1.000        6.000        6.000
   570:        6.000        6.000        6.000        6.000        6.000
   575:        6.000        6.000        6.000        6.000        6.000
   580:        6.000        6.000        6.000        6.000        6.000
   585:        6.000        6.000        6.000        6.000        6.000
   590:        6.000        6.000        2.000        4.000       22.000
   595:       24.000       12.000        6.000        6.000       19.000
   600:       11.000        6.000        6.000        6.000        6.000
   605:        1.000        1.000        2.000        4.000       22.000
   610:       24.000       12.000        6.000        6.000       19.000
   615:       11.000        6.000        6.000        6.000        6.000
   620:        6.000        6.000        6.000        6.000        6.000
   625:        6.000        6.000        6.000        6.000        6.000
   630:        2.000        4.000       22.000       24.000       12.000
   635:       19.000       11.000        1.000        1.000        6.000
   640:        6.000        6.000        6.000        6.000        6.000
   645:        1.000        6.000        6.000        6.000        2.000
   650:        4.000       22.000       24.000       12.000       19.000
   655:       11.000        1.000        6.000        6.000        6.000
   660:        6.000        2.000        4.000       22.000       24.000
   665:       12.000       21.000       22.000       19.000       11.000
   670:        2.000        4.000       22.000       24.000       12.000
   675:       19.000       11.000        6.000        6.000        6.000
   680:        6.000        6.000        6.000        6.000        6.000
   685:        6.000        6.000        6.000        6.000        6.000
   690:        6.000        6.000        6.000        6.000        6.000
   695:        6.000        6.000        6.000        6.000        6.000
   700:        6.000        2.000        4.000       22.000       24.000
   705:       12.000       21.000       22.000        6.000        6.000
   710:        6.000        6.000       19.000       11.000        1.000
   715:        6.000        2.000        4.000       22.000       24.000
   720:       12.000       19.000       11.000        6.000        6.000
   725:        6.000        6.000        6.000        6.000        6.000
   730:        6.000        6.000        6.000        6.000        6.000
   735:        6.000        6.000        6.000        6.000        6.000
   740:        6.000        6.000        6.000        6.000        2.000
   745:        4.000       22.000       24.000       12.000       19.000
   750:       11.000        1.000        6.000        6.000        6.000
   755:        6.000        1.000        1.000        2.000        4.000
   760:       22.000       24.000       12.000       19.000       11.000
   765:        1.000        6.000        2.000        4.000       22.000
   770:       24.000       12.000       19.000       11.000        6.000
   775:        6.000        6.000        1.000        6.000        6.000
   780:        2.000        4.000       22.000       24.000       12.000
   785:       19.000       11.000        6.000        6.000        6.000
   790:        2.000        4.000       22.000       24.000       12.000
   795:       21.000       22.000       19.000       11.000        6.000
   800:        6.000        6.000        6.000        6.000        6.000
   805:        6.000        6.000        2.000        4.000       22.000
   810:       24.000       12.000       21.000       22.000       19.000
   815:       11.000        2.000        4.000       22.000       24.000
   820:       12.000       21.000       22.000       19.000       11.000
T:
     0:        0.000        0.000        0.000        0.000       15.920
     5:       17.370       17.370       17.370       17.380       17.380
    10:       27.370       27.380       32.220       32.220       32.220
    15:       32.230       32.230       42.220       42.230      117.130
    20:      117.130      117.130      117.140      117.140      127.130
    25:      127.140      133.610      133.610      133.610      133.620
    30:      133.620      143.610      143.620      166.300      173.210
    35:      179.230      181.190      184.410      186.980      187.120
    40:      237.460      237.460      237.460      237.470      237.470
    45:      247.460      247.470      273.520      397.030      404.780
    50:      404.780      404.780      404.790      404.790      408.170
    55:      408.170      413.280      413.990      414.780      414.790
    60:      415.240      419.420      421.560      426.340      426.890
    65:      540.950      540.950      540.950      540.960      540.960
    70:      547.560      547.560      550.950      550.960      689.160
    75:      733.030      733.030      733.030      733.040      733.040
    80:      743.030      743.040      743.480      745.570      751.900
    85:      752.520      755.240      755.890      756.940      784.350
    90:      788.900      791.650      886.800      945.940      946.780
    95:      974.550      974.550      974.550      974.560      974.560
   100:      984.550      984.560     1014.950     1014.950     1014.950
   105:     1014.960     1014.960     1021.020     1024.950     1024.960
   110:     1041.560     1041.560     1041.560     1041.570     1041.570
   115:     1051.560     1051.570     1058.800     1099.050     1140.880
   120:     1142.310     1150.820     1152.650     1153.720     1156.300
   125:     1163.950     1165.510     1167.230     1168.990     1170.730
   130:     1173.640     1174.460     1177.490     1177.680     1188.940
   135:     1192.220     1225.150     1225.150     1225.150     1225.160
   140:     1225.160     1235.150     1235.160     1253.190     1260.600
   145:     1296.290     1338.000     1351.100     1351.100     1351.100
   150:     1351.110     1351.110     1354.090     1354.090     1361.100
   155:     1361.110     1361.170     1459.950     1460.230     1467.090
   160:     1468.460     1481.790     1481.790     1481.790     1481.800
   165:     1481.800     1491.790     1491.800     1499.140     1507.660
   170:     1507.660     1507.660     1507.670     1507.670     1513.110
   175:     1513.110     1517.660     1517.670     1525.040     1525.040
   180:     1525.040     1525.050     1525.050     1527.590     1527.590
   185:     1528.220     1528.220     1535.040     1535.050     1543.630
   190:     1543.760     1557.650     1557.650     1557.650     1557.660
   195:     1557.660     1567.650     1567.660     1571.910     1577.130
   200:     1639.820     1644.820     1654.200     1700.020     1700.760
   205:     1704.890     1705.220     1705.320     1750.220     1825.860
   210:     1827.690     1829.050     1854.400     1890.970     1891.480
   215:     1945.570     1945.570     1945.570     1945.580     1945.580
   220:     1955.570     1955.580     2143.930     2160.220     2160.440
   225:     2171.560     2235.940     2258.140     2258.140     2258.140
   230:     2258.150     2258.150     2268.140     2268.150     2341.850
   235:     2341.850     2341.850     2341.860     2341.860     2351.850
   240:     2351.860     2388.630     2407.670     2407.670     2407.670
   245:     2407.680     2407.680     2417.670     2417.680     2481.990
   250:     2494.870     2497.000     2497.000     2497.000     2497.010
   255:     2497.010     2504.580     2504.580     2507.000     2507.010
   260:     2548.540     2551.250     2552.390     2554.620     2594.890
   265:     2655.480     2655.480     2655.480     2655.490     2655.490
   270:     2665.480     2665.490     2666.530     2701.900     2742.110
   275:     2742.110     2742.110     2742.120     2742.120     2746.170
   280:     2746.170     2752.110     2752.120     2770.820     2845.970
   285:     2846.180     2852.370     2852.370     2852.370     2852.380
   290:     2852.380     2855.470     2855.470     2862.370     2862.380
   295:     2953.410     3070.810     3087.800     3119.620     3148.910
   300:     3161.680     3243.660     3255.790     3283.770     3283.770
   305:     3283.770     3283.780     3283.780     3293.770     3293.780
   310:     3295.040     3367.220     3367.220     3367.220     3367.230
   315:     3367.230     3367.710     3367.710     3377.220     3377.230
   320:     3400.500     3401.090     3405.300     3406.730     3410.370
   325:     3421.360     3433.250     3433.250     3433.250     3433.260
   330:     3433.260     3436.360     3443.250     3443.260     3458.220
   335:     3475.970     3477.470     3613.880     3758.040     3758.560
   340:     3761.530     3762.630     3782.330     3789.770     3789.770
   345:     3789.770     3789.780     3789.780     3799.770     3799.780
   350:     3801.670     3801.670     3801.670     3801.680     3801.680
   355:     3805.860     3805.860     3809.390     3810.370     3811.670
   360:     3811.680     3814.130     3815.010     3853.440     3853.440
   365:     3853.440     3853.450     3853.450     3856.180     3856.180
   370:     3859.980     3859.980     3863.440     3863.450     3865.770
   375:     3865.770     3865.770     3865.780     3865.780     3873.030
   380:     3873.030     3875.770     3875.780     3902.030     3902.030
   385:     3902.030     3902.040     3902.040     3912.030     3912.040
   390:     3925.570     3935.140     3935.140     3935.140     3935.150
   395:     3935.150     3941.680     3945.140     3945.150     3946.410
   400:     3971.750     4027.780     4031.120     4034.920     4490.110
   405:     4490.280     4490.500     4505.940     4506.110     4542.190
   410:     4543.260     4554.020     4555.550     4576.710     4577.330
   415:     4619.810     4620.270     4627.680     4655.980     4655.980
   420:     4655.980     4655.990     4655.990     4665.980     4665.990
   425:     4706.490     4722.440     4722.880     4723.010     4759.490
   430:     4774.100     4786.980     4786.980     4786.980     4786.990
   435:     4786.990     4796.980     4796.990     4798.780     4891.880
   440:     4927.700     4944.280     4944.730     4945.240     4946.410
   445:     4957.840     4983.020     4983.020     4983.020     4983.030
   450:     4983.030     4993.020     4993.030     5030.420     5040.560
   455:     5041.520     5042.930     5132.230     5136.140     5201.360
   460:     5206.120     5210.140     5211.000     5257.260     5257.260
   465:     5257.260     5257.270     5257.270     5260.090     5260.090
   470:     5267.260     5267.270     5283.470     5284.130     5286.260
   475:     5292.790     5293.060     5295.570     5296.680     5297.650
   480:     5453.410     5453.620     5489.040     5518.610     5518.610
   485:     5518.610     5518.620     5518.620     5528.610     5528.620
   490:     5565.030     5577.440     5577.440     5577.440     5577.450
   495:     5577.450     5585.130     5585.130     5587.440     5587.450
   500:     5647.710     5648.130     5653.210     5655.020     5674.010
   505:     5674.010     5674.010     5674.020     5674.020     5681.380
   510:     5684.010     5684.020     5696.450     5708.730     5729.740
   515:     5730.320     5742.610     5743.820     5842.570     5896.420
   520:     5896.420     5896.420     5896.430     5896.430     5900.750
   525:     5900.750     5906.420     5906.430     5933.670     5934.440
   530:     5959.100     5960.560     5965.210     5980.620     5980.620
   535:     5980.620     5980.630     5980.630     5984.620     5984.620
   540:     5990.620     5990.630     5993.880     5993.880     5993.880
   545:     5993.890     5993.890     5995.440     5995.580     5996.470
   550:     6003.880     6003.890     6005.570     6005.570     6005.570
   555:     6005.580     6005.580     6015.570     6015.580     6021.830
   560:     6043.220     6056.190     6056.560     6206.260     6221.850
   565:     6265.870     6314.940     6324.930     6338.390     6339.450
   570:     6344.960     6351.830     6352.850     6358.190     6382.230
   575:     6385.020     6390.210     6394.710     6395.930     6396.980
   580:     6397.090     6435.190     6435.660     6744.800     6745.350
   585:     6747.400     6752.460     6752.670     6752.970     6753.700
   590:     6761.210     6762.660     6811.340     6811.340     6811.340
   595:     6811.350     6811.350     6819.310     6819.730     6821.340
   600:     6821.350     6825.990     6827.160     6827.500     6827.530
   605:     6835.380     6841.880     6884.210     6884.210     6884.210
   610:     6884.220     6884.220     6890.880     6891.150     6894.210
   615:     6894.220     6914.480     7048.390     7106.560     7107.070
   620:     7152.320     7153.270     7289.400     7289.530     7289.900
   625:     7290.360     7291.570     7294.810     7294.980     7295.650
   630:     7324.440     7324.440     7324.440     7324.450     7324.450
   635:     7334.440     7334.450     7342.760     7398.660     7570.600
   640:     7571.810     7581.710     7719.040     7731.650     7738.280
   645:     7752.230     8175.260     8192.840     8225.180     8232.160
   650:     8232.160     8232.160     8232.170     8232.170     8242.160
   655:     8242.170     8276.530     8298.630     8301.520     8462.090
   660:     8462.650     8474.030     8474.030     8474.030     8474.040
   665:     8474.040     8475.340     8475.340     8484.030     8484.040
   670:     8490.230     8490.230     8490.230     8490.240     8490.240
   675:     8500.230     8500.240     8564.180     8568.560     8572.590
   680:     8577.390     8579.320     8579.680     8581.050     8667.620
   685:     8667.880     8669.520     8692.400     8697.150     8728.510
   690:     8731.280     8731.590     8754.660     8754.930     8755.470
   695:     8762.420     8762.570     8762.980     8817.330     8822.100
   700:     8823.100     8828.990     8828.990     8828.990     8829.000
   705:     8829.000     8830.120     8830.120     8832.390     8832.580
   710:     8833.040     8834.130     8838.990     8839.000     8847.190
   715:     8909.390     8940.340     8940.340     8940.340     8940.350
   720:     8940.350     8950.340     8950.350     8960.730     8962.780
   725:     8963.860     8967.940     8968.840     8971.240     8973.200
   730:     8974.040     8974.170     8976.460     8976.540     8977.170
   735:     8979.470     8980.800     9017.410     9017.740     9021.530
   740:     9021.670     9021.910     9083.090     9083.540     9117.830
   745:     9117.830     9117.830     9117.840     9117.840     9127.830
   750:     9127.840     9170.870     9197.970     9231.820     9231.960
   755:     9240.490     9273.640     9275.470     9279.180     9279.180
   760:     9279.180     9279.190     9279.190     9289.180     9289.190
   765:     9291.080     9300.080     9322.800     9322.800     9322.800
   770:     9322.810     9322.810     9332.800     9332.810     9468.760
   775:     9468.980     9469.520     9482.820     9499.150     9499.610
   780:     9507.880     9507.880     9507.880     9507.890     9507.890
   785:     9517.880     9517.890     9539.930     9540.240     9540.810
   790:     9553.320     9553.320     9553.320     9553.330     9553.330
   795:     9560.300     9560.300     9563.320     9563.330     9667.290
   800:     9667.730     9667.900     9668.890     9676.110     9881.600
   805:     9882.110     9923.330     9979.830     9979.830     9979.830
   810:     9979.840     9979.840     9986.560     9986.560     9989.830
   815:     9989.840    10000.630    10000.630    10000.630    10000.640
   820:    10000.640    10006.430    10006.430    10010.630    10010.640
