File: C:\MED-PC\Data\2024-11-01_08h58m_Subject 34.txt


Start Date: 11/01/24
End Date: 11/01/24
Subject: 34
Experiment: OralFentSA
Group: One
Box: 2
Start Time: 08:58:37
End Time: 11:59:06
MSN: 20241014_Golden_Liq_SelfAdmin
F:       0.000
G:     944.000
H:   10800.000
I:       0.000
J:       0.000
K:       0.000
L:       0.000
M:       0.000
N:       0.000
O:       0.000
P:       0.000
Q:       0.000
R:       0.000
S:       0.000
U:       0.000
V:       0.000
W:       0.000
X:       0.000
Y:       0.000
Z:       0.000
A:
     0:        0.000        0.000      180.000        4.000        0.000
     5:        5.000        0.000        5.000        0.000        0.000
    10:        1.000        0.000       10.000   100000.000       17.000
    15:       10.000      640.000        0.000        0.000        0.000
    20:        0.000
B:
     0:        0.000        0.000        0.000      400.000        0.000
     5:      500.000        0.000      500.000        0.000        0.000
    10:        0.000        0.000     1000.000 10000000.000        0.000
    15:        0.000        0.000        0.000        0.000        0.000
    20:        0.000
C:
     0:       23.000       24.000       17.000       42.000      563.000
     5:     9476.570        2.950       23.000       68.500        2.978
    10:       42.000       17.000        0.000        0.000        0.000
    15:        0.000        0.000        0.000        0.000        0.000
    20:        0.000
D:
     0:        2.210        1.840        0.930        2.590        1.270
     5:        2.170        1.150        3.720        1.170        1.040
    10:        3.350        6.430        2.190        2.390        4.270
    15:        2.870        1.970        5.260        2.440        9.710
    20:        3.860        2.720        2.950
E:
     0:       19.000       11.000       26.000       27.000        1.000
     5:        2.000        4.000       22.000       24.000       12.000
    10:       13.000        8.000        5.000       17.000        6.000
    15:       18.000       14.000       10.000        6.000        6.000
    20:        6.000       19.000       11.000        6.000        6.000
    25:        2.000        4.000       22.000       24.000       12.000
    30:       13.000        8.000        5.000       17.000        6.000
    35:       18.000       14.000       10.000       21.000       22.000
    40:       21.000       22.000       19.000       11.000        2.000
    45:        4.000       22.000       24.000       12.000       13.000
    50:        8.000        5.000       17.000        6.000        6.000
    55:        6.000       18.000       14.000       10.000       21.000
    60:       22.000        6.000       19.000       11.000        2.000
    65:        4.000       22.000       24.000       12.000       13.000
    70:        8.000        5.000       17.000        6.000        6.000
    75:       18.000       14.000       10.000       19.000       11.000
    80:        1.000        1.000        1.000        6.000        6.000
    85:        2.000        4.000       22.000       24.000       12.000
    90:       13.000        8.000        5.000       17.000        6.000
    95:       18.000       14.000       10.000       21.000       22.000
   100:       19.000       11.000        1.000        6.000        2.000
   105:        4.000       22.000       24.000       12.000       13.000
   110:        8.000        5.000       17.000        6.000       18.000
   115:       14.000       10.000       21.000       22.000       19.000
   120:       11.000        6.000        6.000        6.000        6.000
   125:        6.000        2.000        4.000       22.000       24.000
   130:       12.000       13.000        8.000        5.000       17.000
   135:        6.000        6.000        6.000       18.000       14.000
   140:       10.000       21.000       22.000       21.000       22.000
   145:       19.000       11.000        2.000        4.000       22.000
   150:       24.000       12.000       13.000        8.000        5.000
   155:       17.000        6.000        6.000       18.000       14.000
   160:       10.000        6.000       19.000       11.000        6.000
   165:        6.000        6.000        6.000        6.000        6.000
   170:        6.000        6.000        6.000        6.000        6.000
   175:        6.000        6.000        6.000        6.000        6.000
   180:        6.000        6.000        6.000        6.000        6.000
   185:        6.000        6.000        6.000        6.000        6.000
   190:        6.000        6.000        6.000        6.000        6.000
   195:        6.000        6.000        6.000        6.000        6.000
   200:        6.000        6.000        6.000        6.000        6.000
   205:        6.000        6.000        6.000        6.000        6.000
   210:        6.000        6.000        6.000        6.000        6.000
   215:        6.000        6.000        6.000        6.000        6.000
   220:        6.000        6.000        6.000        6.000        6.000
   225:        6.000        6.000        6.000        6.000        6.000
   230:        6.000        6.000        6.000        6.000        6.000
   235:        6.000        6.000        6.000        6.000        6.000
   240:        6.000        6.000        6.000        6.000        6.000
   245:        6.000        6.000        6.000        6.000        6.000
   250:        6.000        6.000        6.000        6.000        6.000
   255:        6.000        6.000        6.000        6.000        6.000
   260:        6.000        6.000        6.000        6.000        6.000
   265:        6.000        6.000        6.000        6.000        6.000
   270:        6.000        6.000        6.000        6.000        6.000
   275:        6.000        6.000        6.000        6.000        1.000
   280:        1.000        1.000        6.000        2.000        4.000
   285:       22.000       24.000       12.000       13.000        8.000
   290:        5.000       17.000        6.000       18.000       14.000
   295:       10.000        6.000       19.000       11.000        6.000
   300:        6.000        1.000        1.000        1.000        6.000
   305:        6.000        2.000        4.000       22.000       24.000
   310:       12.000       13.000        8.000        5.000       17.000
   315:        6.000        6.000       18.000        6.000       14.000
   320:       10.000        6.000       19.000       11.000        6.000
   325:        6.000        6.000        6.000        6.000        6.000
   330:        6.000        6.000        6.000        6.000        6.000
   335:        6.000        6.000        6.000        6.000        6.000
   340:        6.000        6.000        6.000        6.000        6.000
   345:        6.000        6.000        6.000        6.000        6.000
   350:        2.000        4.000       22.000       24.000       12.000
   355:       13.000        8.000        5.000       17.000       21.000
   360:       22.000       21.000       22.000        6.000       18.000
   365:       14.000       10.000       19.000       11.000        6.000
   370:        6.000        6.000        6.000        6.000        6.000
   375:        6.000        6.000        6.000        6.000        6.000
   380:        1.000        1.000        1.000        1.000        6.000
   385:        6.000        6.000        6.000        6.000        6.000
   390:        6.000        6.000        6.000        6.000        6.000
   395:        6.000        6.000        6.000        6.000        6.000
   400:        6.000        6.000        6.000        6.000        6.000
   405:        6.000        6.000        6.000        6.000        6.000
   410:        6.000        6.000        6.000        6.000        6.000
   415:        6.000        6.000        6.000        6.000        6.000
   420:        6.000        6.000        6.000        6.000        6.000
   425:        6.000        6.000        6.000        6.000        6.000
   430:        6.000        6.000        6.000        6.000        6.000
   435:        6.000        6.000        6.000        6.000        6.000
   440:        6.000        6.000        6.000        6.000        6.000
   445:        6.000        6.000        6.000        6.000        6.000
   450:        6.000        6.000        6.000        6.000        6.000
   455:        6.000        6.000        6.000        6.000        6.000
   460:        6.000        6.000        6.000        6.000        6.000
   465:        6.000        6.000        6.000        6.000        6.000
   470:        6.000        6.000        6.000        6.000        6.000
   475:        6.000        6.000        6.000        6.000        6.000
   480:        6.000        6.000        6.000        6.000        6.000
   485:        6.000        6.000        6.000        6.000        6.000
   490:        6.000        6.000        6.000        6.000        6.000
   495:        6.000        6.000        6.000        6.000        6.000
   500:        6.000        6.000        6.000        6.000        6.000
   505:        6.000        6.000        6.000        6.000        6.000
   510:        6.000        6.000        6.000        6.000        6.000
   515:        6.000        6.000        6.000        6.000        6.000
   520:        6.000        6.000        6.000        6.000        6.000
   525:        6.000        6.000        6.000        6.000        6.000
   530:        6.000        6.000        6.000        6.000        6.000
   535:        6.000        6.000        6.000        6.000        6.000
   540:        6.000        6.000        6.000        6.000        6.000
   545:        6.000        6.000        6.000        6.000        6.000
   550:        6.000        6.000        6.000        6.000        6.000
   555:        6.000        6.000        6.000        6.000        6.000
   560:        6.000        6.000        2.000        4.000       22.000
   565:       24.000       12.000       13.000        8.000        5.000
   570:       17.000       18.000       14.000       10.000        6.000
   575:       19.000       11.000        6.000        6.000        6.000
   580:        6.000        6.000        6.000        6.000        6.000
   585:        6.000        6.000        6.000        6.000        6.000
   590:        6.000        6.000        6.000        2.000        4.000
   595:       22.000       24.000       12.000       13.000        8.000
   600:        5.000       17.000        6.000       18.000       14.000
   605:       10.000        6.000       19.000       11.000        6.000
   610:        6.000        6.000        6.000        6.000        6.000
   615:        6.000        6.000        6.000        6.000        6.000
   620:        6.000        6.000        6.000        6.000        6.000
   625:        6.000        6.000        6.000        6.000        6.000
   630:        6.000        6.000        6.000        6.000        6.000
   635:        6.000        6.000        6.000        6.000        6.000
   640:        6.000        6.000        6.000        6.000        2.000
   645:        4.000       22.000       24.000       12.000       13.000
   650:        8.000        5.000       17.000        6.000       18.000
   655:       14.000       10.000        6.000       19.000       11.000
   660:        6.000        6.000        6.000        6.000        2.000
   665:        4.000       22.000       24.000       12.000       13.000
   670:        8.000        5.000       17.000       21.000       22.000
   675:       21.000       22.000       18.000        6.000       14.000
   680:       10.000        6.000       19.000       11.000        2.000
   685:        4.000       22.000       24.000       12.000       13.000
   690:        8.000        5.000       17.000        6.000       18.000
   695:       14.000       10.000       19.000       11.000        6.000
   700:        6.000        6.000        6.000        6.000        6.000
   705:        6.000        6.000        6.000        2.000        4.000
   710:       22.000       24.000       12.000       13.000        8.000
   715:        5.000       17.000        6.000       18.000       14.000
   720:       10.000        6.000       21.000       22.000       21.000
   725:       22.000       19.000       11.000        2.000        4.000
   730:       22.000       24.000       12.000       13.000        8.000
   735:        5.000       17.000       21.000       22.000       21.000
   740:       22.000       18.000       21.000       22.000       14.000
   745:       10.000        6.000       19.000       11.000        6.000
   750:        6.000        6.000        6.000        6.000        6.000
   755:        2.000        4.000       22.000       24.000       12.000
   760:       13.000        8.000        5.000       17.000       21.000
   765:       22.000        6.000       18.000       14.000       10.000
   770:        6.000       19.000       11.000        2.000        4.000
   775:       22.000       24.000       12.000       13.000        8.000
   780:        5.000       17.000       18.000       14.000       10.000
   785:        6.000       19.000       11.000        6.000        6.000
   790:        6.000        6.000        6.000        6.000        6.000
   795:        6.000        6.000        6.000        6.000        6.000
   800:        6.000        6.000        6.000        6.000        6.000
   805:        6.000        6.000        6.000        6.000        6.000
   810:        6.000        6.000        6.000        6.000        6.000
   815:        6.000        6.000        6.000        6.000        6.000
   820:        6.000        6.000        6.000        6.000        6.000
   825:        6.000        6.000        6.000        6.000        6.000
   830:        6.000        6.000        6.000        6.000        6.000
   835:        6.000        6.000        6.000        6.000        6.000
   840:        6.000        6.000        6.000        6.000        6.000
   845:        6.000        6.000        6.000        6.000        6.000
   850:        6.000        6.000        6.000        6.000        6.000
   855:        6.000        6.000        6.000        6.000        2.000
   860:        4.000       22.000       24.000       12.000       13.000
   865:        8.000        5.000       17.000       21.000       22.000
   870:        6.000       18.000       14.000       10.000       19.000
   875:       11.000        6.000        6.000        6.000        6.000
   880:        2.000        4.000       22.000       24.000       12.000
   885:       13.000        8.000        5.000       17.000        6.000
   890:       18.000       14.000       10.000       19.000       11.000
   895:        6.000        6.000        6.000        6.000        6.000
   900:        6.000        6.000        6.000        6.000        6.000
   905:        2.000        4.000       22.000       24.000       12.000
   910:       13.000        8.000        5.000       17.000       21.000
   915:       22.000        6.000       18.000       14.000       10.000
   920:        6.000        6.000       19.000       11.000        6.000
   925:        6.000        6.000        6.000        6.000        6.000
   930:        6.000        1.000        6.000        6.000        6.000
   935:        1.000        6.000        6.000        6.000        6.000
   940:        6.000        6.000        6.000        6.000      100.000
T:
     0:        0.000        0.000        0.000        0.000        5.650
     5:       25.940       25.940       25.940       25.950       25.950
    10:       25.950       25.950       25.950       25.950       28.160
    15:       29.950       30.950       30.950       32.640       32.700
    20:       35.150       35.940       35.950       36.560       38.010
    25:       41.330       41.330       41.330       41.340       41.340
    30:       41.340       41.340       41.340       41.340       43.180
    35:       45.340       46.340       46.340       50.930       50.930
    40:       51.060       51.060       51.330       51.340       52.760
    45:       52.760       52.760       52.770       52.770       52.770
    50:       52.770       52.770       52.770       53.700       53.730
    55:       56.110       56.770       57.770       57.770       57.860
    60:       57.860       60.660       62.760       62.770       62.810
    65:       62.810       62.810       62.820       62.820       62.820
    70:       62.820       62.820       62.820       65.410       66.140
    75:       66.820       67.820       67.820       72.810       72.820
    80:       82.340       82.820       85.750       99.240      100.020
    85:      107.590      107.590      107.590      107.600      107.600
    90:      107.600      107.600      107.600      107.600      108.870
    95:      111.600      112.600      112.600      114.710      114.710
   100:      117.590      117.600      120.360      123.550      128.120
   105:      128.120      128.120      128.130      128.130      128.130
   110:      128.130      128.130      128.130      130.300      132.130
   115:      133.130      133.130      133.320      133.320      138.120
   120:      138.130      147.350      147.420      164.830      164.880
   125:      165.240      171.580      171.580      171.580      171.590
   130:      171.590      171.590      171.590      171.590      171.590
   135:      172.740      173.420      175.520      175.590      176.590
   140:      176.590      179.520      179.520      180.940      180.940
   145:      181.580      181.590      181.910      181.910      181.910
   150:      181.920      181.920      181.920      181.920      181.920
   155:      181.920      185.640      185.710      185.920      186.920
   160:      186.920      188.050      191.910      191.920      309.410
   165:      394.830      404.040      422.000      422.060      590.150
   170:      708.760      708.850      719.990      720.060      747.330
   175:      766.530      766.560      808.810      950.250      991.330
   180:     1012.140     1061.910     1062.150     1280.060     1288.100
   185:     1295.020     1297.600     1297.770     1309.380     1313.800
   190:     1334.700     1339.630     1340.480     1357.140     1364.320
   195:     1364.500     1368.500     1425.450     1484.930     1506.820
   200:     1512.170     1573.130     1574.090     1612.060     1693.780
   205:     1767.180     1814.920     1848.400     1854.220     1928.420
   210:     1928.570     2130.110     2131.080     2131.310     2174.050
   215:     2186.780     2187.300     2187.730     2188.330     2188.380
   220:     2188.740     2191.370     2403.200     2434.470     2434.790
   225:     2443.680     2446.330     2446.930     2447.140     2455.930
   230:     2456.410     2472.030     2474.790     2480.650     2481.610
   235:     2483.930     2484.050     2529.680     2529.770     2530.340
   240:     2530.600     2543.340     2543.550     2544.470     2544.990
   245:     2547.930     2548.490     2872.450     2873.090     2873.950
   250:     2876.430     2883.530     2890.170     2895.220     2906.600
   255:     2906.990     2910.250     2955.810     2955.880     2957.780
   260:     2989.050     3007.420     3032.230     3033.010     3044.300
   265:     3117.180     3117.430     3117.990     3118.140     3155.760
   270:     3190.430     3192.190     3192.240     3193.190     3193.370
   275:     3294.070     3294.220     3301.300     3326.390     3343.530
   280:     3344.730     3346.890     3350.980     3354.730     3354.730
   285:     3354.730     3354.740     3354.740     3354.740     3354.740
   290:     3354.740     3354.740     3355.910     3358.740     3359.740
   295:     3359.740     3361.070     3364.730     3364.740     3370.210
   300:     3370.570     3384.210     3384.270     3386.400     3388.510
   305:     3388.670     3394.000     3394.000     3394.000     3394.010
   310:     3394.010     3394.010     3394.010     3394.010     3394.010
   315:     3395.050     3397.880     3398.010     3398.150     3399.010
   320:     3399.010     3400.100     3404.000     3404.010     3428.500
   325:     3428.710     3429.900     3468.950     3469.140     3894.090
   330:     3905.590     3905.790     3906.630     4214.340     4215.270
   335:     4227.240     4229.990     4230.340     4232.850     4233.290
   340:     4237.590     4250.570     4250.680     4250.780     4251.040
   345:     4253.500     4255.550     4259.220     4295.420     4295.520
   350:     4297.000     4297.000     4297.000     4297.010     4297.010
   355:     4297.010     4297.010     4297.010     4297.010     4298.400
   360:     4298.400     4298.960     4298.960     4300.360     4301.010
   365:     4302.010     4302.010     4307.000     4307.010     4312.380
   370:     4312.500     4312.650     4312.820     4316.430     4338.010
   375:     4379.430     4392.220     4392.320     4438.910     4439.400
   380:     4458.900     4466.740     4467.330     4469.780     4475.280
   385:     4479.330     4479.410     4490.810     4553.810     4561.400
   390:     4561.920     4566.400     4566.510     4567.850     4572.260
   395:     4576.430     4578.160     4582.020     4585.830     4585.990
   400:     4588.940     4589.500     5199.660     5200.170     5201.600
   405:     5201.780     5204.250     5205.220     5206.710     5207.290
   410:     5208.030     5210.130     5210.700     5211.030     5211.670
   415:     5213.610     5221.400     5222.720     5223.520     5224.140
   420:     5224.640     5227.220     5228.140     5228.330     5231.200
   425:     5233.730     5234.780     5237.460     5244.820     5245.510
   430:     5245.550     5248.040     5251.660     5260.610     5263.590
   435:     5264.590     5268.080     5269.880     5270.420     5271.660
   440:     5273.740     5274.950     5276.090     5279.480     5285.420
   445:     5285.570     5285.690     5287.160     5291.800     5297.630
   450:     5300.590     5304.040     5306.810     5307.630     5322.470
   455:     5324.210     5327.460     5339.370     5339.730     5341.490
   460:     5341.720     5341.960     5342.000     5342.050     5342.730
   465:     5344.830     5347.130     5351.350     5351.380     5353.980
   470:     5359.550     5361.210     5361.650     5361.910     5362.190
   475:     5363.690     5363.740     5364.780     5366.760     5368.330
   480:     5368.390     5369.330     5370.040     5371.280     5374.540
   485:     5375.070     5375.180     5375.250     5379.040     5401.560
   490:     5402.750     5408.560     5410.700     5412.850     5413.020
   495:     5413.130     5413.280     5414.680     5416.000     5422.040
   500:     5422.320     5423.470     5435.260     5436.530     5445.780
   505:     5446.190     5450.070     5455.340     5455.840     5458.180
   510:     5461.270     5468.100     5468.300     5468.340     5477.610
   515:     5478.660     5480.230     5481.940     5484.030     5485.220
   520:     5485.710     5488.140     5490.960     5491.330     5495.460
   525:     5497.970     5498.120     5498.250     5499.210     5500.470
   530:     5501.840     5502.200     5503.480     5504.790     5513.720
   535:     5514.580     5515.360     5515.940     5516.900     5518.610
   540:     5518.840     5519.010     5531.620     5538.510     5541.380
   545:     5541.690     5541.890     5542.480     5542.580     5542.840
   550:     5642.270     5642.830     5643.570     5644.170     5645.020
   555:     5648.420     5648.650     5654.030     5655.000     5688.710
   560:     5689.960     5727.030     5733.420     5733.420     5733.420
   565:     5733.430     5733.430     5733.430     5733.430     5733.430
   570:     5733.430     5737.430     5738.430     5738.430     5739.860
   575:     5743.420     5743.430     5748.430     5759.700     5759.770
   580:     5761.450     5763.730     5763.790     5764.140     5769.080
   585:     5769.110     5806.600     5809.370     5845.320     5879.310
   590:     5893.430     5917.100     5933.110     5940.220     5940.220
   595:     5940.220     5940.230     5940.230     5940.230     5940.230
   600:     5940.230     5940.230     5942.420     5944.230     5945.230
   605:     5945.230     5945.770     5950.220     5950.230     5955.420
   610:     5978.090     6005.310     6006.580     6007.840     6599.250
   615:     6601.780     6614.570     6616.040     6623.710     6625.140
   620:     6625.310     6625.560     6629.950     6630.930     6632.320
   625:     6648.410     6648.980     6650.640     6651.790     6654.370
   630:     6657.710     6659.010     6659.740     6659.760     6661.460
   635:     6662.990     6683.340     7144.570     7144.620     7144.850
   640:     7160.990     7161.020     7161.130     7179.250     7182.430
   645:     7182.430     7182.430     7182.440     7182.440     7182.440
   650:     7182.440     7182.440     7182.440     7184.830     7186.440
   655:     7187.440     7187.440     7189.250     7192.430     7192.440
   660:     7192.740     7215.160     7216.000     7216.140     7218.710
   665:     7218.710     7218.710     7218.720     7218.720     7218.720
   670:     7218.720     7218.720     7218.720     7219.310     7219.310
   675:     7220.630     7220.630     7222.720     7222.990     7223.720
   680:     7223.720     7226.760     7228.710     7228.720     7232.030
   685:     7232.030     7232.030     7232.040     7232.040     7232.040
   690:     7232.040     7232.040     7232.040     7234.910     7236.040
   695:     7237.040     7237.040     7242.030     7242.040     7250.500
   700:     7250.570     7250.720     7252.750     7275.700     7298.100
   705:     7298.810     7299.570     7306.660     7309.770     7309.770
   710:     7309.770     7309.780     7309.780     7309.780     7309.780
   715:     7309.780     7309.780     7311.750     7313.780     7314.780
   720:     7314.780     7315.300     7317.430     7317.430     7319.080
   725:     7319.080     7319.770     7319.780     7320.580     7320.580
   730:     7320.580     7320.590     7320.590     7320.590     7320.590
   735:     7320.590     7320.590     7321.790     7321.790     7323.030
   740:     7323.030     7324.590     7324.690     7324.690     7325.590
   745:     7325.590     7325.850     7330.580     7330.590     7405.310
   750:     7408.060     7408.080     7409.120     7418.500     7452.260
   755:     7491.480     7491.480     7491.480     7491.490     7491.490
   760:     7491.490     7491.490     7491.490     7491.490     7492.380
   765:     7492.380     7493.930     7495.490     7496.490     7496.490
   770:     7496.640     7501.480     7501.490     7504.820     7504.820
   775:     7504.820     7504.830     7504.830     7504.830     7504.830
   780:     7504.830     7504.830     7508.830     7509.830     7509.830
   785:     7514.540     7514.820     7514.830     7515.760     7522.330
   790:     7523.490     7523.790     7525.670     7525.880     7526.910
   795:     7577.690     7635.710     7659.800     7660.030     7672.960
   800:     7673.040     7682.670     7747.590     7747.640     7750.510
   805:     7757.400     7814.090     7835.960     7836.050     7862.280
   810:     7961.550     7993.370     7993.480     8025.020     8159.480
   815:     8251.880     8253.460     8261.900     8292.710     8378.150
   820:     8446.110     8491.670     8586.920     8714.660     8716.320
   825:     8716.390     8720.290     8728.160     8730.400     8731.720
   830:     8733.620     8740.100     8741.490     8742.230     8743.220
   835:     8744.880     8744.930     8802.890     8804.210     8813.810
   840:     8815.450     8817.300     8818.690     8886.240     8894.650
   845:     8896.370     9029.900     9030.360     9031.750     9032.430
   850:     9033.870     9063.710     9129.890     9146.570     9146.630
   855:     9184.890     9340.930     9341.060     9344.750     9347.500
   860:     9347.500     9347.500     9347.510     9347.510     9347.510
   865:     9347.510     9347.510     9347.510     9348.070     9348.070
   870:     9351.370     9351.510     9352.510     9352.510     9357.500
   875:     9357.510     9359.310     9360.120     9361.690     9363.180
   880:     9370.040     9370.040     9370.040     9370.050     9370.050
   885:     9370.050     9370.050     9370.050     9370.050     9372.770
   890:     9374.050     9375.050     9375.050     9380.040     9380.050
   895:     9398.380     9398.650     9401.860     9401.940     9447.870
   900:     9448.080     9453.420     9465.810     9468.440     9468.520
   905:     9476.560     9476.560     9476.560     9476.570     9476.570
   910:     9476.570     9476.570     9476.570     9476.570     9477.290
   915:     9477.290     9479.520     9480.570     9481.570     9481.570
   920:     9484.810     9485.790     9486.560     9486.570     9490.850
   925:     9702.730     9703.780     9703.980     9891.240     9919.950
   930:    10143.260    10577.600    10581.680    10583.060    10583.350
   935:    10600.910    10681.670    10709.060    10731.180    10732.180
   940:    10732.350    10737.550    10737.890    10746.190    10800.000
