File: C:\MED-PC\Data\2024-11-21_13h09m_Subject 45.txt


Start Date: 11/21/24
End Date: 11/21/24
Subject: 45
Experiment: OralFentSA
Group: One
Box: 1
Start Time: 13:09:52
End Time: 16:10:17
MSN: Golden_Liq_SelfAdmin_EXT
F:       0.000
G:     870.000
H:   10800.000
I:       0.000
J:       0.000
K:       0.000
L:       0.000
M:       0.000
N:       0.000
O:       0.000
P:       0.000
Q:       0.000
R:       0.000
S:       0.000
U:       0.000
V:       0.000
W:       0.000
X:       0.000
Y:       0.000
Z:       0.000
A:
     0:        0.000        0.000      180.000        4.000        0.000
     5:        5.000        0.000        5.000        0.000        0.000
    10:        1.000        0.000       10.000   100000.000       19.600
    15:       24.000      600.000        0.000        0.000        0.000
    20:        0.000
B:
     0:        0.000        0.000        0.000        0.000        0.000
     5:        0.000        0.000        0.000        0.000        0.000
    10:        0.000        0.000     1000.000 10000000.000        0.000
    15:        0.000        0.000        0.000        0.000        0.000
    20:        0.000
C:
     0:        0.000       39.000      156.000       55.000      410.000
     5:    10689.030       61.910       30.000     1114.310       37.144
    10:       55.000      156.000        0.000        0.000        0.000
    15:        0.000        0.000        0.000        0.000        0.000
    20:        0.000
D:
     0:        2.070        8.780        4.550       21.440       43.250
     5:       74.630       64.470        4.750       24.200       18.610
    10:        3.560        4.090      117.250        1.420       10.550
    15:       20.320       36.070      134.840       35.150        7.590
    20:       50.200       51.820       60.820       30.890       79.990
    25:       44.650        6.610       15.550       74.280       61.910
E:
     0:       19.000       11.000       26.000       27.000        6.000
     5:        6.000        6.000        6.000        6.000        1.000
    10:        6.000        6.000        6.000        6.000        1.000
    15:        1.000        6.000        1.000        2.000        4.000
    20:       22.000       24.000       12.000       19.000       11.000
    25:        2.000        4.000       22.000       24.000       12.000
    30:        6.000        6.000        6.000       19.000       11.000
    35:        6.000        6.000        6.000        6.000        1.000
    40:        6.000        6.000        2.000        4.000       22.000
    45:       24.000       12.000        6.000       19.000       11.000
    50:        6.000        6.000        6.000        6.000        6.000
    55:        6.000        6.000        6.000        6.000        6.000
    60:        6.000        6.000        6.000        1.000        6.000
    65:        6.000        6.000        6.000        6.000        6.000
    70:        6.000        6.000        1.000        1.000        6.000
    75:        6.000        6.000        6.000        2.000        4.000
    80:       22.000       24.000       12.000        6.000        6.000
    85:       19.000       11.000        6.000        6.000        6.000
    90:        6.000        6.000        6.000        6.000        6.000
    95:        6.000        6.000        6.000        1.000        6.000
   100:        6.000        6.000        6.000        6.000        6.000
   105:        6.000        2.000        4.000       22.000       24.000
   110:       12.000       21.000       22.000       19.000       11.000
   115:        6.000        6.000        6.000        6.000        6.000
   120:        6.000        6.000        2.000        4.000       22.000
   125:       24.000       12.000       19.000       11.000        2.000
   130:        4.000       22.000       24.000       12.000       19.000
   135:       11.000        1.000        1.000        1.000        1.000
   140:        1.000        1.000        1.000        1.000        1.000
   145:        1.000        6.000        6.000        6.000        6.000
   150:        6.000        6.000        6.000        6.000        6.000
   155:        2.000        4.000       22.000       24.000       12.000
   160:       19.000       11.000        6.000        6.000        6.000
   165:        6.000        6.000        6.000        2.000        4.000
   170:       22.000       24.000       12.000       19.000       11.000
   175:        2.000        4.000       22.000       24.000       12.000
   180:       19.000       11.000        6.000        6.000        6.000
   185:        6.000        6.000        6.000        6.000        6.000
   190:        1.000        6.000        6.000        6.000        6.000
   195:        6.000        6.000        6.000        6.000        6.000
   200:        6.000        6.000        6.000        6.000        6.000
   205:        6.000        1.000        1.000        1.000        1.000
   210:        6.000        6.000        6.000        6.000        6.000
   215:        6.000        6.000        1.000        1.000        1.000
   220:        1.000        1.000        6.000        6.000        6.000
   225:        6.000        6.000        6.000        1.000        6.000
   230:        6.000        6.000        6.000        6.000        6.000
   235:        6.000        6.000        6.000        1.000        6.000
   240:        6.000        2.000        4.000       22.000       24.000
   245:       12.000        6.000       19.000       11.000        6.000
   250:        6.000        6.000        6.000        6.000        6.000
   255:        1.000        1.000        6.000        6.000        6.000
   260:        6.000        6.000        6.000        6.000        6.000
   265:        2.000        4.000       22.000       24.000       12.000
   270:       19.000       11.000        6.000        6.000        1.000
   275:        6.000        6.000        2.000        4.000       22.000
   280:       24.000       12.000       19.000       11.000        6.000
   285:        1.000        6.000        6.000        6.000        6.000
   290:        6.000        6.000        6.000        6.000        1.000
   295:        2.000        4.000       22.000       24.000       12.000
   300:        6.000        6.000       19.000       11.000        1.000
   305:        1.000        6.000        6.000        6.000        6.000
   310:        6.000        6.000        6.000        6.000        6.000
   315:        6.000        1.000        1.000        1.000        6.000
   320:        6.000        6.000        6.000        2.000        4.000
   325:       22.000       24.000       12.000       21.000       22.000
   330:        6.000       19.000       11.000        6.000        6.000
   335:        6.000        6.000        6.000        6.000        1.000
   340:        6.000        6.000        1.000        1.000        1.000
   345:        1.000        1.000        2.000        4.000       22.000
   350:       24.000       12.000       21.000       22.000       19.000
   355:       11.000        2.000        4.000       22.000       24.000
   360:       12.000       21.000       22.000       19.000       11.000
   365:        2.000        4.000       22.000       24.000       12.000
   370:       21.000       22.000       19.000       11.000        6.000
   375:        6.000        6.000        6.000        6.000        6.000
   380:        6.000        6.000        1.000        1.000        1.000
   385:        1.000        1.000        1.000        1.000        1.000
   390:        6.000        2.000        4.000       22.000       24.000
   395:       12.000        6.000        6.000        6.000       19.000
   400:       11.000        6.000        6.000        6.000        1.000
   405:        1.000        1.000        1.000        6.000        1.000
   410:        1.000        6.000        6.000        6.000        6.000
   415:        6.000        6.000        6.000        6.000        6.000
   420:        6.000        6.000        6.000        2.000        4.000
   425:       22.000       24.000       12.000       21.000       22.000
   430:       21.000       22.000       19.000       11.000        2.000
   435:        4.000       22.000       24.000       12.000       19.000
   440:       11.000        6.000        6.000        6.000        1.000
   445:        6.000        6.000        6.000        6.000        1.000
   450:        6.000        6.000        6.000        6.000        6.000
   455:        6.000        6.000        1.000        1.000        1.000
   460:        1.000        1.000        1.000        1.000        1.000
   465:        1.000        1.000        1.000        1.000        1.000
   470:        1.000        6.000        6.000        1.000        6.000
   475:        6.000        1.000        1.000        6.000        6.000
   480:        6.000        6.000        6.000        6.000        6.000
   485:        6.000        6.000        1.000        2.000        4.000
   490:       22.000       24.000       12.000       19.000       11.000
   495:        6.000        6.000        6.000        6.000        6.000
   500:        6.000        1.000        1.000        1.000        1.000
   505:        1.000        1.000        6.000        6.000        6.000
   510:        1.000        1.000        1.000        2.000        4.000
   515:       22.000       24.000       12.000       21.000       22.000
   520:       21.000       22.000       19.000       11.000        6.000
   525:        6.000        6.000        6.000        6.000        6.000
   530:        6.000        6.000        6.000        6.000        6.000
   535:        6.000        6.000        6.000        6.000        1.000
   540:        1.000        1.000        1.000        6.000        6.000
   545:        1.000        1.000        6.000        6.000        6.000
   550:        6.000        6.000        2.000        4.000       22.000
   555:       24.000       12.000       19.000       11.000        6.000
   560:        6.000        2.000        4.000       22.000       24.000
   565:       12.000       19.000       11.000        6.000        6.000
   570:        6.000        1.000        1.000        1.000        6.000
   575:        6.000        6.000        6.000        6.000        6.000
   580:        6.000        1.000        6.000        6.000        6.000
   585:        6.000        6.000        6.000        6.000        2.000
   590:        4.000       22.000       24.000       12.000        6.000
   595:        6.000        6.000       19.000       11.000        6.000
   600:        2.000        4.000       22.000       24.000       12.000
   605:       19.000       11.000        6.000        6.000        6.000
   610:        6.000        6.000        6.000        6.000        6.000
   615:        6.000        6.000        1.000        6.000        6.000
   620:        6.000        6.000        6.000        6.000        2.000
   625:        4.000       22.000       24.000       12.000       19.000
   630:       11.000        6.000        6.000        6.000        6.000
   635:        6.000        1.000        1.000        1.000        6.000
   640:        6.000        6.000        6.000        6.000        6.000
   645:        6.000        2.000        4.000       22.000       24.000
   650:       12.000       21.000       22.000       19.000       11.000
   655:        6.000        6.000        6.000        6.000        6.000
   660:        6.000        6.000        6.000        6.000        6.000
   665:        6.000        6.000        6.000        6.000        2.000
   670:        4.000       22.000       24.000       12.000       19.000
   675:       11.000        6.000        6.000        1.000        6.000
   680:        6.000        6.000        6.000        6.000        2.000
   685:        4.000       22.000       24.000       12.000       19.000
   690:       11.000        2.000        4.000       22.000       24.000
   695:       12.000       19.000       11.000        2.000        4.000
   700:       22.000       24.000       12.000       21.000       22.000
   705:       21.000       22.000       19.000       11.000        1.000
   710:        1.000        6.000        6.000        6.000        6.000
   715:        6.000        6.000        1.000        6.000        6.000
   720:        6.000        6.000        6.000        6.000        1.000
   725:        2.000        4.000       22.000       24.000       12.000
   730:       21.000       22.000       19.000       11.000        6.000
   735:        6.000        6.000        6.000        6.000        1.000
   740:        1.000        1.000        1.000        1.000        1.000
   745:        1.000        1.000        1.000        1.000        6.000
   750:        6.000        6.000        1.000        1.000        1.000
   755:        6.000        6.000        6.000        6.000        6.000
   760:        6.000        6.000        6.000        6.000        6.000
   765:        6.000        6.000        6.000        6.000        6.000
   770:        1.000        1.000        6.000        1.000        1.000
   775:        1.000        6.000        6.000        6.000        2.000
   780:        4.000       22.000       24.000       12.000        6.000
   785:        6.000        6.000        6.000       19.000       11.000
   790:        1.000        1.000        6.000        6.000        1.000
   795:        1.000        1.000        1.000        1.000        1.000
   800:        1.000        1.000        1.000        6.000        6.000
   805:        6.000        6.000        6.000        6.000        1.000
   810:        1.000        1.000        1.000        1.000        1.000
   815:        1.000        1.000        1.000        2.000        4.000
   820:       22.000       24.000       12.000       21.000       22.000
   825:       21.000       22.000       19.000       11.000        6.000
   830:        6.000        1.000        6.000        6.000        6.000
   835:        2.000        4.000       22.000       24.000       12.000
   840:       21.000       22.000       21.000       22.000       19.000
   845:       11.000        1.000        1.000        1.000        1.000
   850:        6.000        6.000        6.000        6.000        2.000
   855:        4.000       22.000       24.000       12.000       19.000
   860:       11.000        1.000        1.000        1.000        1.000
   865:        6.000        6.000        6.000        6.000        6.000
   870:      100.000
T:
     0:        0.000        0.000        0.000        0.000        4.260
     5:        4.530       30.060       40.890       57.090       77.790
    10:      102.590      103.110      103.450      104.160      115.260
    15:      116.580      170.900      179.820      191.790      191.790
    20:      191.790      191.800      191.800      201.790      201.800
    25:      227.110      227.110      227.110      227.120      227.120
    30:      229.190      229.820      232.760      237.110      237.120
    35:      250.690      331.050      331.110      332.770      342.230
    40:      348.700      377.490      423.790      423.790      423.790
    45:      423.800      423.800      432.580      433.790      433.800
    50:      434.290      434.680      435.470      441.780      443.910
    55:      446.970      447.500      448.390      532.950      533.640
    60:      535.860      537.400      546.100      554.100      603.980
    65:      604.640      608.370      609.050      609.710      615.010
    70:      618.330      618.950      646.430      646.500      665.990
    75:      666.620      667.050      702.560      729.130      729.130
    80:      729.130      729.140      729.140      733.690      738.960
    85:      739.130      739.140      739.980      740.130      740.270
    90:      742.380      742.640      746.060      746.840      820.970
    95:      821.100      821.210      821.890      847.660      905.610
   100:      913.460      924.900      925.150      951.500      952.270
   105:      956.530      976.860      976.860      976.860      976.870
   110:      976.870      978.560      978.560      986.860      986.870
   115:      998.310      998.550      998.820     1001.390     1003.250
   120:     1003.950     1004.500     1014.030     1014.030     1014.030
   125:     1014.040     1014.040     1024.030     1024.040     1042.270
   130:     1042.270     1042.270     1042.280     1042.280     1052.270
   135:     1052.280     1058.340     1060.020     1060.160     1060.700
   140:     1063.450     1063.910     1064.100     1064.460     1065.980
   145:     1066.430     1085.530     1086.570     1147.640     1160.040
   150:     1160.200     1183.620     1188.600     1308.440     1318.870
   155:     1328.470     1328.470     1328.470     1328.480     1328.480
   160:     1338.470     1338.480     1403.110     1403.820     1483.250
   165:     1485.840     1486.220     1486.420     1517.170     1517.170
   170:     1517.170     1517.180     1517.180     1527.170     1527.180
   175:     1532.700     1532.700     1532.700     1532.710     1532.710
   180:     1542.700     1542.710     1597.180     1597.570     1615.830
   185:     1618.540     1620.300     1652.140     1652.410     1652.550
   190:     1658.660     1667.800     1668.980     1673.490     1718.760
   195:     1718.810     1718.900     1738.300     1739.370     1740.990
   200:     1741.610     1741.720     1746.030     1755.300     1819.820
   205:     2026.060     2038.230     2038.600     2038.900     2045.290
   210:     2109.860     2128.500     2130.570     2130.770     2142.010
   215:     2143.250     2159.670     2175.070     2175.860     2176.010
   220:     2176.510     2178.830     2190.820     2194.050     2196.860
   225:     2198.950     2259.470     2263.700     2313.820     2333.300
   230:     2333.420     2333.960     2471.380     2526.890     2526.950
   235:     2539.400     2539.760     2539.990     2579.620     2605.800
   240:     2654.150     2708.270     2708.270     2708.270     2708.280
   245:     2708.280     2713.030     2718.270     2718.280     2731.610
   250:     2731.710     2738.610     2738.750     2738.890     2788.410
   255:     2803.710     2818.510     2908.370     2910.640     2917.670
   260:     2919.850     2920.260     2968.720     2974.000     2982.920
   265:     2993.310     2993.310     2993.310     2993.320     2993.320
   270:     3003.310     3003.320     3017.520     3017.840     3025.230
   275:     3054.880     3055.210     3059.270     3059.270     3059.270
   280:     3059.280     3059.280     3069.270     3069.280     3077.890
   285:     3212.750     3238.180     3246.390     3246.510     3246.590
   290:     3248.160     3253.220     3257.190     3257.560     3266.470
   295:     3270.000     3270.000     3270.000     3270.010     3270.010
   300:     3273.570     3275.760     3280.000     3280.010     3288.490
   305:     3289.820     3436.650     3439.860     3440.780     3451.210
   310:     3451.280     3451.540     3452.250     3489.770     3545.360
   315:     3557.740     3625.310     3628.820     3628.890     3646.060
   320:     3646.340     3693.200     3693.500     3715.010     3715.010
   325:     3715.010     3715.020     3715.020     3715.970     3715.970
   330:     3719.110     3725.010     3725.020     3735.870     3926.770
   335:     3927.150     3951.070     3951.250     3951.490     4011.920
   340:     4019.520     4019.890     4025.090     4031.100     4031.170
   345:     4031.870     4031.930     4040.560     4040.560     4040.560
   350:     4040.570     4040.570     4041.860     4041.860     4050.560
   355:     4050.570     4051.830     4051.830     4051.830     4051.840
   360:     4051.840     4057.880     4057.880     4061.830     4061.840
   365:     4063.820     4063.820     4063.820     4063.830     4063.830
   370:     4067.210     4067.210     4073.820     4073.830     4181.080
   375:     4181.710     4182.670     4187.200     4187.430     4210.970
   380:     4211.790     4280.150     4310.790     4311.800     4314.580
   385:     4321.210     4322.190     4322.360     4322.560     4323.510
   390:     4384.690     4442.580     4442.580     4442.580     4442.590
   395:     4442.590     4444.010     4444.340     4452.130     4452.580
   400:     4452.590     4455.110     4459.730     4461.030     4466.690
   405:     4467.100     4467.340     4467.600     4472.870     4526.070
   410:     4545.460     4584.240     4586.660     4610.930     4611.830
   415:     4613.450     4615.560     4616.430     4616.610     4618.610
   420:     4618.660     4618.780     4624.650     4644.180     4644.180
   425:     4644.180     4644.190     4644.190     4649.900     4649.900
   430:     4652.400     4652.400     4654.180     4654.190     4661.940
   435:     4661.940     4661.940     4661.950     4661.950     4671.940
   440:     4671.950     4672.500     4672.790     4764.920     4896.350
   445:     4920.750     4957.260     4957.410     4959.750     4967.730
   450:     5040.660     5041.260     5041.720     5057.770     5059.340
   455:     5169.300     5169.560     5214.660     5216.510     5216.890
   460:     5220.330     5220.370     5226.130     5226.430     5227.850
   465:     5230.290     5235.240     5236.620     5237.730     5238.930
   470:     5240.190     5280.060     5290.950     5333.660     5354.620
   475:     5356.590     5393.470     5404.890     5410.980     5411.060
   480:     5412.190     5466.710     5468.180     5495.470     5495.970
   485:     5500.430     5549.160     5600.400     5607.400     5607.400
   490:     5607.400     5607.410     5607.410     5617.400     5617.410
   495:     5627.730     5627.850     5632.430     5633.720     5634.680
   500:     5635.550     5669.930     5671.900     5673.000     5673.040
   505:     5676.850     5676.910     5703.440     5704.390     5727.380
   510:     5760.120     5761.280     5766.620     5807.410     5807.410
   515:     5807.410     5807.420     5807.420     5808.570     5808.570
   520:     5813.170     5813.170     5817.410     5817.420     5843.490
   525:     5844.480     5879.520     6031.880     6132.820     6133.350
   530:     6134.550     6167.880     6168.160     6168.520     6186.160
   535:     6189.920     6192.300     6195.090     6277.580     6288.470
   540:     6289.820     6291.010     6291.480     6381.760     6416.420
   545:     6448.250     6459.930     6495.870     6561.530     6569.120
   550:     6569.330     6583.910     6593.280     6593.280     6593.280
   555:     6593.290     6593.290     6603.280     6603.290     6728.130
   560:     6728.920     6732.920     6732.920     6732.920     6732.930
   565:     6732.930     6742.920     6742.930     6768.080     6785.370
   570:     6786.600     6825.500     6827.690     6828.990     6961.260
   575:     6961.410     6961.940     6970.280     6971.080     6973.520
   580:     6975.690     7041.650     7065.090     7070.770     7074.510
   585:     7090.740     7091.630     7092.870     7101.480     7103.340
   590:     7103.340     7103.340     7103.350     7103.350     7110.940
   595:     7111.030     7111.200     7113.340     7113.350     7164.940
   600:     7172.490     7172.490     7172.490     7172.500     7172.500
   605:     7182.490     7182.500     7222.700     7222.840     7222.950
   610:     7314.260     7331.330     7348.530     7349.930     7350.110
   615:     7366.650     7367.450     7397.940     7418.310     7435.100
   620:     7468.910     7469.360     7476.660     7491.380     7495.280
   625:     7495.280     7495.280     7495.290     7495.290     7505.280
   630:     7505.290     7547.110     7548.030     7548.370     7630.820
   635:     7631.020     7660.530     7686.930     7688.640     7716.210
   640:     7716.410     7716.720     7724.320     7736.970     7746.450
   645:     7754.620     7757.600     7757.600     7757.600     7757.610
   650:     7757.610     7758.310     7758.310     7767.600     7767.610
   655:     7818.430     7842.650     7842.690     7907.630     7911.050
   660:     7912.580     7994.710     7995.200     7998.650     7999.650
   665:     8001.030     8006.520     8041.040     8042.040     8077.610
   670:     8077.610     8077.610     8077.620     8077.620     8087.610
   675:     8087.620     8108.510     8263.040     8285.850     8378.240
   680:     8378.400     8390.250     8392.490     8417.090     8425.230
   685:     8425.230     8425.230     8425.240     8425.240     8435.230
   690:     8435.240     8468.760     8468.760     8468.760     8468.770
   695:     8468.770     8478.760     8478.770     8504.810     8504.810
   700:     8504.810     8504.820     8504.820     8505.160     8505.160
   705:     8506.180     8506.180     8514.810     8514.820     8516.730
   710:     8562.390     8584.810     8619.030     8625.060     8630.600
   715:     8630.950     8631.280     8665.110     8712.530     8771.180
   720:     8801.340     8801.520     8823.220     8824.450     8832.980
   725:     8882.880     8882.880     8882.880     8882.890     8882.890
   730:     8884.360     8884.360     8892.880     8892.890     8927.540
   735:     8932.720     8985.800     8999.540     9000.600     9011.070
   740:     9011.580     9014.450     9014.550     9017.110     9017.160
   745:     9017.710     9021.300     9021.450     9027.740     9081.040
   750:     9081.370     9089.390     9111.490     9177.220     9179.230
   755:     9206.600     9331.660     9332.700     9338.550     9355.770
   760:     9355.970     9363.460     9366.530     9437.100     9439.450
   765:     9512.110     9521.230     9521.430     9522.520     9527.010
   770:     9565.960     9689.970     9742.610     9756.230     9757.180
   775:     9757.740     9771.150     9772.300     9836.730     9842.110
   780:     9842.110     9842.110     9842.120     9842.120     9848.730
   785:     9849.300     9849.690     9850.160     9852.110     9852.120
   790:     9866.170     9871.770     9875.890    10124.600    10205.940
   795:    10206.540    10206.880    10209.170    10209.900    10212.130
   800:    10212.280    10328.840    10329.320    10427.260    10429.090
   805:    10432.550    10433.960    10434.320    10435.140    10453.000
   810:    10453.090    10453.450    10453.910    10454.060    10454.320
   815:    10457.020    10457.910    10476.160    10479.550    10479.550
   820:    10479.550    10479.560    10479.560    10481.830    10481.830
   825:    10481.980    10481.980    10489.550    10489.560    10495.110
   830:    10498.210    10542.900    10562.690    10564.360    10568.400
   835:    10577.410    10577.410    10577.410    10577.420    10577.420
   840:    10585.830    10585.830    10587.250    10587.250    10587.410
   845:    10587.420    10631.640    10635.660    10640.800    10641.030
   850:    10651.700    10651.910    10652.670    10674.990    10689.020
   855:    10689.020    10689.020    10689.030    10689.030    10699.020
   860:    10699.030    10725.710    10734.590    10734.990    10746.700
   865:    10750.940    10751.260    10757.290    10757.400    10757.430
   870:    10800.000
