File: C:\MED-PC\Data\2024-11-11_08h42m_Subject 34.txt


Start Date: 11/11/24
End Date: 11/11/24
Subject: 34
Experiment: OralFentSA
Group: One
Box: 2
Start Time: 08:42:49
End Time: 12:51:32
MSN: Golden_Liq_SelfAdmin_EXT
F:       0.000
G:     383.000
H:   10800.000
I:       0.000
J:       0.000
K:       0.000
L:       0.000
M:       0.000
N:       0.000
O:       0.000
P:       0.000
Q:       0.000
R:       0.000
S:       0.000
U:       0.000
V:       0.000
W:       0.000
X:       0.000
Y:       0.000
Z:       0.000
A:
     0:        0.000        0.000      180.000        4.000        0.000
     5:        5.000        0.000        5.000        0.000        0.000
    10:        1.000        0.000       10.000   100000.000       19.000
    15:       16.000      600.000        0.000        0.000        0.000
    20:        0.000
B:
     0:        0.000        0.000        0.000        0.000        0.000
     5:        0.000        0.000        0.000        0.000        0.000
    10:        0.000        0.000     1000.000 10000000.000        0.000
    15:        0.000        0.000        0.000        0.000        0.000
    20:        0.000
C:
     0:        0.000       17.000       21.000       17.000      260.000
     5:     4749.020       24.200       14.000      611.160       43.654
    10:       17.000       21.000        0.000        0.000        0.000
    15:        0.000        0.000        0.000        0.000        0.000
    20:        0.000
D:
     0:        2.450       15.610       44.470       12.950       40.380
     5:        4.820       21.440        8.420       50.960      265.890
    10:       66.770       13.770       39.030       24.200
E:
     0:       19.000       11.000       26.000       27.000        6.000
     5:        6.000        6.000        6.000        1.000        6.000
    10:        2.000        4.000       22.000       24.000        6.000
    15:        6.000        6.000       19.000       11.000        6.000
    20:        1.000        6.000        6.000        6.000        6.000
    25:        2.000        4.000       22.000       24.000       19.000
    30:       11.000        6.000        2.000        4.000       22.000
    35:       24.000       19.000       11.000        6.000        6.000
    40:        6.000        6.000        2.000        4.000       22.000
    45:       24.000       21.000       22.000       20.000       19.000
    50:       11.000        2.000        4.000       22.000       24.000
    55:       19.000       11.000        2.000        4.000       22.000
    60:       24.000       19.000       11.000        6.000        6.000
    65:        6.000        6.000        6.000        6.000        6.000
    70:        6.000        6.000        2.000        4.000       22.000
    75:       24.000       19.000       11.000        1.000        1.000
    80:        6.000        2.000        4.000       22.000       24.000
    85:        6.000        6.000        6.000        6.000        6.000
    90:        6.000        6.000        6.000       19.000       11.000
    95:        6.000        6.000        2.000        4.000       22.000
   100:       24.000       19.000       11.000        6.000        6.000
   105:        6.000        6.000        6.000        6.000        6.000
   110:        6.000        6.000        6.000        6.000        6.000
   115:        6.000        6.000        6.000        6.000        6.000
   120:        6.000        6.000        6.000        6.000        6.000
   125:        2.000        4.000       22.000       24.000        6.000
   130:        6.000       19.000       11.000        1.000        6.000
   135:        6.000        1.000        6.000        6.000        6.000
   140:        6.000        6.000        6.000        6.000        6.000
   145:        1.000        6.000        6.000        6.000        6.000
   150:        6.000        6.000        6.000        6.000        6.000
   155:        6.000        6.000        6.000        6.000        6.000
   160:        6.000        6.000        6.000        6.000        6.000
   165:        6.000        6.000        6.000        1.000        6.000
   170:        6.000        1.000        1.000        1.000        6.000
   175:        6.000        6.000        6.000        6.000        6.000
   180:        6.000        6.000        6.000        6.000        6.000
   185:        6.000        6.000        6.000        6.000        6.000
   190:        6.000        6.000        6.000        6.000        6.000
   195:        6.000        1.000        6.000        6.000        1.000
   200:        1.000        1.000        1.000        6.000        6.000
   205:        6.000        6.000        2.000        4.000       22.000
   210:       24.000       19.000       11.000        6.000        6.000
   215:        2.000        4.000       22.000       24.000       19.000
   220:       11.000        6.000        6.000        6.000        6.000
   225:        6.000        2.000        4.000       22.000       24.000
   230:       19.000       11.000        6.000        6.000        6.000
   235:        6.000        6.000        6.000        6.000        6.000
   240:        6.000        6.000        6.000        6.000        6.000
   245:        6.000        6.000        6.000        6.000        6.000
   250:        6.000        6.000        6.000        6.000        6.000
   255:        6.000        6.000        6.000        6.000        6.000
   260:        6.000        6.000        6.000        6.000        6.000
   265:        6.000        6.000        6.000        6.000        6.000
   270:        2.000        4.000       22.000       24.000       19.000
   275:       11.000        6.000        1.000        6.000        6.000
   280:        6.000        6.000        6.000        6.000        6.000
   285:        6.000        6.000        6.000        6.000        2.000
   290:        4.000       22.000       24.000       19.000       11.000
   295:        6.000        6.000        2.000        4.000       22.000
   300:       24.000       19.000       11.000        6.000        6.000
   305:        6.000        6.000        6.000        6.000        6.000
   310:        6.000        6.000        6.000        6.000        6.000
   315:        6.000        6.000        6.000        1.000        1.000
   320:        6.000        6.000        6.000        6.000        6.000
   325:        6.000        6.000        6.000        6.000        6.000
   330:        6.000        6.000        6.000        6.000        6.000
   335:        6.000        6.000        6.000        6.000        6.000
   340:        6.000        6.000        6.000        6.000        6.000
   345:        6.000        6.000        6.000        6.000        6.000
   350:        6.000        6.000        6.000        6.000        6.000
   355:        6.000        6.000        6.000        6.000        6.000
   360:        6.000        6.000        1.000        6.000        6.000
   365:        6.000        6.000        6.000        6.000        6.000
   370:        6.000        6.000        6.000        6.000        6.000
   375:        6.000        6.000        6.000        6.000        6.000
   380:        6.000        6.000        6.000      100.000
T:
     0:        0.000        0.000        0.000        0.000        4.410
     5:        5.380        5.600       12.860       17.270       19.660
    10:       21.470       21.470       21.470       21.480       23.930
    15:       24.430       27.600       31.470       31.480       33.140
    20:       61.940       69.190       69.420       83.620       86.190
    25:       87.460       87.460       87.460       87.470       97.460
    30:       97.470      103.080      109.890      109.890      109.890
    35:      109.900      119.890      119.900      154.370      162.600
    40:      162.690      168.930      170.860      170.860      170.860
    45:      170.870      172.500      172.500      178.050      180.860
    50:      180.870      181.330      181.330      181.330      181.340
    55:      191.330      191.340      242.660      242.660      242.660
    60:      242.670      252.660      252.670      255.620      255.680
    65:      255.770      260.430      260.510      261.530      262.980
    70:      272.750      286.590      288.370      288.370      288.370
    75:      288.380      298.370      298.380      317.320      324.180
    80:      328.760      332.930      332.930      332.930      332.940
    85:      337.760      338.470      339.740      339.770      339.830
    90:      341.190      341.270      342.330      342.930      342.940
    95:      346.660      347.830      352.460      352.460      352.460
   100:      352.470      362.460      362.470      373.910      375.340
   105:      391.840      392.030      441.760      462.350      464.700
   110:      472.400      472.830      473.710      474.800      476.320
   115:      480.960      557.060      560.680      560.770      563.750
   120:      563.810      567.430      568.120      578.090      578.560
   125:      587.280      587.280      587.280      587.290      595.710
   130:      595.810      597.280      597.290      604.500      626.210
   135:      637.580      658.940      673.080      676.980      677.230
   140:      678.560      679.580      707.160      747.810      758.450
   145:      770.460      789.770      789.850      804.850      838.060
   150:      853.620      853.700      854.230      867.910      868.040
   155:      910.920      933.380      933.450      936.510      940.470
   160:      955.110      961.160     1025.560     1036.130     1057.630
   165:     1099.230     1099.310     1099.700     1118.870     1126.730
   170:     1152.760     1219.770     1238.030     1240.960     1264.010
   175:     1491.100     1491.400     1494.260     1508.060     1514.160
   180:     1515.180     1563.630     1563.800     1565.960     1567.570
   185:     1571.020     1571.440     1579.870     1579.960     1582.270
   190:     1582.500     1583.940     1586.180     1586.880     1591.750
   195:     1634.300     1645.830     1660.000     1660.180     1671.140
   200:     1672.870     1675.030     1676.830     1700.310     1721.550
   205:     1721.630     1722.100     1728.010     1728.010     1728.010
   210:     1728.020     1738.010     1738.020     1778.980     1779.080
   215:     1789.160     1789.160     1789.160     1789.170     1799.160
   220:     1799.170     2055.060     2121.980     2122.560     2130.370
   225:     2196.070     2197.970     2197.970     2197.970     2197.980
   230:     2207.970     2207.980     2264.750     2268.570     2269.270
   235:     2270.440     2270.600     2272.480     2274.870     2276.920
   240:     2278.910     2279.140     2279.620     2281.160     2281.450
   245:     2282.660     2282.920     2282.990     2283.110     2286.040
   250:     2286.300     2289.030     2294.410     2296.400     2296.680
   255:     2298.730     2299.120     2301.950     2302.080     2303.930
   260:     2305.940     2308.700     2517.460     2544.410     2544.640
   265:     2549.030     2569.920     2570.320     2615.350     2615.450
   270:     2624.090     2624.090     2624.090     2624.100     2634.090
   275:     2634.100     2637.870     2653.620     2682.780     2687.930
   280:     4577.310     4580.020     4584.980     4589.420     4628.430
   285:     4648.810     4652.640     4653.110     4653.240     4657.710
   290:     4657.710     4657.710     4657.720     4667.710     4667.720
   295:     4696.750     4700.750     4749.010     4749.010     4749.010
   300:     4749.020     4759.010     4759.020     4773.220     4785.700
   305:     4785.800     4785.890     4789.070     4793.790     4794.040
   310:     4859.510     4865.940     4873.960     4874.020     4919.120
   315:     4980.650     4980.840     5019.250     5082.280     5082.490
   320:     5135.280     5137.550     5142.950     5144.340     5144.480
   325:     5147.580     5148.790     5151.790     5152.240     5155.220
   330:     5155.870     5157.660     5160.210     5880.980     5884.010
   335:     5889.100     5934.400     6035.690     6067.040     6069.680
   340:     6073.020     6073.070     6078.270     7607.230     7607.280
   345:     7607.680     7608.680     7610.740     9225.120     9700.960
   350:     9746.610     9849.850     9850.010     9851.080     9854.400
   355:    10106.620    10113.200    10148.080    10248.640    10248.820
   360:    10249.270    10332.930    10424.270    10540.580    10579.210
   365:    10610.990    10611.300    10613.450    10614.520    10615.660
   370:    10616.150    10617.410    10620.420    10627.650    10632.910
   375:    10632.990    10634.060    10635.390    10636.150    10637.750
   380:    10639.000    10642.420    10796.660    10800.000
