File: C:\MED-PC\Data\2024-11-18_16h13m_Subject 45.txt


Start Date: 11/18/24
End Date: 11/18/24
Subject: 45
Experiment: OralFentSA
Group: One
Box: 1
Start Time: 16:13:37
End Time: 18:55:20
MSN: Golden_Liq_SelfAdmin_EXT
F:       0.000
G:     768.000
H:    9681.580
I:       0.000
J:       0.000
K:       0.000
L:       0.000
M:       0.000
N:       0.000
O:       0.000
P:       0.000
Q:       0.000
R:       0.000
S:       0.000
U:       0.000
V:       0.000
W:       0.000
X:       0.000
Y:       0.000
Z:       0.000
A:
     0:        0.000        0.000      180.000        4.000        0.000
     5:        5.000        0.000        5.000        0.000        0.000
    10:        1.000        0.000       10.000   100000.000       19.600
    15:       21.000      600.000        0.000        0.000        0.000
    20:        0.000
B:
     0:        0.000        0.000        0.000        0.000        0.000
     5:        0.000        0.000        0.000        0.000        0.000
    10:        0.000        0.000     1000.000 10000000.000        0.000
    15:        0.000        0.000        0.000        0.000        0.000
    20:        0.000
C:
     0:        0.000       33.000       90.000       44.000      426.000
     5:     7325.470      102.280       29.000      750.820       25.890
    10:       44.000       90.000        0.000        0.000        0.000
    15:        0.000        0.000        0.000        0.000        0.000
    20:        0.000
D:
     0:        3.260        4.750       10.440       28.310        9.380
     5:        7.450        2.330        2.260       71.910        6.280
    10:       85.340       23.070        4.270       21.300        1.920
    15:        4.370        7.610       21.960        2.870       23.730
    20:       91.460        6.020       36.250       18.770       73.290
    25:        8.180       69.270        2.490      102.280
E:
     0:       19.000       11.000       26.000       27.000        1.000
     5:        1.000        1.000        1.000        6.000        6.000
    10:        6.000        6.000        6.000        6.000        6.000
    15:        6.000        6.000        6.000        6.000        6.000
    20:        1.000        1.000        1.000        1.000        1.000
    25:        1.000        1.000        2.000        4.000       22.000
    30:       24.000       12.000        6.000       19.000       11.000
    35:        6.000        6.000        6.000        6.000        6.000
    40:        6.000        6.000        6.000        6.000        6.000
    45:        6.000        1.000        6.000        6.000        6.000
    50:        6.000        2.000        4.000       22.000       24.000
    55:       12.000       21.000       22.000       21.000       22.000
    60:        6.000        6.000       19.000       11.000        1.000
    65:        2.000        4.000       22.000       24.000       12.000
    70:       19.000       11.000        6.000        6.000        2.000
    75:        4.000       22.000       24.000       12.000       19.000
    80:       11.000        6.000        6.000        6.000        6.000
    85:        6.000        6.000        6.000        6.000        6.000
    90:        6.000        6.000        6.000        6.000        1.000
    95:        1.000        1.000        1.000        1.000        6.000
   100:        6.000        2.000        4.000       22.000       24.000
   105:       12.000       21.000       22.000        6.000        6.000
   110:       19.000       11.000        6.000        1.000        1.000
   115:        1.000        1.000        2.000        4.000       22.000
   120:       24.000       12.000        6.000       19.000       11.000
   125:        6.000        6.000        6.000        6.000        6.000
   130:        6.000        6.000        2.000        4.000       22.000
   135:       24.000       12.000        6.000        6.000       19.000
   140:       11.000        6.000        6.000        6.000        6.000
   145:        6.000        6.000        6.000        6.000        2.000
   150:        4.000       22.000       24.000       12.000        6.000
   155:        6.000        6.000       19.000       11.000        6.000
   160:        6.000        6.000        6.000        6.000        6.000
   165:        6.000        6.000        6.000        2.000        4.000
   170:       22.000       24.000       12.000       19.000       11.000
   175:        6.000        6.000        6.000        2.000        4.000
   180:       22.000       24.000       12.000        6.000       19.000
   185:       11.000        1.000        1.000        1.000        1.000
   190:        6.000        1.000        1.000        1.000        1.000
   195:        6.000        6.000        6.000        1.000        6.000
   200:        2.000        4.000       22.000       24.000       12.000
   205:       21.000       22.000       21.000       22.000       19.000
   210:       11.000        1.000        6.000        6.000        2.000
   215:        4.000       22.000       24.000       12.000       19.000
   220:       11.000        6.000        1.000        1.000        1.000
   225:        2.000        4.000       22.000       24.000       12.000
   230:        6.000       19.000       11.000        6.000        6.000
   235:        6.000        6.000        6.000        6.000        6.000
   240:        6.000        6.000        6.000        6.000        6.000
   245:        6.000        6.000        6.000        6.000        6.000
   250:        6.000        1.000        6.000        6.000        6.000
   255:        6.000        1.000        1.000        1.000        1.000
   260:        1.000        1.000        1.000        2.000        4.000
   265:       22.000       24.000       12.000       19.000       11.000
   270:        6.000        6.000        6.000        6.000        6.000
   275:        6.000        6.000        6.000        6.000        6.000
   280:        6.000        6.000        6.000        6.000        6.000
   285:        1.000        1.000        1.000        6.000        6.000
   290:        6.000        6.000        6.000        6.000        6.000
   295:        6.000        6.000        6.000        6.000        6.000
   300:        6.000        2.000        4.000       22.000       24.000
   305:       12.000        6.000       19.000       11.000        6.000
   310:        6.000        6.000        6.000        6.000        6.000
   315:        6.000        6.000        6.000        1.000        1.000
   320:        1.000        1.000        6.000        6.000        6.000
   325:        6.000        6.000        6.000        6.000        1.000
   330:        1.000        6.000        6.000        6.000        6.000
   335:        6.000        6.000        6.000        6.000        6.000
   340:        6.000        6.000        6.000        6.000        6.000
   345:        6.000        2.000        4.000       22.000       24.000
   350:       12.000        6.000        6.000       19.000       11.000
   355:        6.000        6.000        6.000        6.000        1.000
   360:        1.000        2.000        4.000       22.000       24.000
   365:       12.000        6.000       19.000       11.000        6.000
   370:        6.000        6.000        6.000        1.000        1.000
   375:        2.000        4.000       22.000       24.000       12.000
   380:       21.000       22.000       19.000       11.000        6.000
   385:        6.000        6.000        6.000        6.000        1.000
   390:        1.000        2.000        4.000       22.000       24.000
   395:       12.000        6.000        6.000       19.000       11.000
   400:        1.000        6.000        6.000        6.000        6.000
   405:        6.000        6.000        6.000        6.000        6.000
   410:        6.000        1.000        6.000        6.000        6.000
   415:        6.000        6.000        6.000        6.000        6.000
   420:        6.000        6.000        1.000        6.000        6.000
   425:        2.000        4.000       22.000       24.000       12.000
   430:       19.000       11.000        2.000        4.000       22.000
   435:       24.000       12.000       19.000       11.000        6.000
   440:        2.000        4.000       22.000       24.000       12.000
   445:       20.000       20.000       19.000       11.000        6.000
   450:        6.000        1.000        1.000        6.000        6.000
   455:        2.000        4.000       22.000       24.000       12.000
   460:        6.000       19.000       11.000        2.000        4.000
   465:       22.000       24.000       12.000       21.000       22.000
   470:       21.000       22.000       21.000       22.000       21.000
   475:       22.000       19.000       11.000        6.000        6.000
   480:        6.000        6.000        6.000        6.000        6.000
   485:        6.000        6.000        6.000        6.000        6.000
   490:        6.000        6.000        6.000        6.000        6.000
   495:        6.000        6.000        6.000        6.000        6.000
   500:        6.000        6.000        6.000        6.000        6.000
   505:        6.000        6.000        6.000        6.000        6.000
   510:        6.000        6.000        6.000        6.000        6.000
   515:        6.000        6.000        6.000        6.000        6.000
   520:        6.000        6.000        6.000        6.000        6.000
   525:        2.000        4.000       22.000       24.000       12.000
   530:       19.000       11.000        6.000        6.000        6.000
   535:        2.000        4.000       22.000       24.000       12.000
   540:       19.000       11.000        2.000        4.000       22.000
   545:       24.000       12.000       19.000       11.000        6.000
   550:        6.000        6.000        1.000        1.000        1.000
   555:        6.000        6.000        6.000        6.000        6.000
   560:        6.000        6.000        6.000        2.000        4.000
   565:       22.000       24.000       12.000       21.000       22.000
   570:       19.000       11.000        2.000        4.000       22.000
   575:       24.000       12.000        6.000        6.000        6.000
   580:       19.000       11.000        6.000        6.000        6.000
   585:        6.000        6.000        6.000        6.000        6.000
   590:        6.000        6.000        6.000        6.000        1.000
   595:        6.000        6.000        6.000        6.000        6.000
   600:        6.000        6.000        6.000        6.000        6.000
   605:        6.000        6.000        6.000        6.000        6.000
   610:        6.000        6.000        6.000        6.000        6.000
   615:        6.000        6.000        6.000        6.000        6.000
   620:        6.000        6.000        6.000        6.000        6.000
   625:        6.000        6.000        6.000        6.000        6.000
   630:        6.000        6.000        6.000        6.000        2.000
   635:        4.000       22.000       24.000       12.000       19.000
   640:       11.000        1.000        1.000        1.000        1.000
   645:        1.000        1.000        1.000        1.000        1.000
   650:        6.000        6.000        6.000        2.000        4.000
   655:       22.000       24.000       12.000        6.000        6.000
   660:        6.000       19.000       11.000        6.000        6.000
   665:        6.000        6.000        6.000        6.000        6.000
   670:        6.000        6.000        1.000        6.000        6.000
   675:        6.000        6.000        6.000        6.000        2.000
   680:        4.000       22.000       24.000       12.000       21.000
   685:       22.000       19.000       11.000        6.000        6.000
   690:        6.000        6.000        6.000        6.000        6.000
   695:        6.000        6.000        6.000        6.000        6.000
   700:        6.000        1.000        6.000        6.000        6.000
   705:        6.000        6.000        6.000        6.000        6.000
   710:        6.000        6.000        6.000        6.000        6.000
   715:        6.000        6.000        6.000        6.000        6.000
   720:        1.000        1.000        1.000        1.000        6.000
   725:        6.000        6.000        6.000        6.000        6.000
   730:        6.000        6.000        1.000        1.000        6.000
   735:        6.000        6.000        6.000        1.000        6.000
   740:        6.000        1.000        1.000        6.000        6.000
   745:        6.000        6.000        6.000        6.000        6.000
   750:        6.000        6.000        6.000        1.000        6.000
   755:        6.000        6.000        6.000        6.000        6.000
   760:        6.000        6.000        6.000        6.000        6.000
   765:        6.000        6.000        6.000
T:
     0:        0.000        0.000        0.000        0.000       39.400
     5:       40.150       41.380       65.380       93.800       97.490
    10:       97.990       99.600      111.200      114.000      114.650
    15:      115.130      127.510      127.600      142.800      183.840
    20:      208.110      212.250      213.040      213.690      214.110
    25:      214.390      220.530      223.220      223.220      223.220
    30:      223.230      223.230      226.490      233.220      233.230
    35:      263.160      264.510      264.990      273.470      293.730
    40:      294.510      295.390      305.140      305.700      305.900
    45:      313.780      326.450      350.700      385.040      394.790
    50:      394.950      397.240      397.240      397.240      397.250
    55:      397.250      397.720      397.720      398.210      398.210
    60:      402.000      402.530      407.240      407.250      416.050
    65:      432.630      432.630      432.630      432.640      432.640
    70:      442.630      442.640      443.080      443.170      452.110
    75:      452.110      452.110      452.120      452.120      462.110
    80:      462.120      480.430      480.870      481.060      525.650
    85:      526.030      526.300      536.440      537.140      556.340
    90:      621.480      621.840      622.240      677.510      686.220
    95:      690.130      695.000      696.340      702.110      715.480
   100:      715.670      718.420      718.420      718.420      718.430
   105:      718.430      719.270      719.270      727.810      728.260
   110:      728.420      728.430      734.360      762.830      763.440
   115:      763.720      764.730      772.990      772.990      772.990
   120:      773.000      773.000      780.450      782.990      783.000
   125:      786.230      786.710      791.070      791.930      793.230
   130:      799.130      801.420      883.290      883.290      883.290
   135:      883.300      883.300      885.630      888.920      893.290
   140:      893.300      896.330      903.390      933.180      961.750
   145:      963.560      963.710      964.360      968.770      989.960
   150:      989.960      989.960      989.970      989.970      992.230
   155:      998.770      998.910      999.960      999.970     1000.270
   160:     1032.880     1033.030     1033.310     1108.960     1109.520
   165:     1109.600     1134.680     1134.860     1174.750     1174.750
   170:     1174.750     1174.760     1174.760     1184.750     1184.760
   175:     1246.670     1246.790     1247.400     1258.330     1258.330
   180:     1258.330     1258.340     1258.340     1264.620     1268.330
   185:     1268.340     1298.240     1298.320     1302.150     1302.230
   190:     1311.160     1366.670     1366.830     1367.110     1369.100
   195:     1373.240     1400.530     1401.370     1452.530     1503.650
   200:     1519.690     1519.690     1519.690     1519.700     1519.700
   205:     1519.900     1519.900     1519.960     1519.960     1529.690
   210:     1529.700     1565.240     1605.040     1626.110     1629.560
   215:     1629.560     1629.560     1629.570     1629.570     1639.560
   220:     1639.570     1652.640     1677.640     1677.710     1679.350
   225:     1698.890     1698.890     1698.890     1698.900     1698.900
   230:     1703.170     1708.890     1708.900     1766.670     1785.550
   235:     1785.690     1786.480     1786.580     1786.680     1786.750
   240:     1790.520     1794.370     1798.520     1798.740     1800.580
   245:     1801.160     1847.650     1892.510     1892.870     1894.100
   250:     1897.100     1909.070     1941.630     1946.530     1993.180
   255:     1994.230     2032.010     2032.650     2033.390     2034.640
   260:     2034.700     2035.630     2035.680     2046.810     2046.810
   265:     2046.810     2046.820     2046.820     2056.810     2056.820
   270:     2068.120     2069.210     2072.100     2073.050     2076.760
   275:     2078.080     2080.910     2085.860     2087.790     2091.300
   280:     2092.290     2093.730     2130.770     2242.710     2245.770
   285:     2265.130     2269.200     2274.530     2357.100     2357.350
   290:     2358.520     2361.370     2364.450     2365.400     2367.940
   295:     2422.200     2422.550     2422.800     2428.720     2430.860
   300:     2524.640     2575.920     2575.920     2575.920     2575.930
   305:     2575.930     2577.850     2585.920     2585.930     2648.560
   310:     2649.570     2692.430     2704.400     2704.610     2708.560
   315:     2709.340     2713.210     2717.420     2780.790     2781.490
   320:     2792.080     2806.320     2844.400     2849.250     2976.470
   325:     2977.680     2977.840     2982.790     2983.070     3015.070
   330:     3015.740     3025.740     3026.040     3066.650     3073.830
   335:     3077.200     3078.820     3084.220     3141.930     3168.610
   340:     3169.990     3170.110     3172.000     3174.030     3195.330
   345:     3195.510     3198.580     3198.580     3198.580     3198.590
   350:     3198.590     3202.960     3204.910     3208.580     3208.590
   355:     3229.110     3239.590     3239.800     3247.350     3258.130
   360:     3260.360     3299.750     3299.750     3299.750     3299.760
   365:     3299.760     3307.370     3309.750     3309.760     3332.290
   370:     3332.430     3333.070     3396.990     3435.120     3435.630
   375:     3514.760     3514.760     3514.760     3514.770     3514.770
   380:     3522.350     3522.350     3524.760     3524.770     3536.730
   385:     3539.760     3594.870     3601.190     3602.000     3612.360
   390:     3613.610     3646.570     3646.570     3646.570     3646.580
   395:     3646.580     3649.450     3649.510     3656.570     3656.580
   400:     3666.560     3737.410     3738.240     3738.470     3750.650
   405:     3752.550     3752.910     3760.710     3764.930     3765.100
   410:     3765.280     3773.320     3792.560     3806.710     3810.550
   415:     3813.270     3813.440     3843.160     3860.650     3860.750
   420:     3861.120     3874.750     3888.590     3948.430     3948.880
   425:     3980.490     3980.490     3980.490     3980.500     3980.500
   430:     3990.490     3990.500     3990.780     3990.780     3990.780
   435:     3990.790     3990.790     4000.780     4000.790     4014.520
   440:     4017.790     4017.790     4017.790     4017.800     4017.800
   445:     4025.430     4026.250     4027.790     4027.800     4109.260
   450:     4152.020     4186.330     4197.780     4286.040     4286.280
   455:     4326.760     4326.760     4326.760     4326.770     4326.770
   460:     4332.790     4336.760     4336.770     4340.660     4340.660
   465:     4340.660     4340.670     4340.670     4341.730     4341.730
   470:     4345.730     4345.730     4348.270     4348.270     4349.320
   475:     4349.320     4350.660     4350.670     4376.920     4381.680
   480:     4428.440     4467.050     4467.260     4484.920     4506.410
   485:     4535.040     4571.240     4571.400     4571.430     4571.490
   490:     4571.600     4586.840     4592.880     4596.820     4598.560
   495:     4602.090     4607.200     4611.770     4698.780     4698.830
   500:     4699.570     4718.980     4719.230     4722.400     4727.640
   505:     4754.820     4779.040     4808.320     4841.360     4891.330
   510:     4998.660     5031.050     5036.740     5051.880     5052.130
   515:     5054.770     5055.400     5058.570     5060.400     5060.730
   520:     5062.510     5063.510     5078.270     5078.430     5103.160
   525:     5120.890     5120.890     5120.890     5120.900     5120.900
   530:     5130.890     5130.900     5139.670     5278.740     5297.050
   535:     5316.700     5316.700     5316.700     5316.710     5316.710
   540:     5326.700     5326.710     5373.500     5373.500     5373.500
   545:     5373.510     5373.510     5383.500     5383.510     5446.800
   550:     5448.080     5448.450     5463.190     5467.820     5481.900
   555:     5489.360     5505.670     5576.120     5576.870     5629.280
   560:     5629.550     5657.960     5662.600     5669.470     5669.470
   565:     5669.470     5669.480     5669.480     5677.800     5677.800
   570:     5679.470     5679.480     5679.980     5679.980     5679.980
   575:     5679.990     5679.990     5688.170     5688.270     5689.030
   580:     5689.980     5689.990     5761.190     5761.380     5761.500
   585:     5762.110     5762.780     5768.510     5769.530     5778.170
   590:     5778.450     5778.920     5783.490     5792.040     5850.930
   595:     5859.040     5879.650     5909.900     5910.000     5961.590
   600:     5961.720     5961.890     5998.680     5999.270     6001.620
   605:     6011.390     6015.470     6015.980     6016.450     6047.540
   610:     6047.640     6048.900     6051.570     6057.110     6057.170
   615:     6059.870     6187.120     6193.720     6193.780     6395.420
   620:     6552.550     6556.490     6557.110     6608.830     6608.960
   625:     6651.430     6654.790     6655.530     6657.570     6658.210
   630:     6668.830     6677.770     6679.130     6679.270     6685.990
   635:     6685.990     6685.990     6686.000     6686.000     6695.990
   640:     6696.000     6706.930     6707.410     6712.130     6712.630
   645:     6713.210     6716.530     6722.110     6730.940     6733.080
   650:     6755.270     6942.420     6942.660     6947.230     6947.230
   655:     6947.230     6947.240     6947.240     6949.730     6952.460
   660:     6957.220     6957.230     6957.240     6965.620     6965.770
   665:     6973.800     6996.560     7003.730     7009.100     7009.190
   670:     7012.310     7015.380     7033.530     7232.360     7239.150
   675:     7315.570     7315.830     7316.130     7319.400     7325.460
   680:     7325.460     7325.460     7325.470     7325.470     7329.640
   685:     7329.640     7335.460     7335.470     7427.750     7433.050
   690:     7468.730     7468.810     7471.830     7472.290     7607.990
   695:     7612.520     7612.610     7613.750     7619.000     7622.540
   700:     7626.420     7634.860     7754.690     7939.040     7939.220
   705:     7944.230     7946.430     7946.530     7946.560     7946.590
   710:     7949.390     7952.070     7955.500     7955.770     7957.450
   715:     7960.110     7964.580     7965.270     7997.780     8000.140
   720:     8022.510     8028.970     8029.510     8030.730     8162.860
   725:     8163.460     8176.370     8182.630     8183.060     8186.480
   730:     8187.380     8187.740     8196.560     8247.230     8306.630
   735:     8306.870     8307.420     8307.790     8631.230     8673.420
   740:     8674.070     8742.520     8744.490     8752.780     8802.710
   745:     8806.860     9122.780     9138.320     9138.560     9198.040
   750:     9272.590     9272.830     9278.020     9291.250     9396.590
   755:     9482.440     9487.440     9506.190     9506.250     9510.620
   760:     9510.810     9640.340     9640.480     9646.320     9647.020
   765:     9652.180     9652.240     9654.790
