File: C:\MED-PC\Data\2024-10-30_08h56m_Subject 37.txt


Start Date: 10/30/24
End Date: 10/30/24
Subject: 37
Experiment: OralFentSA
Group: One
Box: 5
Start Time: 08:56:10
End Time: 11:57:00
MSN: 20241014_Golden_Liq_SelfAdmin
F:       0.000
G:     306.000
H:   10800.000
I:       0.000
J:       0.000
K:       0.000
L:       0.000
M:       0.000
N:       0.000
O:       0.000
P:       0.000
Q:       0.000
R:       0.000
S:       0.000
U:       0.000
V:       0.000
W:       0.000
X:       0.000
Y:       0.000
Z:       0.000
A:
     0:        0.000        0.000      180.000        4.000        0.000
     5:        5.000        0.000        5.000        0.000        0.000
    10:        1.000        0.000       10.000   100000.000       23.900
    15:        8.000      640.000        0.000        0.000        0.000
    20:        0.000
B:
     0:        0.000        0.000        0.000      400.000        0.000
     5:      500.000        0.000      500.000        0.000        0.000
    10:        0.000        0.000     1000.000 10000000.000        0.000
    15:        0.000        0.000        0.000        0.000        0.000
    20:        0.000
C:
     0:       12.000       13.000        1.000       22.000      113.000
     5:     9815.580       18.970       11.000     1038.640       94.422
    10:       22.000        1.000        0.000        0.000        0.000
    15:        0.000        0.000        0.000        0.000        0.000
    20:        0.000
D:
     0:      821.240       45.060        2.550       78.600       22.390
     5:        2.350        4.740        7.570       24.460       10.710
    10:       18.970
E:
     0:       19.000       11.000       26.000       27.000        6.000
     5:        6.000        6.000        6.000        6.000        6.000
    10:        6.000        6.000        6.000        6.000        6.000
    15:        6.000        6.000        6.000        6.000        6.000
    20:        6.000        2.000        4.000       22.000       24.000
    25:       12.000       13.000        8.000        5.000       17.000
    30:       21.000       22.000       18.000       21.000       22.000
    35:       14.000       10.000       19.000       11.000        6.000
    40:        6.000        2.000        4.000       22.000       24.000
    45:       12.000       13.000        8.000        5.000       17.000
    50:       18.000       14.000       10.000       19.000       11.000
    55:        6.000        2.000        4.000       22.000       24.000
    60:       12.000       13.000        8.000        5.000       17.000
    65:        6.000        6.000       18.000       14.000       10.000
    70:       19.000       11.000        6.000        6.000        1.000
    75:        6.000        6.000        6.000        6.000        6.000
    80:        6.000        6.000        6.000        6.000        6.000
    85:        6.000        6.000        6.000        2.000        4.000
    90:       22.000       24.000       12.000       13.000        8.000
    95:        5.000       17.000       18.000       14.000       10.000
   100:       19.000       11.000        6.000        6.000        6.000
   105:        2.000        4.000       22.000       24.000       12.000
   110:       13.000        8.000        5.000       17.000       18.000
   115:       21.000       22.000       14.000       10.000       21.000
   120:       22.000       19.000       11.000        6.000        6.000
   125:        6.000        6.000        6.000        6.000        6.000
   130:        6.000        6.000        6.000        2.000        4.000
   135:       22.000       24.000       12.000       13.000        8.000
   140:        5.000       17.000       18.000       21.000       22.000
   145:       14.000       10.000       19.000       11.000        2.000
   150:        4.000       22.000       24.000       12.000       13.000
   155:        8.000        5.000       17.000        6.000       18.000
   160:       14.000       10.000       19.000       11.000        6.000
   165:        6.000        6.000        6.000        6.000        6.000
   170:        2.000        4.000       22.000       24.000       12.000
   175:       13.000        8.000        5.000       17.000       18.000
   180:        6.000        6.000       14.000       10.000        6.000
   185:       19.000       11.000        6.000        6.000        2.000
   190:        4.000       22.000       24.000       12.000       13.000
   195:        8.000        5.000       17.000       21.000       22.000
   200:       21.000       22.000       18.000       14.000       10.000
   205:        6.000       19.000       11.000        6.000        6.000
   210:        6.000        6.000        6.000        6.000        6.000
   215:        6.000        6.000        6.000        6.000        6.000
   220:        6.000        6.000        6.000        6.000        6.000
   225:        6.000        6.000        6.000        6.000        6.000
   230:        6.000        6.000        6.000        6.000        6.000
   235:        6.000        6.000        6.000        2.000        4.000
   240:       22.000       24.000       12.000       13.000        8.000
   245:        5.000       17.000       18.000       14.000       10.000
   250:       19.000       11.000        6.000        6.000        6.000
   255:        2.000        4.000       22.000       24.000       12.000
   260:       13.000        8.000        5.000       17.000       21.000
   265:       22.000       18.000       14.000       10.000       19.000
   270:       11.000        6.000        6.000        6.000        6.000
   275:        6.000        2.000        4.000       22.000       24.000
   280:       12.000       13.000        8.000        5.000       17.000
   285:       18.000       14.000       10.000       21.000       22.000
   290:       21.000       22.000       19.000       11.000        6.000
   295:        6.000        6.000        6.000        6.000        6.000
   300:        6.000        6.000        6.000        6.000        6.000
   305:        6.000      100.000
T:
     0:        0.000        0.000        0.000        0.000      137.310
     5:      137.420      240.810      247.480      248.090      727.040
    10:      891.750      892.190      895.570      895.670     1133.890
    15:     1760.230     1765.660     1770.130     1896.850     1974.300
    20:     1976.770     1987.310     1987.310     1987.310     1987.320
    25:     1987.320     1987.320     1987.320     1987.320     1987.320
    30:     1988.360     1988.360     1991.320     1992.160     1992.160
    35:     1992.320     1992.320     1997.310     1997.320     2808.560
    40:     2814.570     2859.870     2859.870     2859.870     2859.880
    45:     2859.880     2859.880     2859.880     2859.880     2859.880
    50:     2863.880     2864.880     2864.880     2869.870     2869.880
    55:     2904.940     2913.870     2913.870     2913.870     2913.880
    60:     2913.880     2913.880     2913.880     2913.880     2913.880
    65:     2916.430     2916.630     2917.880     2918.880     2918.880
    70:     2923.870     2923.880     2950.060     2958.790     2965.040
    75:     3026.430     3083.950     3085.510     4080.140     4081.290
    80:     4097.410     4124.130     4124.170     4124.960     5035.600
    85:     5042.880     5043.240     5043.380     5082.200     5082.200
    90:     5082.200     5082.210     5082.210     5082.210     5082.210
    95:     5082.210     5082.210     5086.210     5087.210     5087.210
   100:     5092.200     5092.210     5160.810     5165.500     5166.870
   105:     5180.990     5180.990     5180.990     5181.000     5181.000
   110:     5181.000     5181.000     5181.000     5181.000     5185.000
   115:     5185.800     5185.800     5186.000     5186.000     5189.960
   120:     5189.960     5190.990     5191.000     5203.390     5211.070
   125:     5243.000     5243.330     5394.840     5443.930     6575.200
   130:     6596.330     6596.510     6597.160     6601.710     6601.710
   135:     6601.710     6601.720     6601.720     6601.720     6601.720
   140:     6601.720     6601.720     6605.720     6606.260     6606.260
   145:     6606.720     6606.720     6611.710     6611.720     6615.500
   150:     6615.500     6615.500     6615.510     6615.510     6615.510
   155:     6615.510     6615.510     6615.510     6617.860     6619.510
   160:     6620.510     6620.510     6625.500     6625.510     6627.920
   165:     6628.060     6636.660     6636.750     6637.160     6647.310
   170:     6650.760     6650.760     6650.760     6650.770     6650.770
   175:     6650.770     6650.770     6650.770     6650.770     6654.770
   180:     6655.510     6655.610     6655.770     6655.770     6659.170
   185:     6660.760     6660.770     6669.630     6669.820     6741.800
   190:     6741.800     6741.800     6741.810     6741.810     6741.810
   195:     6741.810     6741.810     6741.810     6742.460     6742.460
   200:     6744.840     6744.840     6745.810     6746.810     6746.810
   205:     6749.380     6751.800     6751.810     6755.410     8079.360
   210:     8085.180     8117.610     8196.710     8211.670     8228.360
   215:     8228.450     8241.860     8242.170     8242.350     8242.680
   220:     8252.850     8309.720     8309.780     9178.730     9179.230
   225:     9191.680     9289.650     9338.010     9373.670     9374.100
   230:     9436.160     9456.290     9456.780     9467.170     9532.990
   235:     9533.130     9534.220     9534.640     9542.400     9542.400
   240:     9542.400     9542.410     9542.410     9542.410     9542.410
   245:     9542.410     9542.410     9546.410     9547.410     9547.410
   250:     9552.400     9552.410     9566.870     9575.440     9600.530
   255:     9610.330     9610.330     9610.330     9610.340     9610.340
   260:     9610.340     9610.340     9610.340     9610.340     9613.370
   265:     9613.370     9614.340     9615.340     9615.340     9620.330
   270:     9620.340     9621.050     9621.590     9738.640     9742.330
   275:     9811.100     9815.570     9815.570     9815.570     9815.580
   280:     9815.580     9815.580     9815.580     9815.580     9815.580
   285:     9819.580     9820.580     9820.580     9824.100     9824.100
   290:     9824.510     9824.510     9825.570     9825.580     9834.550
   295:     9839.420     9846.680     9847.310     9849.400     9849.870
   300:     9850.980     9851.520     9853.310     9854.910     9856.790
   305:     9858.070    10800.000
