File: C:\MED-PC\Data\2024-11-13_16h11m_Subject 55.txt


Start Date: 11/13/24
End Date: 11/13/24
Subject: 55
Experiment: OralFentSA
Group: One
Box: 11
Start Time: 16:11:04
End Time: 19:11:30
MSN: Golden_Liq_SelfAdmin_EXT
F:       0.000
G:     896.000
H:   10800.000
I:       0.000
J:       0.000
K:       0.000
L:       0.000
M:       0.000
N:       0.000
O:       0.000
P:       0.000
Q:       0.000
R:       0.000
S:       0.000
U:       0.000
V:       0.000
W:       0.000
X:       0.000
Y:       0.000
Z:       0.000
A:
     0:        0.000        0.000      180.000        4.000        0.000
     5:        5.000        0.000        5.000        0.000        0.000
    10:        1.000        0.000       10.000   100000.000       19.000
    15:       18.000      600.000        0.000        0.000        0.000
    20:        0.000
B:
     0:        0.000        0.000        0.000        0.000        0.000
     5:        0.000        0.000        0.000        0.000        0.000
    10:        0.000        0.000     1000.000 10000000.000        0.000
    15:        0.000        0.000        0.000        0.000        0.000
    20:        0.000
C:
     0:        0.000       28.000      144.000       57.000      499.000
     5:    10743.670      539.520       21.000     1807.550       86.074
    10:       57.000      144.000        0.000        0.000        0.000
    15:        0.000        0.000        0.000        0.000        0.000
    20:        0.000
D:
     0:       82.430      326.000      135.120        5.080       82.900
     5:        3.460       55.120       21.190       29.690        9.900
    10:       12.760        2.460       37.020       88.540        3.230
    15:       95.660        2.380      170.020       99.650        5.420
    20:      539.520
E:
     0:       19.000       11.000       26.000       27.000        1.000
     5:        1.000        2.000        4.000       22.000       24.000
    10:       12.000       19.000       11.000        1.000        6.000
    15:        6.000        6.000        6.000        6.000        6.000
    20:        1.000        1.000        1.000        6.000        6.000
    25:        6.000        2.000        4.000       22.000       24.000
    30:       12.000       21.000       22.000       19.000       11.000
    35:        1.000        1.000        1.000        6.000        6.000
    40:        6.000        6.000        6.000        6.000        6.000
    45:        6.000        6.000        6.000        6.000        6.000
    50:        6.000        6.000        6.000        6.000        6.000
    55:        6.000        6.000        6.000        6.000        6.000
    60:        6.000        6.000        6.000        6.000        6.000
    65:        6.000        6.000        6.000        6.000        6.000
    70:        6.000        6.000        6.000        6.000        6.000
    75:        6.000        6.000        6.000        6.000        6.000
    80:        6.000        2.000        4.000       22.000       24.000
    85:       12.000       21.000       22.000       19.000       11.000
    90:        1.000        1.000        1.000        1.000        1.000
    95:        2.000        4.000       22.000       24.000       12.000
   100:       21.000       22.000       21.000       22.000       21.000
   105:       22.000       19.000       11.000        1.000        6.000
   110:        6.000        6.000        6.000        6.000        6.000
   115:        6.000        6.000        6.000        2.000        4.000
   120:       22.000       24.000       12.000        6.000        6.000
   125:       19.000       11.000        6.000        1.000        1.000
   130:        1.000        1.000        6.000        6.000        6.000
   135:        6.000        6.000        6.000        6.000        6.000
   140:        6.000        6.000        6.000        6.000        6.000
   145:        6.000        6.000        6.000        6.000        6.000
   150:        6.000        6.000        6.000        6.000        6.000
   155:        6.000        6.000        6.000        6.000        6.000
   160:        6.000        2.000        4.000       22.000       24.000
   165:       12.000       19.000       11.000        6.000        1.000
   170:        1.000        2.000        4.000       22.000       24.000
   175:       12.000       21.000       22.000       19.000       11.000
   180:        2.000        4.000       22.000       24.000       12.000
   185:        6.000        6.000        6.000        6.000        6.000
   190:        6.000        6.000        6.000        6.000        6.000
   195:        6.000        6.000        6.000       19.000       11.000
   200:        6.000        6.000        6.000        6.000        6.000
   205:        6.000        6.000        1.000        6.000        6.000
   210:        6.000        6.000        6.000        6.000        6.000
   215:        6.000        6.000        6.000        6.000        6.000
   220:        6.000        6.000        6.000        6.000        6.000
   225:        6.000        6.000        6.000        6.000        6.000
   230:        6.000        6.000        6.000        6.000        6.000
   235:        6.000        6.000        6.000        6.000        6.000
   240:        6.000        6.000        6.000        1.000        1.000
   245:        1.000        1.000        1.000        6.000        6.000
   250:        6.000        6.000        6.000        6.000        6.000
   255:        6.000        6.000        6.000        6.000        6.000
   260:        6.000        6.000        6.000        2.000        4.000
   265:       22.000       24.000       12.000       19.000       11.000
   270:        1.000        1.000        1.000        1.000        1.000
   275:        1.000        1.000        1.000        2.000        4.000
   280:       22.000       24.000       12.000       21.000       22.000
   285:       21.000       22.000       21.000       22.000       19.000
   290:       11.000        1.000        1.000        6.000        6.000
   295:        6.000        6.000        6.000        6.000        6.000
   300:        1.000        6.000        6.000        6.000        6.000
   305:        6.000        6.000        6.000        6.000        6.000
   310:        1.000        1.000        6.000        6.000        1.000
   315:        6.000        6.000        6.000        2.000        4.000
   320:       22.000       24.000       12.000       19.000       11.000
   325:        6.000        6.000        6.000        1.000        1.000
   330:        1.000        1.000        1.000        6.000        6.000
   335:        6.000        2.000        4.000       22.000       24.000
   340:       12.000       21.000       22.000       19.000       11.000
   345:        6.000        6.000        6.000        6.000        6.000
   350:        6.000        6.000        6.000        6.000        6.000
   355:        6.000        6.000        6.000        6.000        6.000
   360:        6.000        6.000        6.000        6.000        6.000
   365:        6.000        6.000        6.000        6.000        6.000
   370:        6.000        1.000        1.000        1.000        1.000
   375:        1.000        1.000        1.000        1.000        1.000
   380:        2.000        4.000       22.000       24.000       12.000
   385:       19.000       11.000        2.000        4.000       22.000
   390:       24.000       12.000        6.000        6.000       19.000
   395:       11.000        6.000        6.000        6.000        6.000
   400:        6.000        6.000        6.000        6.000        6.000
   405:        6.000        6.000        6.000        6.000        6.000
   410:        6.000        6.000        6.000        1.000        1.000
   415:        1.000        1.000        6.000        6.000        1.000
   420:        2.000        4.000       22.000       24.000       12.000
   425:       19.000       11.000        6.000        6.000        6.000
   430:        2.000        4.000       22.000       24.000       12.000
   435:       21.000       22.000        6.000        6.000       19.000
   440:       11.000        1.000        6.000        1.000        1.000
   445:        1.000        1.000        1.000        1.000        1.000
   450:        1.000        6.000        6.000        6.000        6.000
   455:        6.000        6.000        6.000        6.000        6.000
   460:        6.000        6.000        6.000        6.000        6.000
   465:        6.000        6.000        6.000        6.000        6.000
   470:        6.000        6.000        6.000        6.000        6.000
   475:        6.000        2.000        4.000       22.000       24.000
   480:       12.000       21.000       22.000       19.000       11.000
   485:        6.000        6.000        6.000        6.000        6.000
   490:        6.000        6.000        6.000        6.000        6.000
   495:        6.000        6.000        6.000        6.000        6.000
   500:        6.000        6.000        6.000        6.000        6.000
   505:        6.000        6.000        6.000        6.000        6.000
   510:        6.000        6.000        6.000        6.000        6.000
   515:        6.000        6.000        2.000        4.000       22.000
   520:       24.000       12.000       21.000       22.000       21.000
   525:       22.000       21.000       22.000       21.000       22.000
   530:       21.000       22.000       21.000       22.000       21.000
   535:       22.000       19.000       11.000        2.000        4.000
   540:       22.000       24.000       12.000       19.000       11.000
   545:        1.000        1.000        6.000        6.000        6.000
   550:        6.000        6.000        6.000        6.000        6.000
   555:        6.000        1.000        1.000        1.000        1.000
   560:        1.000        1.000        1.000        1.000        1.000
   565:        1.000        1.000        1.000        1.000        1.000
   570:        1.000        1.000        1.000        1.000        1.000
   575:        1.000        1.000        1.000        1.000        1.000
   580:        1.000        1.000        1.000        1.000        1.000
   585:        1.000        1.000        1.000        1.000        1.000
   590:        1.000        1.000        1.000        1.000        1.000
   595:        1.000        1.000        1.000        1.000        1.000
   600:        1.000        1.000        1.000        1.000        6.000
   605:        6.000        6.000        6.000        6.000        6.000
   610:        6.000        6.000        6.000        6.000        6.000
   615:        6.000        6.000        6.000        1.000        1.000
   620:        1.000        2.000        4.000       22.000       24.000
   625:       12.000       21.000       22.000       21.000       22.000
   630:       21.000       22.000       21.000       22.000        6.000
   635:        6.000        6.000        6.000        6.000        6.000
   640:        6.000        6.000        6.000        6.000        6.000
   645:        6.000        6.000        6.000        6.000        6.000
   650:        6.000        6.000       19.000        6.000       11.000
   655:        6.000        6.000        6.000        6.000        6.000
   660:        6.000        6.000        6.000        6.000        6.000
   665:        6.000        6.000        6.000        6.000        6.000
   670:        6.000        6.000        6.000        6.000        6.000
   675:        6.000        1.000        6.000        6.000        6.000
   680:        6.000        6.000        6.000        6.000        6.000
   685:        6.000        6.000        6.000        6.000        6.000
   690:        6.000        6.000        6.000        6.000        6.000
   695:        6.000        6.000        6.000        6.000        1.000
   700:        1.000        1.000        6.000        6.000        6.000
   705:        6.000        2.000        4.000       22.000       24.000
   710:       12.000       21.000       22.000       21.000       22.000
   715:       19.000       11.000        1.000        1.000        6.000
   720:        6.000        6.000        6.000        6.000        6.000
   725:        6.000        6.000        6.000        6.000        6.000
   730:        6.000        6.000        6.000        6.000        6.000
   735:        6.000        6.000        6.000        2.000        4.000
   740:       22.000       24.000       12.000        6.000       19.000
   745:       11.000        6.000        6.000        6.000        2.000
   750:        4.000       22.000       24.000       12.000       21.000
   755:       22.000       21.000       22.000       19.000       11.000
   760:        6.000        6.000        6.000        6.000        6.000
   765:        6.000        6.000        6.000        6.000        6.000
   770:        6.000        6.000        6.000        6.000        6.000
   775:        6.000        6.000        6.000        6.000        6.000
   780:        6.000        6.000        6.000        6.000        6.000
   785:        1.000        1.000        6.000        6.000        2.000
   790:        4.000       22.000       24.000       12.000       21.000
   795:       22.000       19.000       11.000        6.000        6.000
   800:        6.000        6.000        6.000        6.000        6.000
   805:        6.000        6.000        6.000        6.000        6.000
   810:        6.000        2.000        4.000       22.000       24.000
   815:       12.000        6.000       19.000       11.000        6.000
   820:        6.000        6.000        6.000        6.000        6.000
   825:        6.000        6.000        6.000        1.000        1.000
   830:        1.000        1.000        1.000        6.000        6.000
   835:        6.000        6.000        6.000        6.000        6.000
   840:        1.000        6.000        6.000        6.000        6.000
   845:        6.000        6.000        6.000        6.000        6.000
   850:        2.000        4.000       22.000       24.000       12.000
   855:       19.000       11.000        6.000        6.000        6.000
   860:        6.000        6.000        6.000        1.000        1.000
   865:        1.000        6.000        6.000        6.000        1.000
   870:        1.000        1.000        1.000        1.000        6.000
   875:        6.000        6.000        6.000        6.000        6.000
   880:        6.000        6.000        6.000        6.000        6.000
   885:        2.000        4.000       22.000       24.000       12.000
   890:       21.000       22.000       21.000       22.000       19.000
   895:       11.000      100.000
T:
     0:        0.000        0.000        0.000        0.000        4.030
     5:        7.180       21.900       21.900       21.900       21.910
    10:       21.910       31.900       31.910       33.890      104.340
    15:      104.490      104.790      105.020      106.500      106.830
    20:      134.980      136.610      142.380      160.950      161.250
    25:      161.810      224.070      224.070      224.070      224.080
    30:      224.080      224.910      224.910      234.070      234.080
    35:      309.350      314.020      314.970      550.080      550.560
    40:      550.630      550.690      551.740      551.850      561.260
    45:      561.520      561.540      561.590      567.720      570.990
    50:      571.120      571.370      573.110      575.820      576.020
    55:      577.000      577.840      578.250      580.010      583.480
    60:      585.090      585.340      585.550      585.620      589.230
    65:      593.460      593.700      594.110      594.780      595.400
    70:      596.500      597.610      598.620      598.800      600.110
    75:      601.050      601.120      602.250      603.310      603.600
    80:      606.100      683.380      683.380      683.380      683.390
    85:      683.390      684.260      684.260      693.380      693.390
    90:      766.680      785.800      823.590      824.420      832.140
    95:      893.440      893.440      893.440      893.450      893.450
   100:      898.650      898.650      898.840      898.840      901.690
   105:      901.690      903.440      903.450      926.000     1028.570
   110:     1028.890     1030.530     1030.710     1030.840     1030.920
   115:     1031.140     1031.770     1032.230     1037.620     1037.620
   120:     1037.620     1037.630     1037.630     1042.710     1043.120
   125:     1047.620     1047.630     1100.830     1110.410     1114.270
   130:     1179.540     1245.020     1458.640     1459.000     1459.990
   135:     1460.060     1460.650     1460.700     1477.360     1483.700
   140:     1483.770     1484.730     1484.850     1485.030     1485.120
   145:     1485.160     1485.680     1487.990     1488.320     1488.340
   150:     1488.440     1488.530     1488.640     1488.890     1489.010
   155:     1489.160     1489.250     1489.950     1492.990     1494.760
   160:     1494.810     1497.370     1497.370     1497.370     1497.380
   165:     1497.380     1507.370     1507.380     1580.280     1624.380
   170:     1631.180     1787.690     1787.690     1787.690     1787.700
   175:     1787.700     1787.860     1787.860     1797.690     1797.700
   180:     1811.470     1811.470     1811.470     1811.480     1811.480
   185:     1814.940     1815.380     1818.210     1818.310     1819.290
   190:     1819.660     1819.820     1820.160     1820.350     1820.440
   195:     1820.500     1821.280     1821.430     1821.470     1821.480
   200:     1821.860     1823.720     1825.650     1829.240     1829.360
   205:     1830.240     1835.870     1847.900     2164.470     2164.640
   210:     2164.960     2165.030     2165.360     2165.940     2166.490
   215:     2166.610     2166.830     2167.120     2167.480     2167.620
   220:     2168.090     2169.590     2170.080     2171.170     2173.810
   225:     2173.960     2174.080     2174.140     2174.900     2174.950
   230:     2177.320     2180.360     2181.850     2182.660     2183.010
   235:     2184.280     2184.460     2185.430     2185.490     2186.100
   240:     2186.410     2186.570     2188.010     2210.760     2213.920
   245:     2223.320     2381.420     2382.940     2471.300     2471.400
   250:     2472.110     2473.240     2473.740     2473.790     2473.890
   255:     2474.030     2474.060     2474.150     2474.400     2476.170
   260:     2512.720     2512.890     2513.950     2545.230     2545.230
   265:     2545.230     2545.240     2545.240     2555.230     2555.240
   270:     2564.390     2577.110     2577.550     2975.220     2976.280
   275:     2977.860     2980.290     2982.250     3054.960     3054.960
   280:     3054.960     3054.970     3054.970     3055.340     3055.340
   285:     3055.660     3055.660     3062.290     3062.290     3064.960
   290:     3064.970     3084.270     3087.460     3110.090     3110.270
   295:     3110.800     3111.420     3111.460     3124.950     3125.380
   300:     3479.340     3654.160     3654.650     3655.160     3734.310
   305:     3734.690     3736.360     3739.110     3739.430     3743.330
   310:     3855.050     3861.440     3871.050     3871.170     3898.590
   315:     3970.040     3973.100     3973.560     4136.940     4136.940
   320:     4136.940     4136.950     4136.950     4146.940     4146.950
   325:     4158.140     4158.570     4160.120     4198.980     4199.280
   330:     4200.410     4208.230     4230.260     4249.210     4328.940
   335:     4329.600     4352.530     4352.530     4352.530     4352.540
   340:     4352.540     4352.640     4352.640     4362.530     4362.540
   345:     4382.230     4387.470     4390.370     4390.580     4391.630
   350:     4393.450     4394.910     4395.730     4395.930     4397.140
   355:     4397.300     4397.420     4397.750     4397.850     4397.960
   360:     4398.690     4399.670     4400.080     4400.620     4400.700
   365:     4597.440     4605.470     4605.760     4605.820     4610.330
   370:     4610.830     4876.970     4877.310     4878.680     4879.710
   375:     4879.970     4880.170     4885.690     4886.070     4891.080
   380:     4967.840     4967.840     4967.840     4967.850     4967.850
   385:     4977.840     4977.850     5027.440     5027.440     5027.440
   390:     5027.450     5027.450     5037.350     5037.420     5037.440
   395:     5037.450     5039.500     5042.980     5124.790     5125.330
   400:     5125.410     5126.450     5127.980     5129.440     5129.510
   405:     5132.450     5133.330     5133.640     5133.850     5133.880
   410:     5134.230     5137.440     5137.550     5503.100     5517.430
   415:     5519.160     5533.500     5545.470     5547.390     5615.550
   420:     5702.420     5702.420     5702.420     5702.430     5702.430
   425:     5712.420     5712.430     5715.190     5715.540     5716.000
   430:     5720.700     5720.700     5720.700     5720.710     5720.710
   435:     5721.550     5721.550     5723.170     5723.240     5730.700
   440:     5730.710     5758.340     5767.450     5928.820     5960.870
   445:     5964.500     6035.670     6042.160     6046.940     6047.360
   450:     6048.000     6120.600     6121.460     6124.010     6126.240
   455:     6127.600     6127.980     6129.390     6132.410     6134.190
   460:     6138.670     6145.920     6146.030     6146.410     6146.480
   465:     6146.680     6146.850     6146.870     6147.710     6147.800
   470:     6149.150     6149.210     6150.070     6153.080     6153.130
   475:     6154.240     6298.780     6298.780     6298.780     6298.790
   480:     6298.790     6299.410     6299.410     6308.780     6308.790
   485:     6335.810     6336.370     6336.550     6337.890     6338.680
   490:     6338.770     6338.820     6339.850     6339.920     6340.050
   495:     6340.300     6340.570     6341.340     6341.940     6342.480
   500:     6343.300     6343.780     6344.650     6345.220     6347.860
   505:     6349.400     6519.020     6519.340     6519.390     6524.230
   510:     6524.330     6525.120     6525.290     6525.350     6525.570
   515:     6527.530     6528.000     6558.000     6558.000     6558.000
   520:     6558.010     6558.010     6560.500     6560.500     6563.300
   525:     6563.300     6563.770     6563.770     6563.920     6563.920
   530:     6565.900     6565.900     6566.360     6566.360     6567.230
   535:     6567.230     6568.000     6568.010     6568.600     6568.600
   540:     6568.600     6568.610     6568.610     6578.600     6578.610
   545:     6631.260     6633.550     6657.150     6660.590     6660.950
   550:     6661.730     6662.120     6664.120     6665.810     6666.580
   555:     6667.280     6718.110     6718.850     6721.850     6722.590
   560:     6724.650     6726.720     6728.300     6731.110     6732.380
   565:     6732.840     6733.420     6734.310     6734.850     6735.720
   570:     6737.240     6738.230     6739.090     6740.780     6742.410
   575:     6742.720     6744.410     6748.080     6748.830     6749.780
   580:     6750.330     6752.920     6753.320     6753.870     6754.580
   585:     6755.950     6756.210     6756.490     6757.280     6757.640
   590:     6758.530     6760.410     6761.100     6762.270     6763.700
   595:     6764.110     6764.470     6765.320     6767.220     6767.690
   600:     6768.110     6773.710     6776.220     6776.680     6828.050
   605:     6828.250     6828.370     6829.580     6830.700     6830.730
   610:     6832.210     6832.880     6838.530     6842.560     6842.750
   615:     6844.620     6844.700     6845.880     6892.320     6900.460
   620:     6901.130     7007.120     7007.120     7007.120     7007.130
   625:     7007.130     7007.510     7007.510     7007.850     7007.850
   630:     7008.110     7008.110     7008.830     7008.830     7010.360
   635:     7010.790     7011.400     7011.980     7012.190     7012.820
   640:     7013.140     7013.570     7013.850     7013.920     7014.280
   645:     7014.450     7014.520     7014.840     7015.380     7015.800
   650:     7016.030     7016.300     7017.120     7017.120     7017.130
   655:     7017.190     7018.260     7018.420     7018.460     7020.180
   660:     7028.390     7030.390     7030.480     7030.810     7031.880
   665:     7032.580     7032.910     7033.120     7033.240     7035.770
   670:     7035.830     7036.130     7037.520     7038.560     7039.790
   675:     7103.310     7230.870     7364.190     7368.550     7369.360
   680:     7558.130     7558.520     7558.690     7559.410     7559.480
   685:     7560.670     7560.810     7561.490     7564.290     7564.510
   690:     7564.790     7565.800     7566.020     7566.040     7566.130
   695:     7566.150     7566.440     7566.480     7566.940     7609.100
   700:     7786.870     7821.770     7845.390     7845.870     7846.970
   705:     7847.320     7882.660     7882.660     7882.660     7882.670
   710:     7882.670     7884.760     7884.760     7884.860     7884.860
   715:     7892.660     7892.670     7908.750     7916.290     7978.330
   720:     7980.230     7981.190     8005.410     8006.330     8012.830
   725:     8012.940     8013.200     8034.480     8040.020     8040.600
   730:     8040.700     8053.530     8053.560     8053.730     8054.180
   735:     8064.600     8064.670     8064.700     8073.610     8073.610
   740:     8073.610     8073.620     8073.620     8076.000     8083.610
   745:     8083.620     8090.380     8090.810     8091.530     8093.190
   750:     8093.190     8093.190     8093.200     8093.200     8099.550
   755:     8099.550     8102.820     8102.820     8103.190     8103.200
   760:     8263.220     8266.110     8266.770     8268.240     8269.970
   765:     8270.180     8270.540     8270.770     8271.340     8272.280
   770:     8272.710     8272.740     8273.640     8273.830     8274.330
   775:     8276.590     8276.710     8277.140     8277.380     8277.630
   780:     8277.750     8278.540     8279.180     8279.890     8281.900
   785:     8642.120     8642.280     8647.270     8648.510     8844.550
   790:     8844.550     8844.550     8844.560     8844.560     8844.610
   795:     8844.610     8854.550     8854.560     8944.210     8947.280
   800:     8948.090     8949.110     8949.660     8951.190     8951.990
   805:     8954.060     8954.440     8960.340     8960.470     8960.690
   810:     8960.970     8992.440     8992.440     8992.440     8992.450
   815:     8992.450     8997.870     9002.440     9002.450     9004.470
   820:     9004.550     9005.040     9005.980     9006.140     9008.570
   825:     9009.320     9009.360     9009.490     9299.750     9302.490
   830:     9303.170     9305.550     9478.870     9484.790     9484.840
   835:     9485.270     9486.740     9487.060     9490.400     9490.760
   840:     9670.050     9758.370     9758.980     9759.180     9760.260
   845:     9765.610     9766.540     9767.360     9770.600     9771.900
   850:     9804.250     9804.250     9804.250     9804.260     9804.260
   855:     9814.250     9814.260    10343.780    10343.900    10346.460
   860:    10381.380    10486.560    10487.000    10506.230    10566.070
   865:    10567.430    10578.470    10579.490    10581.450    10652.110
   870:    10652.320    10654.000    10655.910    10656.340    10720.470
   875:    10721.300    10721.330    10722.210    10722.310    10726.470
   880:    10728.890    10729.660    10731.070    10731.190    10736.320
   885:    10743.660    10743.660    10743.660    10743.670    10743.670
   890:    10744.430    10744.430    10747.270    10747.270    10753.660
   895:    10753.670    10800.000
