File: C:\MED-PC\Data\2024-11-11_13h21m_Subject 55.txt


Start Date: 11/11/24
End Date: 11/11/24
Subject: 55
Experiment: OralFentSA
Group: One
Box: 11
Start Time: 13:21:13
End Time: 16:21:22
MSN: Golden_Liq_SelfAdmin_EXT
F:       0.000
G:    2387.000
H:   10799.750
I:       0.000
J:       0.000
K:       0.000
L:       0.000
M:       0.000
N:       0.000
O:       0.000
P:       0.000
Q:       0.000
R:       0.000
S:       0.000
U:       0.000
V:       0.000
W:       0.000
X:       0.000
Y:       0.000
Z:       0.000
A:
     0:        0.000        0.000      180.000        4.000        0.000
     5:        5.000        0.000        5.000        0.000        0.000
    10:        1.000        0.000       10.000   100000.000       19.000
    15:       16.000      600.000        0.000        0.000        0.000
    20:        0.000
B:
     0:        0.000        0.000        0.000        0.000        0.000
     5:        0.000        0.000        0.000        0.000        0.000
    10:        0.000        0.000     1000.000 10000000.000        0.000
    15:        0.000        0.000        0.000        0.000        0.000
    20:        0.000
C:
     0:        0.000       71.000        0.000      230.000     1573.000
     5:    10613.710        5.950       36.000     2461.690       68.380
    10:      230.000        0.000        0.000        0.000        0.000
    15:        0.000        0.000        0.000        0.000        0.000
    20:        0.000
D:
     0:        4.160       62.760        3.170        1.040      162.910
     5:        3.890       76.920        4.560        0.580       97.310
    10:       31.990        2.750      116.650      133.170        9.610
    15:       39.230      157.430       74.580       13.810        2.780
    20:        5.930      230.100       14.290        8.630       10.300
    25:       87.240        3.910       76.220      189.350        6.320
    30:      457.550        1.510        1.010        5.790      358.290
    35:        5.950
E:
     0:       19.000       11.000       26.000       27.000        2.000
     5:        4.000       22.000       24.000       12.000       21.000
    10:       22.000       21.000       22.000       21.000       22.000
    15:        6.000       19.000       11.000        6.000        6.000
    20:        6.000        6.000        6.000        6.000        2.000
    25:        4.000       22.000       24.000       12.000       19.000
    30:       11.000        6.000        6.000        6.000        6.000
    35:        6.000        6.000        6.000        6.000        6.000
    40:        6.000        6.000        6.000        6.000        6.000
    45:        6.000        6.000        6.000        6.000        6.000
    50:        6.000        6.000        6.000        6.000        6.000
    55:        6.000        6.000        6.000        6.000        6.000
    60:        6.000        6.000        6.000        6.000        6.000
    65:        6.000        6.000        6.000        6.000        6.000
    70:        6.000        6.000        6.000        6.000        6.000
    75:        6.000        6.000        6.000        6.000        6.000
    80:        6.000        6.000        6.000        6.000        6.000
    85:        6.000        6.000        6.000        6.000        6.000
    90:        6.000        6.000        6.000        6.000        6.000
    95:        6.000        6.000        6.000        6.000        6.000
   100:        6.000        6.000        6.000        6.000        6.000
   105:        6.000        6.000        6.000        6.000        6.000
   110:        6.000        6.000        6.000        6.000        6.000
   115:        6.000        6.000        6.000        6.000        6.000
   120:        6.000        6.000        6.000        6.000        6.000
   125:        6.000        6.000        6.000        6.000        6.000
   130:        6.000        2.000        4.000       22.000       24.000
   135:       12.000        6.000        6.000        6.000       19.000
   140:       11.000        6.000        6.000        6.000        6.000
   145:        6.000        6.000        6.000        6.000        6.000
   150:        6.000        6.000        6.000        6.000        6.000
   155:        6.000        6.000        6.000        6.000        6.000
   160:        6.000        6.000        6.000        6.000        6.000
   165:        6.000        6.000        6.000        6.000        6.000
   170:        6.000        2.000        4.000       22.000       24.000
   175:       12.000        6.000        6.000        6.000        6.000
   180:        6.000        6.000        6.000        6.000       19.000
   185:       11.000        6.000        6.000        6.000        6.000
   190:        6.000        6.000        6.000        6.000        6.000
   195:        6.000        6.000        6.000        6.000        6.000
   200:        6.000        6.000        6.000        6.000        6.000
   205:        6.000        6.000        6.000        6.000        6.000
   210:        6.000        6.000        6.000        6.000        6.000
   215:        2.000        4.000       22.000       24.000       12.000
   220:       21.000       22.000       19.000       11.000        2.000
   225:        4.000       22.000       24.000       12.000       19.000
   230:       11.000        2.000        4.000       22.000       24.000
   235:       12.000       19.000       11.000        6.000        6.000
   240:        6.000        6.000        6.000        6.000        6.000
   245:        6.000        6.000        6.000        6.000        6.000
   250:        6.000        6.000        6.000        6.000        6.000
   255:        6.000        6.000        6.000        6.000        6.000
   260:        6.000        6.000        6.000        6.000        6.000
   265:        6.000        6.000        6.000        6.000        6.000
   270:        6.000        6.000        6.000        6.000        6.000
   275:        6.000        6.000        6.000        6.000        6.000
   280:        6.000        6.000        6.000        6.000        6.000
   285:        6.000        6.000        6.000        6.000        6.000
   290:        6.000        6.000        6.000        6.000        6.000
   295:        6.000        6.000        6.000        6.000        6.000
   300:        6.000        6.000        6.000        6.000        6.000
   305:        6.000        6.000        6.000        6.000        6.000
   310:        6.000        6.000        6.000        6.000        6.000
   315:        6.000        6.000        6.000        6.000        6.000
   320:        6.000        6.000        6.000        6.000        6.000
   325:        6.000        6.000        6.000        6.000        6.000
   330:        6.000        6.000        6.000        6.000        6.000
   335:        6.000        6.000        6.000        6.000        6.000
   340:        6.000        6.000        6.000        6.000        6.000
   345:        6.000        6.000        6.000        6.000        6.000
   350:        6.000        6.000        6.000        6.000        6.000
   355:        6.000        6.000        6.000        6.000        6.000
   360:        6.000        6.000        6.000        6.000        6.000
   365:        6.000        6.000        6.000        6.000        6.000
   370:        6.000        6.000        6.000        6.000        6.000
   375:        6.000        6.000        6.000        6.000        6.000
   380:        6.000        6.000        6.000        6.000        6.000
   385:        6.000        6.000        6.000        6.000        6.000
   390:        6.000        6.000        6.000        6.000        6.000
   395:        6.000        6.000        6.000        6.000        6.000
   400:        6.000        6.000        6.000        6.000        6.000
   405:        6.000        6.000        6.000        6.000        6.000
   410:        6.000        6.000        6.000        6.000        6.000
   415:        6.000        6.000        6.000        6.000        6.000
   420:        6.000        6.000        6.000        6.000        6.000
   425:        6.000        6.000        6.000        6.000        6.000
   430:        6.000        6.000        6.000        6.000        6.000
   435:        6.000        6.000        6.000        6.000        6.000
   440:        6.000        6.000        6.000        6.000        6.000
   445:        6.000        6.000        6.000        6.000        6.000
   450:        6.000        6.000        6.000        6.000        6.000
   455:        6.000        6.000        6.000        6.000        6.000
   460:        6.000        6.000        6.000        6.000        6.000
   465:        6.000        6.000        6.000        6.000        6.000
   470:        6.000        6.000        6.000        6.000        6.000
   475:        6.000        6.000        6.000        6.000        6.000
   480:        6.000        6.000        2.000        4.000       22.000
   485:       24.000       12.000       21.000       22.000       19.000
   490:       11.000        2.000        4.000       22.000       24.000
   495:       12.000       21.000       22.000       21.000       22.000
   500:       21.000       22.000       21.000       22.000       19.000
   505:       11.000        2.000        4.000       22.000       24.000
   510:       12.000        6.000        6.000        6.000        6.000
   515:        6.000        6.000        6.000        6.000        6.000
   520:        6.000        6.000        6.000        6.000        6.000
   525:        6.000       19.000       11.000        6.000        6.000
   530:        6.000        6.000        6.000        6.000        6.000
   535:        6.000        6.000        6.000        2.000        4.000
   540:       22.000       24.000       12.000       19.000       11.000
   545:        6.000        6.000        6.000        6.000        6.000
   550:        6.000        6.000        6.000        6.000        6.000
   555:        6.000        6.000        6.000        6.000        6.000
   560:        6.000        6.000        6.000        6.000        6.000
   565:        6.000        6.000        6.000        6.000        6.000
   570:        6.000        6.000        6.000        6.000        6.000
   575:        6.000        6.000        6.000        6.000        6.000
   580:        6.000        6.000        6.000        6.000        6.000
   585:        6.000        6.000        6.000        6.000        6.000
   590:        6.000        6.000        2.000        4.000       22.000
   595:       24.000       12.000        6.000        6.000        6.000
   600:        6.000        6.000        6.000       19.000       11.000
   605:        6.000        6.000        6.000        6.000        6.000
   610:        6.000        6.000        6.000        6.000        6.000
   615:        6.000        6.000        6.000        6.000        6.000
   620:        6.000        6.000        6.000        6.000        6.000
   625:        6.000        6.000        6.000        6.000        6.000
   630:        6.000        6.000        6.000        6.000        6.000
   635:        6.000        6.000        6.000        6.000        6.000
   640:        6.000        6.000        6.000        6.000        6.000
   645:        6.000        6.000        6.000        6.000        6.000
   650:        6.000        6.000        6.000        6.000        6.000
   655:        6.000        6.000        6.000        6.000        6.000
   660:        6.000        6.000        6.000        6.000        6.000
   665:        6.000        6.000        6.000        6.000        6.000
   670:        6.000        6.000        6.000        6.000        6.000
   675:        2.000        4.000       22.000       24.000       12.000
   680:        6.000        6.000        6.000        6.000        6.000
   685:        6.000        6.000        6.000        6.000        6.000
   690:       19.000       11.000        6.000        6.000        6.000
   695:        6.000        6.000        6.000        6.000        6.000
   700:        6.000        6.000        6.000        6.000        6.000
   705:        6.000        6.000        6.000        6.000        6.000
   710:        6.000        6.000        6.000        6.000        6.000
   715:        6.000        6.000        6.000        6.000        6.000
   720:        6.000        6.000        6.000        6.000        6.000
   725:        6.000        6.000        6.000        6.000        6.000
   730:        6.000        6.000        6.000        6.000        6.000
   735:        6.000        6.000        6.000        6.000        6.000
   740:        6.000        6.000        6.000        6.000        6.000
   745:        6.000        6.000        6.000        6.000        6.000
   750:        6.000        6.000        6.000        6.000        6.000
   755:        6.000        6.000        6.000        6.000        6.000
   760:        6.000        6.000        6.000        6.000        6.000
   765:        6.000        6.000        6.000        6.000        6.000
   770:        6.000        6.000        6.000        6.000        6.000
   775:        6.000        6.000        6.000        6.000        2.000
   780:        4.000       22.000       24.000       12.000       19.000
   785:       11.000        6.000        6.000        6.000        2.000
   790:        4.000       22.000       24.000       12.000       21.000
   795:       22.000       19.000       11.000        6.000        6.000
   800:        2.000        4.000       22.000       24.000       12.000
   805:       21.000       22.000       21.000       22.000       21.000
   810:       22.000       21.000       22.000       21.000       22.000
   815:       21.000       22.000       21.000       22.000       21.000
   820:       22.000       21.000       22.000       21.000       22.000
   825:       21.000       22.000       21.000       22.000       21.000
   830:       22.000       19.000       11.000        2.000        4.000
   835:       22.000       24.000       12.000       21.000       22.000
   840:       21.000       22.000       21.000       22.000       21.000
   845:       22.000       21.000       22.000       21.000       22.000
   850:       19.000       11.000        2.000        4.000       22.000
   855:       24.000       12.000        6.000        6.000        6.000
   860:        6.000        6.000       19.000       11.000        6.000
   865:        6.000        6.000        6.000        6.000        2.000
   870:        4.000       22.000       24.000       12.000       19.000
   875:       11.000        2.000        4.000       22.000       24.000
   880:       12.000       21.000       22.000       21.000       22.000
   885:       21.000       22.000       21.000       22.000       21.000
   890:       22.000       19.000       11.000        6.000        6.000
   895:        6.000        6.000        6.000        6.000        2.000
   900:        4.000       22.000       24.000       12.000       19.000
   905:       11.000        2.000        4.000       22.000       24.000
   910:       12.000       19.000       11.000        2.000        4.000
   915:       22.000       24.000       12.000       19.000       11.000
   920:        2.000        4.000       22.000       24.000       12.000
   925:       19.000       11.000        2.000        4.000       22.000
   930:       24.000       12.000       19.000       11.000        2.000
   935:        4.000       22.000       24.000       12.000       19.000
   940:       11.000        6.000        6.000        6.000        6.000
   945:        6.000        6.000        2.000        4.000       22.000
   950:       24.000       12.000       21.000       22.000       21.000
   955:       22.000        6.000       19.000       11.000        2.000
   960:        4.000       22.000       24.000       12.000       21.000
   965:       22.000       19.000       11.000        6.000        6.000
   970:        6.000        6.000        6.000        6.000        6.000
   975:        6.000        6.000        6.000        6.000        6.000
   980:        6.000        6.000        6.000        2.000        4.000
   985:       22.000       24.000       12.000       19.000       11.000
   990:        2.000        4.000       22.000       24.000       12.000
   995:       21.000       22.000       21.000       22.000       21.000
  1000:       22.000       21.000       22.000       19.000       11.000
  1005:        2.000        4.000       22.000       24.000       12.000
  1010:       21.000       22.000       21.000       22.000       21.000
  1015:       22.000       21.000       22.000       21.000       22.000
  1020:       21.000       22.000       21.000       22.000       21.000
  1025:       22.000       21.000       22.000       21.000       22.000
  1030:       21.000       22.000       19.000       11.000        2.000
  1035:        4.000       22.000       24.000       12.000       21.000
  1040:       22.000       21.000       22.000       21.000       22.000
  1045:       21.000       22.000       21.000       22.000       19.000
  1050:       11.000        2.000        4.000       22.000       24.000
  1055:       12.000       21.000       22.000       21.000       22.000
  1060:       21.000       22.000       21.000       22.000       21.000
  1065:       22.000       21.000       22.000       21.000       22.000
  1070:       21.000       22.000       21.000       22.000       21.000
  1075:       22.000       21.000       22.000       19.000       11.000
  1080:        2.000        4.000       22.000       24.000       12.000
  1085:       21.000       22.000       19.000       11.000        6.000
  1090:        2.000        4.000       22.000       24.000       12.000
  1095:       21.000       22.000       21.000       22.000       21.000
  1100:       22.000       19.000       11.000        6.000        6.000
  1105:        6.000        6.000        6.000        6.000        6.000
  1110:        6.000        6.000        6.000        6.000        6.000
  1115:        6.000        6.000        6.000        6.000        6.000
  1120:        6.000        6.000        6.000        6.000        6.000
  1125:        6.000        6.000        6.000        6.000        6.000
  1130:        6.000        6.000        6.000        6.000        6.000
  1135:        6.000        6.000        6.000        6.000        6.000
  1140:        6.000        6.000        6.000        6.000        6.000
  1145:        6.000        6.000        6.000        6.000        6.000
  1150:        6.000        6.000        6.000        6.000        6.000
  1155:        6.000        6.000        6.000        6.000        6.000
  1160:        6.000        6.000        6.000        6.000        6.000
  1165:        6.000        6.000        6.000        6.000        6.000
  1170:        6.000        6.000        6.000        6.000        6.000
  1175:        6.000        6.000        6.000        6.000        6.000
  1180:        6.000        6.000        6.000        6.000        6.000
  1185:        6.000        6.000        6.000        6.000        6.000
  1190:        6.000        6.000        6.000        6.000        6.000
  1195:        6.000        6.000        6.000        6.000        6.000
  1200:        6.000        6.000        6.000        2.000        4.000
  1205:       22.000       24.000       12.000       19.000       11.000
  1210:        6.000        6.000        6.000        6.000        6.000
  1215:        6.000        6.000        6.000        6.000        6.000
  1220:        6.000        6.000        6.000        6.000        6.000
  1225:        6.000        6.000        6.000        6.000        6.000
  1230:        6.000        6.000        6.000        6.000        6.000
  1235:        6.000        6.000        6.000        6.000        6.000
  1240:        6.000        6.000        6.000        6.000        6.000
  1245:        6.000        6.000        6.000        6.000        6.000
  1250:        6.000        6.000        6.000        6.000        6.000
  1255:        6.000        6.000        6.000        6.000        6.000
  1260:        6.000        6.000        6.000        6.000        6.000
  1265:        6.000        6.000        6.000        6.000        6.000
  1270:        6.000        6.000        6.000        6.000        6.000
  1275:        6.000        6.000        6.000        6.000        6.000
  1280:        6.000        6.000        6.000        6.000        2.000
  1285:        4.000       22.000       24.000       12.000        6.000
  1290:        6.000        6.000        6.000        6.000        6.000
  1295:        6.000        6.000        6.000        6.000        6.000
  1300:        6.000        6.000        6.000        6.000        6.000
  1305:        6.000        6.000        6.000       19.000       11.000
  1310:        6.000        6.000        2.000        4.000       22.000
  1315:       24.000       12.000       21.000       22.000       21.000
  1320:       22.000       19.000       11.000        2.000        4.000
  1325:       22.000       24.000       12.000        6.000       19.000
  1330:       11.000        2.000        4.000       22.000       24.000
  1335:       12.000       21.000       22.000       21.000       22.000
  1340:       19.000       11.000        2.000        4.000       22.000
  1345:       24.000       12.000       21.000       22.000       21.000
  1350:       22.000       21.000       22.000       21.000       22.000
  1355:       19.000       11.000        2.000        4.000       22.000
  1360:       24.000       12.000       19.000       11.000        2.000
  1365:        4.000       22.000       24.000       12.000       19.000
  1370:       11.000        2.000        4.000       22.000       24.000
  1375:       12.000       21.000       22.000       21.000       22.000
  1380:       19.000       11.000        6.000        6.000        6.000
  1385:        6.000        6.000        6.000        6.000        6.000
  1390:        6.000        6.000        6.000        6.000        6.000
  1395:        6.000        6.000        6.000        6.000        6.000
  1400:        6.000        6.000        6.000        6.000        6.000
  1405:        6.000        6.000        6.000        6.000        6.000
  1410:        6.000        6.000        6.000        6.000        6.000
  1415:        6.000        6.000        6.000        6.000        6.000
  1420:        6.000        6.000        6.000        6.000        6.000
  1425:        6.000        6.000        6.000        6.000        6.000
  1430:        6.000        6.000        6.000        6.000        6.000
  1435:        6.000        6.000        6.000        6.000        6.000
  1440:        6.000        6.000        6.000        6.000        6.000
  1445:        6.000        6.000        6.000        6.000        6.000
  1450:        6.000        6.000        6.000        6.000        6.000
  1455:        6.000        6.000        6.000        6.000        6.000
  1460:        6.000        6.000        6.000        6.000        6.000
  1465:        6.000        6.000        6.000        6.000        6.000
  1470:        6.000        6.000        6.000        6.000        6.000
  1475:        6.000        6.000        6.000        6.000        6.000
  1480:        6.000        6.000        6.000        6.000        6.000
  1485:        6.000        6.000        6.000        6.000        6.000
  1490:        6.000        6.000        6.000        6.000        6.000
  1495:        6.000        6.000        6.000        6.000        6.000
  1500:        6.000        6.000        6.000        6.000        6.000
  1505:        6.000        6.000        6.000        6.000        6.000
  1510:        6.000        6.000        6.000        6.000        6.000
  1515:        6.000        6.000        6.000        6.000        6.000
  1520:        6.000        6.000        6.000        6.000        6.000
  1525:        6.000        6.000        6.000        6.000        6.000
  1530:        6.000        6.000        6.000        6.000        6.000
  1535:        6.000        6.000        6.000        6.000        6.000
  1540:        6.000        6.000        6.000        6.000        6.000
  1545:        6.000        6.000        6.000        6.000        6.000
  1550:        6.000        6.000        6.000        6.000        6.000
  1555:        6.000        6.000        6.000        6.000        6.000
  1560:        6.000        6.000        6.000        6.000        6.000
  1565:        6.000        6.000        6.000        6.000        6.000
  1570:        6.000        6.000        6.000        6.000        6.000
  1575:        6.000        6.000        6.000        6.000        6.000
  1580:        6.000        6.000        6.000        6.000        6.000
  1585:        6.000        6.000        6.000        6.000        6.000
  1590:        6.000        6.000        6.000        6.000        6.000
  1595:        6.000        6.000        6.000        6.000        6.000
  1600:        6.000        6.000        6.000        6.000        6.000
  1605:        6.000        6.000        6.000        6.000        6.000
  1610:        6.000        6.000        6.000        6.000        6.000
  1615:        6.000        6.000        6.000        6.000        6.000
  1620:        6.000        6.000        6.000        6.000        6.000
  1625:        6.000        6.000        6.000        6.000        6.000
  1630:        6.000        6.000        6.000        6.000        6.000
  1635:        6.000        6.000        6.000        6.000        6.000
  1640:        6.000        6.000        6.000        6.000        2.000
  1645:        4.000       22.000       24.000       12.000       19.000
  1650:       11.000        6.000        6.000        6.000        6.000
  1655:        6.000        6.000        6.000        6.000        2.000
  1660:        4.000       22.000       24.000       12.000       21.000
  1665:       22.000       21.000       22.000       21.000       22.000
  1670:       21.000       22.000       21.000       22.000        6.000
  1675:        6.000       19.000       11.000        6.000        6.000
  1680:        6.000        6.000        6.000        6.000        6.000
  1685:        6.000        6.000        6.000        6.000        6.000
  1690:        6.000        6.000        6.000        6.000        6.000
  1695:        6.000        6.000        6.000        6.000        6.000
  1700:        6.000        6.000        6.000        6.000        6.000
  1705:        6.000        6.000        6.000        6.000        6.000
  1710:        6.000        6.000        6.000        6.000        6.000
  1715:        6.000        6.000        6.000        6.000        6.000
  1720:        6.000        6.000        6.000        6.000        6.000
  1725:        6.000        6.000        6.000        2.000        4.000
  1730:       22.000       24.000       12.000       21.000       22.000
  1735:       21.000       22.000       19.000       11.000        2.000
  1740:        4.000       22.000       24.000       12.000       21.000
  1745:       22.000       19.000       11.000        2.000        4.000
  1750:       22.000       24.000       12.000       19.000       11.000
  1755:        6.000        6.000        6.000        6.000        6.000
  1760:        6.000        6.000        6.000        6.000        6.000
  1765:        6.000        6.000        6.000        6.000        6.000
  1770:        6.000        6.000        6.000        6.000        6.000
  1775:        6.000        6.000        6.000        6.000        6.000
  1780:        6.000        6.000        6.000        6.000        6.000
  1785:        6.000        6.000        6.000        6.000        6.000
  1790:        6.000        6.000        6.000        6.000        6.000
  1795:        6.000        6.000        6.000        6.000        6.000
  1800:        6.000        6.000        6.000        6.000        6.000
  1805:        6.000        6.000        6.000        6.000        6.000
  1810:        6.000        6.000        6.000        6.000        6.000
  1815:        6.000        6.000        6.000        6.000        6.000
  1820:        6.000        6.000        6.000        6.000        6.000
  1825:        6.000        6.000        6.000        6.000        6.000
  1830:        6.000        6.000        6.000        6.000        6.000
  1835:        6.000        6.000        2.000        4.000       22.000
  1840:       24.000       12.000       21.000       22.000       21.000
  1845:       22.000       19.000       11.000        6.000        2.000
  1850:        4.000       22.000       24.000       12.000       21.000
  1855:       22.000       21.000       22.000        6.000        6.000
  1860:        6.000        6.000        6.000        6.000       19.000
  1865:       11.000        6.000        6.000        6.000        6.000
  1870:        6.000        6.000        6.000        6.000        6.000
  1875:        6.000        6.000        6.000        6.000        6.000
  1880:        6.000        6.000        2.000        4.000       22.000
  1885:       24.000       12.000       19.000       11.000        2.000
  1890:        4.000       22.000       24.000       12.000       21.000
  1895:       22.000       19.000       11.000        2.000        4.000
  1900:       22.000       24.000       12.000       19.000       11.000
  1905:        6.000        6.000        6.000        6.000        6.000
  1910:        6.000        6.000        6.000        6.000        2.000
  1915:        4.000       22.000       24.000       12.000       21.000
  1920:       22.000       19.000       11.000        6.000        2.000
  1925:        4.000       22.000       24.000       12.000       21.000
  1930:       22.000        6.000       19.000       11.000        6.000
  1935:        6.000        6.000        6.000        6.000        6.000
  1940:        6.000        6.000        6.000        6.000        6.000
  1945:        6.000        6.000        6.000        6.000        6.000
  1950:        6.000        6.000        6.000        6.000        6.000
  1955:        6.000        6.000        6.000        6.000        6.000
  1960:        2.000        4.000       22.000       24.000       12.000
  1965:       21.000       22.000       19.000       11.000        2.000
  1970:        4.000       22.000       24.000       12.000       21.000
  1975:       22.000       19.000       11.000        6.000        6.000
  1980:        2.000        4.000       22.000       24.000       12.000
  1985:       21.000       22.000       21.000       22.000       21.000
  1990:       22.000       21.000       22.000       21.000       22.000
  1995:       21.000       22.000       21.000       22.000       21.000
  2000:       22.000       21.000       22.000       21.000       22.000
  2005:       21.000       22.000       21.000       22.000       19.000
  2010:       11.000        2.000        4.000       22.000       24.000
  2015:       12.000       21.000       22.000       21.000       22.000
  2020:       21.000       22.000       21.000       22.000       21.000
  2025:       22.000       21.000       22.000       21.000       22.000
  2030:       21.000       22.000       21.000       22.000       21.000
  2035:       22.000       21.000       22.000       21.000       22.000
  2040:       21.000       22.000       19.000       11.000        2.000
  2045:        4.000       22.000       24.000       12.000       21.000
  2050:       22.000       21.000       22.000       21.000       22.000
  2055:       21.000       22.000       21.000       22.000       21.000
  2060:       22.000       21.000       22.000       21.000       22.000
  2065:       21.000       22.000       21.000       22.000       19.000
  2070:       11.000        2.000        4.000       22.000       24.000
  2075:       12.000       21.000       22.000       21.000       22.000
  2080:       21.000       22.000       21.000       22.000       21.000
  2085:       22.000       21.000       22.000       21.000       22.000
  2090:       21.000       22.000       21.000       22.000       21.000
  2095:       22.000       21.000       22.000       19.000       11.000
  2100:        2.000        4.000       22.000       24.000       12.000
  2105:       21.000       22.000       21.000       22.000       21.000
  2110:       22.000       21.000       22.000       21.000       22.000
  2115:       21.000       22.000       21.000       22.000       21.000
  2120:       22.000       21.000       22.000       21.000       22.000
  2125:       21.000       22.000       19.000       11.000        2.000
  2130:        4.000       22.000       24.000       12.000        6.000
  2135:       19.000       11.000        6.000        6.000        6.000
  2140:        6.000        6.000        6.000        6.000        6.000
  2145:        6.000        6.000        6.000        6.000        6.000
  2150:        6.000        6.000        2.000        4.000       22.000
  2155:       24.000       12.000        6.000        6.000        6.000
  2160:        6.000        6.000        6.000        6.000        6.000
  2165:        6.000        6.000       19.000       11.000        6.000
  2170:        6.000        6.000        6.000        6.000        6.000
  2175:        6.000        6.000        6.000        6.000        6.000
  2180:        6.000        6.000        6.000        6.000        6.000
  2185:        6.000        6.000        6.000        6.000        6.000
  2190:        6.000        6.000        6.000        6.000        6.000
  2195:        6.000        6.000        2.000        4.000       22.000
  2200:       24.000       12.000       19.000       11.000        2.000
  2205:        4.000       22.000       24.000       12.000       21.000
  2210:       22.000        6.000       19.000       11.000        2.000
  2215:        4.000       22.000       24.000       12.000       19.000
  2220:       11.000        2.000        4.000       22.000       24.000
  2225:       12.000       19.000       11.000        6.000        6.000
  2230:        6.000        6.000        6.000        6.000        6.000
  2235:        6.000        6.000        6.000        6.000        6.000
  2240:        6.000        6.000        6.000        6.000        6.000
  2245:        6.000        6.000        6.000        6.000        6.000
  2250:        6.000        6.000        6.000        6.000        6.000
  2255:        6.000        6.000        6.000        6.000        6.000
  2260:        6.000        6.000        6.000        6.000        6.000
  2265:        6.000        6.000        6.000        6.000        6.000
  2270:        6.000        6.000        6.000        6.000        6.000
  2275:        6.000        6.000        6.000        6.000        6.000
  2280:        6.000        6.000        6.000        6.000        6.000
  2285:        6.000        6.000        6.000        6.000        6.000
  2290:        6.000        6.000        6.000        6.000        6.000
  2295:        6.000        6.000        6.000        6.000        6.000
  2300:        6.000        6.000        6.000        6.000        6.000
  2305:        6.000        6.000        6.000        6.000        6.000
  2310:        6.000        6.000        6.000        6.000        6.000
  2315:        6.000        6.000        6.000        6.000        6.000
  2320:        6.000        6.000        6.000        6.000        6.000
  2325:        6.000        6.000        6.000        6.000        6.000
  2330:        6.000        6.000        6.000        6.000        6.000
  2335:        6.000        6.000        6.000        6.000        6.000
  2340:        6.000        6.000        6.000        6.000        6.000
  2345:        6.000        6.000        6.000        6.000        6.000
  2350:        6.000        6.000        6.000        6.000        6.000
  2355:        6.000        6.000        6.000        6.000        6.000
  2360:        6.000        6.000        6.000        6.000        6.000
  2365:        6.000        6.000        6.000        6.000        6.000
  2370:        6.000        6.000        6.000        2.000        4.000
  2375:       22.000       24.000       12.000       21.000       22.000
  2380:        6.000       21.000       22.000       21.000       22.000
  2385:       19.000       11.000
T:
     0:        0.000        0.000        0.000        0.000       92.750
     5:       92.750       92.750       92.760       92.760       94.220
    10:       94.220       94.310       94.310       95.300       95.300
    15:       96.920      102.750      102.760      183.120      183.500
    20:      187.290      187.530      188.270      190.170      192.420
    25:      192.420      192.420      192.430      192.430      202.420
    30:      202.430      255.190      256.110      257.520      257.810
    35:      265.390      265.740      265.810      266.470      266.770
    40:      266.910      267.150      267.440      267.710      267.750
    45:      267.820      268.040      268.120      268.190      268.280
    50:      268.360      268.460      268.540      268.630      268.740
    55:      268.830      269.640      269.880      270.070      270.140
    60:      270.230      270.360      270.560      270.600      270.720
    65:      271.320      271.370      273.090      273.240      273.490
    70:      273.930      285.180      286.280      286.690      286.780
    75:      286.930      287.090      287.580      288.140      288.250
    80:      288.930      289.500      297.740      298.250      298.430
    85:      298.750      299.290      299.390      299.600      299.700
    90:      299.930      299.990      301.350      301.590      302.760
    95:      303.000      303.070      303.480      305.310      305.780
   100:      307.030      307.670      312.950      319.250      320.900
   105:      321.580      321.640      322.060      324.720      326.090
   110:      326.860      327.180      327.470      328.350      330.390
   115:      332.800      333.140      333.460      333.520      333.620
   120:      333.640      334.200      334.260      335.820      338.160
   125:      338.810      339.620      343.330      358.420      358.480
   130:      359.080      368.560      368.560      368.560      368.570
   135:      368.570      371.740      371.890      372.290      378.560
   140:      378.570      402.480      402.680      404.690      405.170
   145:      405.320      407.980      408.680      419.900      422.140
   150:      422.520      422.730      422.760      422.970      423.060
   155:      423.240      423.690      424.080      424.990      425.610
   160:      427.160      428.320      428.440      428.620      428.870
   165:      429.210      430.060      430.890      431.380      431.690
   170:      431.800      435.980      435.980      435.980      435.990
   175:      435.990      437.030      437.600      438.450      439.520
   180:      440.560      441.070      441.130      444.090      445.980
   185:      445.990      447.000      447.420      448.710      450.650
   190:      450.770      450.820      450.850      450.940      451.390
   195:      451.500      456.910      457.420      463.440      466.990
   200:      467.830      467.890      467.920      467.950      468.190
   205:      468.620      468.830      469.050      469.070      469.450
   210:      469.520      469.610      469.650      469.700      469.850
   215:      555.030      555.030      555.030      555.040      555.040
   220:      557.020      557.020      565.030      565.040      699.860
   225:      699.860      699.860      699.870      699.870      709.860
   230:      709.870      734.870      734.870      734.870      734.880
   235:      734.880      744.870      744.880      897.790      906.310
   240:      908.610      909.480      912.550      913.230      914.240
   245:      915.440      916.420      917.310      919.830      921.770
   250:      921.820      924.200      924.460      925.420      925.500
   255:      925.700      927.680      927.840      928.310      928.420
   260:      932.740      932.880      932.970      933.330      933.410
   265:      980.500      982.230      982.500      982.560      982.740
   270:      983.410      987.730      988.150      988.290      988.830
   275:      990.920      991.110      991.280      991.690      991.730
   280:      991.820      991.990      992.770      992.840      993.050
   285:      995.270      995.430      995.870      997.470      997.580
   290:     1006.060     1006.500     1006.630     1006.720     1006.770
   295:     1007.000     1007.290     1007.360     1008.140     1008.220
   300:     1008.240     1008.450     1008.680     1009.260     1009.790
   305:     1009.880     1010.430     1010.540     1010.610     1010.990
   310:     1011.350     1011.520     1011.900     1012.650     1012.840
   315:     1012.950     1013.620     1013.750     1014.870     1017.480
   320:     1017.690     1017.830     1018.170     1019.720     1020.000
   325:     1020.280     1020.420     1020.520     1020.630     1021.740
   330:     1021.780     1021.860     1021.990     1022.360     1022.460
   335:     1022.530     1022.560     1022.670     1022.760     1022.890
   340:     1022.940     1023.070     1023.140     1023.170     1025.840
   345:     1028.070     1028.810     1029.030     1033.420     1033.580
   350:     1034.670     1037.460     1037.640     1038.920     1039.070
   355:     1042.310     1042.460     1042.660     1043.420     1045.990
   360:     1046.300     1046.480     1046.610     1047.160     1047.370
   365:     1047.420     1047.470     1047.670     1047.730     1047.810
   370:     1047.850     1047.940     1048.200     1049.280     1052.770
   375:     1053.720     1054.440     1054.730     1058.780     1060.680
   380:     1060.740     1060.810     1060.870     1061.030     1061.500
   385:     1066.390     1066.460     1067.050     1067.190     1067.330
   390:     1068.130     1068.160     1068.330     1068.470     1068.550
   395:     1069.030     1069.110     1069.220     1069.310     1069.610
   400:     1069.940     1070.170     1070.260     1070.450     1071.640
   405:     1073.280     1077.280     1078.310     1078.360     1078.780
   410:     1080.280     1080.340     1080.600     1084.700     1085.650
   415:     1085.780     1085.880     1085.910     1086.020     1086.140
   420:     1086.180     1086.300     1086.500     1086.700     1087.260
   425:     1088.070     1089.200     1089.320     1089.630     1089.690
   430:     1089.960     1090.080     1091.420     1092.120     1092.240
   435:     1092.390     1112.930     1113.060     1122.710     1122.790
   440:     1137.680     1145.370     1145.750     1148.510     1149.310
   445:     1155.110     1155.200     1155.320     1155.580     1155.650
   450:     1155.760     1156.210     1156.550     1156.750     1157.080
   455:     1157.370     1157.560     1157.850     1157.910     1158.650
   460:     1158.810     1159.130     1159.800     1159.890     1160.030
   465:     1160.950     1161.610     1161.790     1162.920     1164.120
   470:     1164.230     1165.750     1166.310     1166.370     1166.920
   475:     1169.030     1169.100     1169.540     1169.630     1169.760
   480:     1169.820     1169.950     1177.290     1177.290     1177.290
   485:     1177.300     1177.300     1177.560     1177.560     1187.290
   490:     1187.300     1191.830     1191.830     1191.830     1191.840
   495:     1191.840     1198.750     1198.750     1199.790     1199.790
   500:     1200.700     1200.700     1201.100     1201.100     1201.830
   505:     1201.840     1202.140     1202.140     1202.140     1202.150
   510:     1202.150     1206.040     1206.340     1206.450     1207.500
   515:     1207.680     1209.680     1209.960     1210.010     1210.220
   520:     1210.450     1210.850     1211.230     1211.250     1211.640
   525:     1212.010     1212.140     1212.150     1212.620     1212.760
   530:     1213.300     1214.160     1214.270     1214.350     1214.540
   535:     1214.720     1218.780     1219.080     1386.760     1386.760
   540:     1386.760     1386.770     1386.770     1396.760     1396.770
   545:     1463.690     1466.010     1466.830     1467.150     1467.220
   550:     1485.550     1486.050     1486.300     1486.390     1486.600
   555:     1486.740     1487.130     1487.240     1487.420     1491.090
   560:     1491.150     1497.860     1498.120     1499.010     1499.470
   565:     1500.640     1508.620     1513.220     1513.470     1516.960
   570:     1519.670     1519.820     1528.730     1529.540     1529.620
   575:     1529.710     1530.170     1530.260     1530.390     1530.490
   580:     1530.660     1531.600     1531.700     1532.080     1532.160
   585:     1532.200     1532.840     1681.860     1805.990     1806.730
   590:     1806.780     1806.940     2007.000     2007.000     2007.000
   595:     2007.010     2007.010     2011.570     2011.930     2012.810
   600:     2013.710     2013.830     2014.100     2017.000     2017.010
   605:     2019.900     2020.000     2020.550     2020.670     2020.960
   610:     2021.740     2022.500     2022.650     2022.750     2022.900
   615:     2023.430     2023.540     2024.560     2024.610     2024.660
   620:     2024.890     2025.840     2025.900     2026.040     2026.070
   625:     2026.130     2026.230     2026.280     2028.450     2028.630
   630:     2028.750     2028.810     2028.840     2029.090     2029.280
   635:     2029.450     2029.670     2029.910     2031.270     2032.080
   640:     2047.240     2049.630     2049.730     2061.590     2069.720
   645:     2070.750     2070.850     2071.430     2072.540     2072.720
   650:     2072.790     2072.850     2072.870     2073.110     2073.180
   655:     2073.440     2073.780     2074.470     2074.590     2074.790
   660:     2075.000     2075.050     2075.600     2075.890     2078.380
   665:     2081.070     2081.260     2081.360     2081.410     2081.490
   670:     2081.980     2082.170     2082.720     2087.920     2089.090
   675:     2093.990     2093.990     2093.990     2094.000     2094.000
   680:     2094.580     2095.240     2095.380     2096.620     2097.500
   685:     2097.600     2098.120     2099.070     2101.880     2103.880
   690:     2103.990     2104.000     2104.360     2104.630     2105.320
   695:     2113.020     2114.840     2118.320     2121.130     2121.270
   700:     2132.350     2132.450     2132.750     2133.020     2133.080
   705:     2133.440     2135.180     2136.180     2136.250     2136.450
   710:     2136.540     2137.520     2137.580     2137.700     2137.740
   715:     2137.980     2138.080     2138.290     2138.350     2138.470
   720:     2138.650     2138.880     2139.480     2139.630     2139.730
   725:     2140.450     2140.550     2140.650     2140.760     2143.750
   730:     2143.820     2144.500     2144.590     2144.680     2144.920
   735:     2145.020     2145.110     2145.260     2145.580     2145.670
   740:     2145.800     2145.890     2146.010     2146.160     2146.210
   745:     2146.310     2146.540     2147.140     2147.230     2147.310
   750:     2148.480     2152.160     2153.500     2153.580     2153.880
   755:     2153.930     2155.080     2155.420     2155.800     2159.440
   760:     2159.730     2159.830     2163.540     2169.620     2171.950
   765:     2172.460     2174.140     2176.920     2176.980     2177.130
   770:     2177.500     2177.930     2181.120     2181.800     2184.850
   775:     2184.980     2185.030     2189.400     2203.240     2219.920
   780:     2219.920     2219.920     2219.930     2219.930     2229.920
   785:     2229.930     2317.240     2324.640     2324.800     2453.190
   790:     2453.190     2453.190     2453.200     2453.200     2462.810
   795:     2462.810     2463.190     2463.200     2485.190     2485.370
   800:     2493.130     2493.130     2493.130     2493.140     2493.140
   805:     2495.520     2495.520     2495.660     2495.660     2495.870
   810:     2495.870     2496.130     2496.130     2496.240     2496.240
   815:     2496.430     2496.430     2496.870     2496.870     2497.180
   820:     2497.180     2498.380     2498.380     2498.840     2498.840
   825:     2499.150     2499.150     2499.540     2499.540     2499.620
   830:     2499.620     2503.130     2503.140     2503.490     2503.490
   835:     2503.490     2503.500     2503.500     2503.900     2503.900
   840:     2505.590     2505.590     2507.620     2507.620     2508.320
   845:     2508.320     2508.910     2508.910     2509.610     2509.610
   850:     2513.490     2513.500     2514.640     2514.640     2514.640
   855:     2514.650     2514.650     2517.400     2518.250     2519.590
   860:     2520.340     2524.540     2524.640     2524.650     2526.460
   865:     2526.780     2528.150     2528.750     2529.340     2682.150
   870:     2682.150     2682.150     2682.160     2682.160     2692.150
   875:     2692.160     2732.540     2732.540     2732.540     2732.550
   880:     2732.550     2732.810     2732.810     2734.350     2734.350
   885:     2734.770     2734.770     2735.440     2735.440     2738.870
   890:     2738.870     2742.540     2742.550     2849.200     2858.900
   895:     2859.020     2859.680     2859.870     2863.390     2866.750
   900:     2866.750     2866.750     2866.760     2866.760     2876.750
   905:     2876.760     2880.790     2880.790     2880.790     2880.800
   910:     2880.800     2890.790     2890.800     2945.900     2945.900
   915:     2945.900     2945.910     2945.910     2955.900     2955.910
   920:     2957.970     2957.970     2957.970     2957.980     2957.980
   925:     2967.970     2967.980     2979.330     2979.330     2979.330
   930:     2979.340     2979.340     2989.330     2989.340     3038.430
   935:     3038.430     3038.430     3038.440     3038.440     3048.430
   940:     3048.440     3171.610     3173.070     3175.080     3184.570
   945:     3185.220     3185.830     3191.220     3191.220     3191.220
   950:     3191.230     3191.230     3192.090     3192.090     3192.210
   955:     3192.210     3200.840     3201.220     3201.230     3313.620
   960:     3313.620     3313.620     3313.630     3313.630     3315.010
   965:     3315.010     3323.620     3323.630     3352.860     3363.190
   970:     3364.160     3364.420     3366.330     3366.460     3373.680
   975:     3377.190     3377.480     3377.520     3378.670     3397.730
   980:     3398.060     3451.310     3451.500     3454.860     3454.860
   985:     3454.860     3454.870     3454.870     3464.860     3464.870
   990:     3559.200     3559.200     3559.200     3559.210     3559.210
   995:     3559.280     3559.280     3559.910     3559.910     3560.320
  1000:     3560.320     3560.600     3560.600     3569.200     3569.210
  1005:     3688.330     3688.330     3688.330     3688.340     3688.340
  1010:     3688.650     3688.650     3690.860     3690.860     3691.520
  1015:     3691.520     3691.800     3691.800     3692.700     3692.700
  1020:     3692.960     3692.960     3693.480     3693.480     3693.970
  1025:     3693.970     3694.290     3694.290     3696.460     3696.460
  1030:     3696.810     3696.810     3698.330     3698.340     3698.570
  1035:     3698.570     3698.570     3698.580     3698.580     3698.820
  1040:     3698.820     3700.820     3700.820     3701.060     3701.060
  1045:     3707.450     3707.450     3708.130     3708.130     3708.570
  1050:     3708.580     3709.250     3709.250     3709.250     3709.260
  1055:     3709.260     3709.580     3709.580     3710.520     3710.520
  1060:     3710.790     3710.790     3712.070     3712.070     3712.280
  1065:     3712.280     3714.690     3714.690     3714.990     3714.990
  1070:     3716.490     3716.490     3718.380     3718.380     3718.760
  1075:     3718.760     3718.970     3718.970     3719.250     3719.260
  1080:     3719.330     3719.330     3719.330     3719.340     3719.340
  1085:     3719.900     3719.900     3729.330     3729.340     3876.770
  1090:     3880.420     3880.420     3880.420     3880.430     3880.430
  1095:     3881.520     3881.520     3882.490     3882.490     3889.280
  1100:     3889.280     3890.420     3890.430     3955.010     3955.710
  1105:     3957.330     3959.090     3959.930     3960.030     3962.460
  1110:     3962.680     3963.730     3964.230     3964.490     3964.950
  1115:     3965.850     3966.070     3966.130     3966.260     3966.480
  1120:     3967.790     3968.300     3968.410     3968.640     3968.820
  1125:     3969.630     3969.740     3970.270     3972.460     3978.900
  1130:     3979.560     3982.380     3985.940     3986.020     3986.040
  1135:     3986.270     3986.500     3986.710     3987.030     3987.310
  1140:     3987.360     3988.780     3994.460     3994.500     3995.340
  1145:     3995.390     3995.450     3995.500     3995.820     3996.070
  1150:     3996.100     4001.910     4004.810     4005.050     4005.170
  1155:     4008.050     4008.510     4008.700     4008.790     4008.850
  1160:     4015.010     4016.730     4016.850     4016.960     4017.600
  1165:     4017.790     4020.120     4020.980     4021.250     4031.400
  1170:     4050.800     4051.180     4051.820     4052.640     4056.430
  1175:     4056.590     4057.730     4057.800     4057.850     4057.880
  1180:     4059.730     4059.980     4061.010     4073.700     4086.460
  1185:     4086.850     4086.880     4086.960     4087.110     4087.580
  1190:     4088.320     4088.400     4093.360     4093.430     4093.560
  1195:     4093.620     4093.780     4093.800     4093.870     4093.900
  1200:     4093.940     4094.220     4105.880     4136.530     4136.530
  1205:     4136.530     4136.540     4136.540     4146.530     4146.540
  1210:     4150.350     4151.590     4151.860     4155.090     4155.690
  1215:     4158.270     4159.260     4160.540     4160.690     4164.900
  1220:     4166.320     4168.320     4170.260     4170.740     4170.910
  1225:     4172.360     4172.640     4172.770     4173.240     4174.800
  1230:     4175.840     4176.250     4264.960     4265.350     4266.360
  1235:     4266.510     4268.050     4268.360     4268.740     4268.850
  1240:     4269.050     4270.390     4270.620     4270.860     4270.940
  1245:     4271.270     4272.890     4273.010     4275.450     4275.490
  1250:     4275.530     4275.990     4277.870     4278.480     4279.580
  1255:     4279.670     4279.760     4279.870     4279.980     4280.130
  1260:     4280.360     4280.570     4281.190     4282.800     4283.590
  1265:     4283.630     4285.580     4286.640     4286.750     4286.820
  1270:     4286.920     4287.410     4287.480     4288.070     4289.500
  1275:     4289.520     4289.950     4290.180     4290.590     4290.670
  1280:     4290.890     4291.100     4291.500     4297.440     4313.000
  1285:     4313.000     4313.000     4313.010     4313.010     4315.790
  1290:     4317.190     4318.270     4319.150     4319.520     4319.610
  1295:     4319.990     4320.300     4320.460     4320.690     4320.920
  1300:     4321.030     4321.670     4321.690     4322.000     4322.160
  1305:     4322.320     4322.600     4322.620     4323.000     4323.010
  1310:     4324.040     4324.080     4371.400     4371.400     4371.400
  1315:     4371.410     4371.410     4372.460     4372.460     4378.400
  1320:     4378.400     4381.400     4381.410     4385.170     4385.170
  1325:     4385.170     4385.180     4385.180     4391.110     4395.170
  1330:     4395.180     4397.170     4397.170     4397.170     4397.180
  1335:     4397.180     4398.010     4398.010     4400.550     4400.550
  1340:     4407.170     4407.180     4408.930     4408.930     4408.930
  1345:     4408.940     4408.940     4411.330     4411.330     4412.240
  1350:     4412.240     4416.090     4416.090     4417.170     4417.170
  1355:     4418.930     4418.940     4424.590     4424.590     4424.590
  1360:     4424.600     4424.600     4434.590     4434.600     4451.130
  1365:     4451.130     4451.130     4451.140     4451.140     4461.130
  1370:     4461.140     4740.480     4740.480     4740.480     4740.490
  1375:     4740.490     4741.110     4741.110     4742.560     4742.560
  1380:     4750.480     4750.490     4970.590     4971.410     4971.600
  1385:     5081.440     5082.300     5083.020     5084.580     5085.190
  1390:     5085.550     5085.650     5086.240     5086.550     5091.110
  1395:     5091.290     5091.520     5092.680     5093.260     5096.440
  1400:     5097.480     5099.980     5100.140     5100.270     5101.470
  1405:     5101.520     5101.580     5101.680     5101.990     5102.480
  1410:     5102.500     5102.560     5102.590     5103.010     5103.650
  1415:     5104.260     5104.350     5104.490     5104.670     5104.850
  1420:     5105.020     5106.520     5106.840     5107.020     5107.150
  1425:     5110.410     5111.180     5111.310     5122.230     5134.510
  1430:     5134.650     5134.820     5135.090     5146.190     5146.590
  1435:     5146.640     5146.880     5147.590     5147.630     5186.080
  1440:     5186.860     5187.090     5191.700     5194.070     5197.170
  1445:     5197.330     5197.790     5197.930     5198.190     5198.460
  1450:     5199.040     5199.250     5199.310     5199.560     5199.740
  1455:     5199.790     5200.010     5200.080     5200.890     5202.670
  1460:     5202.740     5202.910     5203.680     5205.240     5206.200
  1465:     5233.860     5234.100     5234.550     5234.710     5234.760
  1470:     5234.870     5235.140     5235.210     5239.960     5240.160
  1475:     5240.290     5240.320     5256.030     5256.300     5256.670
  1480:     5258.650     5258.740     5259.480     5259.760     5260.050
  1485:     5260.100     5260.170     5260.430     5260.660     5260.850
  1490:     5263.890     5264.300     5264.450     5264.640     5264.720
  1495:     5272.580     5274.160     5282.690     5283.600     5304.310
  1500:     5304.690     5306.030     5306.220     5308.200     5350.770
  1505:     5371.540     5376.340     5376.450     5377.040     5377.100
  1510:     5377.230     5385.120     5385.160     5385.470     5385.990
  1515:     5386.170     5390.540     5391.310     5394.070     5394.460
  1520:     5394.580     5394.890     5395.050     5395.220     5401.130
  1525:     5401.170     5402.340     5402.490     5402.620     5402.640
  1530:     5403.660     5404.260     5404.380     5409.690     5409.710
  1535:     5410.140     5410.230     5413.030     5413.150     5413.480
  1540:     5414.330     5414.560     5416.710     5435.620     5435.720
  1545:     5435.860     5456.220     5456.680     5457.070     5457.490
  1550:     5597.260     5603.130     5603.970     5605.180     5605.640
  1555:     5606.040     5607.020     5607.060     5607.120     5607.250
  1560:     5608.250     5610.630     5610.810     5611.460     5703.520
  1565:     5705.980     5706.160     5707.990     5708.160     5708.200
  1570:     5709.030     5709.600     5710.620     5710.970     5711.370
  1575:     5712.910     5713.140     5713.180     5713.760     5714.340
  1580:     5714.580     5714.640     5720.520     5732.350     5732.420
  1585:     5732.460     5732.700     5733.020     5733.250     5734.950
  1590:     5735.350     5736.320     5736.380     5737.200     5738.290
  1595:     5738.420     5740.580     5740.760     5743.640     5743.780
  1600:     5747.900     5752.100     5752.210     5761.420     5763.550
  1605:     5763.590     5764.020     5764.240     5765.440     5767.020
  1610:     5771.020     5772.240     5772.510     5789.900     5790.140
  1615:     5790.190     5790.360     5790.560     5791.750     5792.180
  1620:     5792.760     5792.800     5792.930     5797.230     5797.380
  1625:     5798.130     5798.830     5798.930     5799.570     5823.260
  1630:     5831.680     5831.750     5833.090     5833.120     5836.520
  1635:     5836.730     5838.900     5839.600     5840.340     5840.990
  1640:     5852.430     5852.650     5852.990     5854.150     6149.520
  1645:     6149.520     6149.520     6149.530     6149.530     6159.520
  1650:     6159.530     6163.820     6173.380     6173.780     6173.920
  1655:     6174.100     6174.290     6174.340     6174.590     6286.700
  1660:     6286.700     6286.700     6286.710     6286.710     6286.930
  1665:     6286.930     6289.730     6289.730     6289.840     6289.840
  1670:     6292.010     6292.010     6292.820     6292.820     6295.340
  1675:     6295.900     6296.700     6296.710     6297.830     6298.100
  1680:     6298.160     6298.490     6300.310     6300.620     6301.960
  1685:     6302.540     6302.770     6303.260     6304.220     6304.280
  1690:     6304.320     6305.110     6305.160     6305.980     6306.180
  1695:     6306.330     6306.430     6325.480     6325.670     6382.120
  1700:     6382.730     6382.890     6385.800     6386.150     6386.670
  1705:     6389.930     6390.460     6390.630     6390.920     6392.290
  1710:     6395.460     6398.260     6399.900     6400.110     6400.210
  1715:     6400.480     6400.520     6400.890     6401.080     6401.170
  1720:     6401.200     6404.320     6404.700     6535.260     6545.400
  1725:     6545.760     6546.100     6546.200     6591.220     6591.220
  1730:     6591.220     6591.230     6591.230     6595.670     6595.670
  1735:     6595.990     6595.990     6601.220     6601.230     7006.460
  1740:     7006.460     7006.460     7006.470     7006.470     7009.840
  1745:     7009.840     7016.460     7016.470     7029.650     7029.650
  1750:     7029.650     7029.660     7029.660     7039.650     7039.660
  1755:     7039.960     7040.540     7047.920     7047.950     7047.980
  1760:     7048.180     7048.240     7048.480     7048.510     7048.570
  1765:     7049.660     7050.100     7108.320     7109.080     7111.010
  1770:     7111.070     7111.820     7113.310     7159.050     7159.350
  1775:     7159.380     7160.010     7161.040     7161.070     7161.770
  1780:     7165.210     7166.140     7167.170     7167.550     7167.650
  1785:     7170.900     7171.400     7171.740     7171.780     7172.660
  1790:     7173.380     7173.640     7174.030     7174.060     7174.760
  1795:     7179.530     7179.900     7180.560     7180.590     7180.630
  1800:     7180.830     7180.970     7181.110     7181.190     7181.270
  1805:     7181.340     7181.460     7181.610     7182.090     7182.470
  1810:     7182.810     7182.970     7183.040     7185.210     7185.450
  1815:     7185.500     7191.230     7206.310     7206.480     7209.830
  1820:     7211.450     7211.590     7212.100     7212.130     7212.200
  1825:     7215.060     7219.800     7219.980     7220.020     7220.140
  1830:     7221.290     7224.740     7224.800     7224.950     7225.120
  1835:     7225.450     7227.170     7342.720     7342.720     7342.720
  1840:     7342.730     7342.730     7342.960     7342.960     7343.320
  1845:     7343.320     7352.720     7352.730     7429.970     7619.390
  1850:     7619.390     7619.390     7619.400     7619.400     7619.800
  1855:     7619.800     7622.170     7622.170     7623.310     7624.740
  1860:     7625.040     7626.870     7627.600     7628.450     7629.390
  1865:     7629.400     7644.820     7645.260     7650.020     7650.150
  1870:     7650.190     7650.310     7650.740     7650.900     7651.140
  1875:     7652.090     7652.210     7652.340     7652.410     7657.300
  1880:     7657.710     7657.970     7740.640     7740.640     7740.640
  1885:     7740.650     7740.650     7750.640     7750.650     7751.040
  1890:     7751.040     7751.040     7751.050     7751.050     7751.250
  1895:     7751.250     7761.040     7761.050     8044.070     8044.070
  1900:     8044.070     8044.080     8044.080     8054.070     8054.080
  1905:     8120.300     8120.540     8121.630     8121.800     8121.890
  1910:     8122.080     8122.200     8122.470     8123.280     8158.660
  1915:     8158.660     8158.660     8158.670     8158.670     8159.560
  1920:     8159.560     8168.660     8168.670     8348.020     8669.180
  1925:     8669.180     8669.180     8669.190     8669.190     8669.750
  1930:     8669.750     8675.510     8679.180     8679.190     8904.570
  1935:     8905.280     8906.020     8906.240     8906.400     8912.380
  1940:     8919.910     8936.850     8936.920     8936.950     8937.150
  1945:     8939.380     8943.740     8944.750     8946.810     8946.890
  1950:     8947.000     8947.060     8947.260     8949.160     8949.220
  1955:     8949.410     8950.150     8950.390     8950.850     8950.970
  1960:     8963.650     8963.650     8963.650     8963.660     8963.660
  1965:     8964.460     8964.460     8973.650     8973.660     8983.700
  1970:     8983.700     8983.700     8983.710     8983.710     8983.860
  1975:     8983.860     8993.700     8993.710     9441.260     9442.880
  1980:     9534.990     9534.990     9534.990     9535.000     9535.000
  1985:     9535.910     9535.910     9535.970     9535.970     9538.410
  1990:     9538.410     9538.620     9538.620     9541.020     9541.020
  1995:     9541.090     9541.090     9541.310     9541.310     9541.420
  2000:     9541.420     9543.170     9543.170     9543.910     9543.910
  2005:     9544.220     9544.220     9544.830     9544.830     9544.990
  2010:     9545.000     9545.300     9545.300     9545.300     9545.310
  2015:     9545.310     9545.540     9545.540     9547.550     9547.550
  2020:     9547.830     9547.830     9548.250     9548.250     9549.040
  2025:     9549.040     9549.300     9549.300     9550.100     9550.100
  2030:     9550.550     9550.550     9551.690     9551.690     9554.180
  2035:     9554.180     9554.320     9554.320     9554.470     9554.470
  2040:     9554.820     9554.820     9555.300     9555.310     9556.120
  2045:     9556.120     9556.120     9556.130     9556.130     9556.490
  2050:     9556.490     9556.850     9556.850     9557.360     9557.360
  2055:     9558.160     9558.160     9561.770     9561.770     9562.130
  2060:     9562.130     9562.770     9562.770     9564.690     9564.690
  2065:     9564.790     9564.790     9565.630     9565.630     9566.120
  2070:     9566.130     9568.240     9568.240     9568.240     9568.250
  2075:     9568.250     9570.360     9570.360     9571.930     9571.930
  2080:     9572.770     9572.770     9572.950     9572.950     9573.020
  2085:     9573.020     9573.900     9573.900     9574.830     9574.830
  2090:     9575.780     9575.780     9576.440     9576.440     9576.940
  2095:     9576.940     9577.770     9577.770     9578.240     9578.250
  2100:     9578.820     9578.820     9578.820     9578.830     9578.830
  2105:     9579.200     9579.200     9579.390     9579.390     9579.820
  2110:     9579.820     9580.770     9580.770     9581.640     9581.640
  2115:     9581.890     9581.890     9584.410     9584.410     9585.120
  2120:     9585.120     9586.610     9586.610     9586.950     9586.950
  2125:     9587.550     9587.550     9588.820     9588.830     9590.860
  2130:     9590.860     9590.860     9590.870     9590.870     9592.380
  2135:     9600.860     9600.870     9628.060     9630.610     9630.660
  2140:     9631.670     9632.050     9632.150     9633.130     9634.150
  2145:     9634.440     9634.570     9634.700     9634.760     9634.990
  2150:     9635.890     9637.860     9643.650     9643.650     9643.650
  2155:     9643.660     9643.660     9644.670     9644.760     9645.480
  2160:     9651.450     9651.880     9651.950     9652.050     9652.770
  2165:     9652.800     9652.900     9653.650     9653.660     9657.540
  2170:     9661.740     9662.650     9666.050     9666.480     9666.770
  2175:     9666.900     9668.750     9670.510     9671.080     9672.590
  2180:     9672.730     9674.110     9674.270     9676.110     9677.390
  2185:     9678.830     9679.180     9679.680     9679.950     9680.030
  2190:     9680.470     9680.610     9681.780     9682.170     9683.390
  2195:     9683.920     9684.920     9812.990     9812.990     9812.990
  2200:     9813.000     9813.000     9822.990     9823.000     9833.680
  2205:     9833.680     9833.680     9833.690     9833.690     9836.630
  2210:     9836.630     9839.480     9843.680     9843.690     9919.230
  2215:     9919.230     9919.230     9919.240     9919.240     9929.230
  2220:     9929.240    10033.610    10033.610    10033.610    10033.620
  2225:    10033.620    10043.610    10043.620    10391.910    10392.930
  2230:    10393.470    10394.470    10397.750    10397.880    10397.970
  2235:    10398.780    10399.000    10399.860    10400.020    10405.330
  2240:    10405.910    10406.080    10407.230    10407.380    10407.670
  2245:    10407.800    10411.340    10415.880    10415.920    10416.610
  2250:    10416.680    10417.150    10417.390    10419.790    10419.960
  2255:    10420.130    10420.240    10421.010    10421.200    10421.250
  2260:    10422.110    10422.400    10423.330    10423.700    10423.980
  2265:    10424.100    10424.230    10424.380    10424.500    10425.170
  2270:    10425.230    10425.380    10425.430    10425.650    10426.100
  2275:    10426.360    10426.730    10426.960    10427.040    10427.440
  2280:    10427.890    10428.690    10428.990    10429.020    10429.550
  2285:    10429.850    10430.230    10430.850    10431.780    10432.760
  2290:    10433.060    10433.990    10434.310    10434.890    10435.890
  2295:    10437.650    10439.170    10441.600    10441.800    10442.720
  2300:    10442.760    10442.850    10442.980    10443.330    10443.610
  2305:    10444.090    10446.970    10447.330    10447.540    10447.860
  2310:    10448.150    10448.340    10448.830    10449.130    10449.200
  2315:    10449.570    10449.820    10450.110    10450.490    10454.230
  2320:    10466.850    10467.590    10468.390    10468.620    10468.690
  2325:    10468.980    10480.120    10482.010    10482.630    10484.420
  2330:    10487.950    10488.000    10488.560    10490.070    10490.510
  2335:    10491.370    10491.590    10491.880    10492.970    10493.890
  2340:    10495.090    10495.900    10498.620    10498.860    10498.910
  2345:    10499.090    10512.680    10513.920    10514.220    10514.520
  2350:    10514.800    10515.170    10517.530    10517.880    10529.600
  2355:    10529.660    10586.970    10589.160    10589.350    10589.450
  2360:    10590.410    10592.020    10593.300    10594.090    10598.080
  2365:    10599.680    10599.840    10604.550    10604.620    10606.950
  2370:    10607.110    10609.660    10610.500    10613.700    10613.700
  2375:    10613.700    10613.710    10613.710    10615.140    10615.140
  2380:    10619.660    10622.520    10622.520    10622.680    10622.680
  2385:    10623.700    10623.710
