File: C:\MED-PC\Data\2024-10-23_09h50m_Subject 38.txt


Start Date: 10/23/24
End Date: 10/23/24
Subject: 38
Experiment: OralFentSA
Group: One
Box: 6
Start Time: 09:50:44
End Time: 12:50:59
MSN: 20241014_Golden_Liq_SelfAdmin
F:       0.000
G:     509.000
H:   10800.000
I:       0.000
J:       0.000
K:       0.000
L:       0.000
M:       0.000
N:       0.000
O:       0.000
P:       0.000
Q:       0.000
R:       0.000
S:       0.000
U:       0.000
V:       0.000
W:       0.000
X:       0.000
Y:       0.000
Z:       0.000
A:
     0:        0.000        0.000      180.000        4.000        0.000
     5:        5.000        0.000        5.000        0.000        0.000
    10:        1.000        0.000       10.000     1800.000       18.800
    15:        3.000      640.000        0.000        0.000        0.000
    20:        0.000
B:
     0:        0.000        0.000        0.000      400.000        0.000
     5:      500.000        0.000      500.000        0.000        0.000
    10:        0.000        0.000     1000.000   180000.000        0.000
    15:        0.000        0.000        0.000        0.000        0.000
    20:        0.000
C:
     0:       23.000       22.000        0.000        0.000      241.000
     5:     9040.000       14.500       11.000     1069.000       97.182
    10:        0.000        0.000       24.000        0.000        0.000
    15:        0.000        0.000        0.000        0.000        0.000
    20:        0.000
D:
     0:      350.070       71.500        2.710        0.740       12.100
     5:        0.990      144.960       71.730      394.090        5.610
    10:       14.500
E:
     0:       19.000       11.000       26.000       27.000        6.000
     5:        6.000        6.000        6.000        6.000        6.000
    10:        6.000        6.000        6.000        6.000        6.000
    15:        6.000        6.000        6.000        6.000        6.000
    20:        6.000        6.000        6.000        6.000        6.000
    25:        6.000        6.000        6.000        6.000        6.000
    30:        6.000        6.000        6.000        6.000        6.000
    35:        6.000        6.000        6.000        6.000        6.000
    40:        6.000        6.000        6.000        6.000        6.000
    45:        6.000        6.000        6.000        6.000        6.000
    50:        6.000        6.000        6.000        6.000        6.000
    55:        6.000        6.000        6.000        6.000        6.000
    60:        6.000        6.000        6.000        6.000        6.000
    65:        6.000        6.000       25.000       24.000       12.000
    70:       13.000        8.000        5.000       17.000       18.000
    75:       14.000       10.000       19.000       11.000        6.000
    80:        6.000        6.000        6.000        6.000        6.000
    85:        6.000        6.000        6.000        6.000        6.000
    90:        6.000        6.000        6.000        6.000        6.000
    95:        6.000        6.000       25.000       24.000       12.000
   100:       13.000        8.000        5.000       17.000       18.000
   105:       14.000       10.000       19.000       11.000        6.000
   110:        6.000        6.000        6.000        6.000        6.000
   115:        6.000        6.000        6.000        6.000        6.000
   120:        6.000        6.000        6.000        6.000        6.000
   125:        6.000        6.000        6.000        6.000        6.000
   130:        6.000        6.000        6.000        6.000        6.000
   135:        6.000        6.000        6.000        6.000        6.000
   140:        6.000        6.000        6.000        6.000        6.000
   145:        6.000        6.000        6.000        6.000        6.000
   150:        6.000        6.000        6.000        6.000        6.000
   155:        6.000        6.000        6.000        6.000        6.000
   160:        6.000        6.000        6.000        6.000        6.000
   165:        6.000        6.000        6.000        6.000        6.000
   170:        6.000        6.000        6.000        6.000        6.000
   175:        6.000        6.000        6.000        6.000        6.000
   180:        6.000        6.000        6.000        6.000        6.000
   185:        6.000        6.000       30.000       24.000       12.000
   190:       13.000        8.000        5.000       17.000       18.000
   195:       30.000       12.000        5.000       17.000       14.000
   200:       10.000        6.000       18.000       19.000       11.000
   205:        6.000        6.000        6.000        6.000        6.000
   210:        6.000        6.000        6.000        6.000        6.000
   215:        6.000        6.000        6.000        6.000        6.000
   220:        6.000        6.000        6.000        6.000       30.000
   225:       24.000       12.000       13.000        8.000        5.000
   230:       17.000        6.000        6.000       18.000       14.000
   235:       10.000       19.000       11.000        6.000        6.000
   240:       30.000       24.000       12.000       13.000        8.000
   245:        5.000       17.000       18.000       14.000       10.000
   250:       19.000       11.000       30.000       24.000       12.000
   255:       13.000        8.000        5.000       17.000       18.000
   260:       14.000       10.000       19.000       11.000        6.000
   265:        6.000        6.000        6.000        6.000        6.000
   270:       30.000       24.000       12.000       13.000        8.000
   275:        5.000       17.000       18.000       14.000       10.000
   280:       19.000       11.000       30.000       24.000       12.000
   285:       13.000        8.000        5.000       17.000       18.000
   290:       14.000       10.000       19.000       11.000       30.000
   295:       24.000       12.000       13.000        8.000        5.000
   300:       17.000       18.000       14.000       10.000       19.000
   305:       11.000       30.000       24.000       12.000       13.000
   310:        8.000        5.000       17.000       18.000       14.000
   315:       10.000       19.000       11.000       30.000       24.000
   320:       12.000       13.000        8.000        5.000       17.000
   325:        6.000       18.000       14.000       10.000        6.000
   330:       19.000       11.000        6.000        6.000        6.000
   335:        6.000        6.000        6.000        6.000        6.000
   340:        6.000        6.000        6.000       30.000       24.000
   345:       12.000       13.000        8.000        5.000       17.000
   350:       18.000       30.000       12.000        5.000       17.000
   355:       14.000       10.000       18.000       19.000       11.000
   360:       25.000       24.000       12.000       13.000        8.000
   365:        5.000       17.000       30.000       12.000       18.000
   370:       14.000       10.000       19.000       11.000       30.000
   375:       24.000       12.000       13.000        8.000        5.000
   380:       17.000       18.000       14.000       10.000       19.000
   385:       11.000       30.000       24.000       12.000       13.000
   390:        8.000        5.000       17.000       18.000       14.000
   395:       10.000       19.000       11.000        6.000        6.000
   400:        6.000        6.000       30.000       24.000       12.000
   405:       13.000        8.000        5.000       17.000       18.000
   410:       14.000       10.000       19.000       11.000        6.000
   415:       30.000       24.000       12.000       13.000        8.000
   420:        5.000       17.000       18.000       14.000       10.000
   425:       19.000       11.000       30.000       24.000       12.000
   430:       13.000        8.000        5.000       17.000       18.000
   435:       14.000       10.000       19.000       11.000       30.000
   440:       24.000       12.000       13.000        8.000        5.000
   445:       17.000       18.000       14.000       10.000       19.000
   450:       11.000        6.000        6.000        6.000       25.000
   455:       24.000       12.000       13.000        8.000        5.000
   460:       17.000       18.000       14.000       10.000        6.000
   465:       19.000       11.000        6.000        6.000        6.000
   470:        6.000        6.000        6.000        6.000        6.000
   475:        6.000        6.000        6.000        6.000        6.000
   480:        6.000        6.000        6.000       25.000       24.000
   485:       12.000       13.000        8.000        5.000       17.000
   490:       18.000       14.000       10.000       19.000       11.000
   495:        6.000        6.000        6.000        6.000        6.000
   500:        6.000        6.000        6.000        6.000        6.000
   505:        6.000        6.000        6.000        6.000      100.000
T:
     0:        0.000        0.000        0.000        0.000       52.190
     5:       53.730       55.250       63.060       64.530       68.110
    10:       68.260      182.160      186.560      187.400      188.310
    15:      190.800      192.410      192.970      198.220      200.670
    20:      201.830      306.750      309.230      337.620      376.550
    25:      862.510      862.880      862.990      863.130      864.000
    30:      864.810      865.050      866.480      866.590      866.890
    35:      867.130      886.110      886.310      889.530      890.010
    40:      935.730      937.670      938.480      951.120      951.440
    45:      951.620      952.260      956.010      958.980      971.110
    50:      972.260      972.500      975.390      978.450      979.420
    55:      994.630      994.660     1169.990     1170.120     1553.950
    60:     1554.090     1568.260     1610.900     1611.290     1633.870
    65:     1634.740     1635.080     1799.990     1800.000     1800.000
    70:     1800.000     1800.000     1800.000     1800.000     1804.000
    75:     1805.000     1805.000     1809.990     1810.000     2150.070
    80:     2153.740     2166.340     2288.180     2394.170     2394.290
    85:     2531.570     2548.330     2548.400     2548.550     2550.740
    90:     2553.700     2586.920     2588.400     3140.700     3417.360
    95:     3418.770     3418.830     3609.990     3610.000     3610.000
   100:     3610.000     3610.000     3610.000     3610.000     3614.000
   105:     3615.000     3615.000     3619.990     3620.000     3681.500
   110:     3685.430     3687.790     3695.340     3695.420     3697.360
   115:     3723.090     3723.280     3723.320     3760.300     3761.060
   120:     3761.670     4027.770     4036.320     4039.920     4042.850
   125:     4044.460     4047.760     4049.180     4052.980     4055.750
   130:     4057.360     4057.620     4061.960     4078.160     4092.410
   135:     4097.920     4100.990     4102.050     4102.670     4131.690
   140:     4132.280     4136.720     4137.730     4137.760     4139.780
   145:     4140.980     4141.580     4141.870     4144.310     4144.510
   150:     4146.500     4147.900     4152.360     4154.630     4158.080
   155:     4162.770     4167.250     4168.700     4175.870     4177.360
   160:     4177.630     4195.930     4196.310     4216.420     4219.090
   165:     4222.660     4222.880     4228.680     4231.650     4282.130
   170:     4327.860     4332.350     4334.830     4342.160     4342.280
   175:     4344.480     4344.720     4344.770     4344.800     4345.700
   180:     4346.380     4349.070     4349.580     4350.330     4353.460
   185:     4356.370     4359.320     4370.570     4370.570     4370.570
   190:     4370.570     4370.570     4370.570     4370.570     4374.570
   195:     4374.610     4374.610     4374.610     4374.610     4375.570
   200:     4375.570     4377.320     4378.610     4380.560     4380.570
   205:     4382.450     4386.200     4390.030     4391.500     4391.920
   210:     4392.390     4394.470     4396.570     4396.880     4398.450
   215:     4398.730     4404.100     4430.810     4437.120     4437.250
   220:     4437.440     4439.260     4439.590     4441.020     4467.370
   225:     4467.370     4467.370     4467.370     4467.370     4467.370
   230:     4467.370     4468.110     4468.180     4471.370     4472.370
   235:     4472.370     4477.360     4477.370     4477.390     4478.540
   240:     4487.080     4487.080     4487.080     4487.080     4487.080
   245:     4487.080     4487.080     4491.080     4492.080     4492.080
   250:     4497.070     4497.080     4534.840     4534.840     4534.840
   255:     4534.840     4534.840     4534.840     4534.840     4538.840
   260:     4539.840     4539.840     4544.830     4544.840     4546.940
   265:     4570.610     4577.300     4579.470     4581.420     4581.700
   270:     4582.040     4582.040     4582.040     4582.040     4582.040
   275:     4582.040     4582.040     4586.040     4587.040     4587.040
   280:     4592.030     4592.040     4647.090     4647.090     4647.090
   285:     4647.090     4647.090     4647.090     4647.090     4651.090
   290:     4652.090     4652.090     4657.080     4657.090     4763.310
   295:     4763.310     4763.310     4763.310     4763.310     4763.310
   300:     4763.310     4767.310     4768.310     4768.310     4773.300
   305:     4773.310     4971.070     4971.070     4971.070     4971.070
   310:     4971.070     4971.070     4971.070     4975.070     4976.070
   315:     4976.070     4981.060     4981.070     5055.020     5055.020
   320:     5055.020     5055.020     5055.020     5055.020     5055.020
   325:     5056.010     5059.020     5060.020     5060.020     5060.400
   330:     5065.010     5065.020     5065.520     5141.570     5145.570
   335:     5145.610     5145.990     5218.810     5219.070     5219.970
   340:     5222.140     5251.750     5252.360     5409.120     5409.120
   345:     5409.120     5409.120     5409.120     5409.120     5409.120
   350:     5413.120     5413.860     5413.860     5413.860     5413.860
   355:     5414.120     5414.120     5417.860     5419.110     5419.120
   360:     5419.990     5420.000     5420.000     5420.000     5420.000
   365:     5420.000     5420.000     5420.270     5420.270     5424.000
   370:     5425.000     5425.000     5429.990     5430.000     5492.200
   375:     5492.200     5492.200     5492.200     5492.200     5492.200
   380:     5492.200     5496.200     5497.200     5497.200     5502.190
   385:     5502.200     5530.690     5530.690     5530.690     5530.690
   390:     5530.690     5530.690     5530.690     5534.690     5535.690
   395:     5535.690     5540.680     5540.690     5675.650     5677.110
   400:     5678.950     5684.490     5700.920     5700.920     5700.920
   405:     5700.920     5700.920     5700.920     5700.920     5704.920
   410:     5705.920     5705.920     5710.910     5710.920     5772.650
   415:     5784.390     5784.390     5784.390     5784.390     5784.390
   420:     5784.390     5784.390     5788.390     5789.390     5789.390
   425:     5794.380     5794.390     6061.310     6061.310     6061.310
   430:     6061.310     6061.310     6061.310     6061.310     6065.310
   435:     6066.310     6066.310     6071.300     6071.310     6319.130
   440:     6319.130     6319.130     6319.130     6319.130     6319.130
   445:     6319.130     6323.130     6324.130     6324.130     6329.120
   450:     6329.130     6713.220     7188.110     7188.300     7229.990
   455:     7230.000     7230.000     7230.000     7230.000     7230.000
   460:     7230.000     7234.000     7235.000     7235.000     7235.610
   465:     7239.990     7240.000     7646.450     7688.840     7690.010
   470:     7690.430     7698.300     7698.410     7770.320     8747.520
   475:     8747.560     8747.710     8754.020     8755.770     8758.200
   480:     8761.770     8901.360     8906.610     9039.990     9040.000
   485:     9040.000     9040.000     9040.000     9040.000     9040.000
   490:     9044.000     9045.000     9045.000     9049.990     9050.000
   495:     9054.500     9054.680     9058.090     9058.550     9316.970
   500:     9759.070    10149.800    10149.930    10150.000    10228.230
   505:    10270.780    10297.850    10390.910    10741.360    10800.000
