File: C:\MED-PC\Data\2024-11-19_15h51m_Subject 51.txt


Start Date: 11/19/24
End Date: 11/19/24
Subject: 51
Experiment: OralFentSA
Group: One
Box: 7
Start Time: 15:51:08
End Time: 18:48:31
MSN: Golden_Liq_SelfAdmin_EXT
F:       0.000
G:     576.000
H:   10606.230
I:       0.000
J:       0.000
K:       0.000
L:       0.000
M:       0.000
N:       0.000
O:       0.000
P:       0.000
Q:       0.000
R:       0.000
S:       0.000
U:       0.000
V:       0.000
W:       0.000
X:       0.000
Y:       0.000
Z:       0.000
A:
     0:        0.000        0.000      180.000        4.000        0.000
     5:        5.000        0.000        5.000        0.000        0.000
    10:        1.000        0.000       10.000   100000.000       28.000
    15:       22.000      600.000        0.000        0.000        0.000
    20:        0.000
B:
     0:        0.000        0.000        0.000        0.000        0.000
     5:        0.000        0.000        0.000        0.000        0.000
    10:        0.000        0.000     1000.000 10000000.000        0.000
    15:        0.000        0.000        0.000        0.000        0.000
    20:        0.000
C:
     0:        0.000       16.000       41.000       31.000      394.000
     5:     9632.370        2.530       13.000     1525.660      117.358
    10:       31.000       41.000        0.000        0.000        0.000
    15:        0.000        0.000        0.000        0.000        0.000
    20:        0.000
D:
     0:       10.480       21.570       56.620      123.860      759.060
     5:       22.120        6.570        6.830       20.480      432.460
    10:       59.400        3.680        2.530
E:
     0:       19.000       11.000       26.000       27.000        2.000
     5:        4.000       22.000       24.000       12.000       21.000
    10:       22.000       21.000       22.000       21.000       22.000
    15:       19.000       11.000        6.000        6.000        1.000
    20:        1.000        2.000        4.000       22.000       24.000
    25:       12.000       21.000       22.000       19.000       11.000
    30:        6.000        6.000        6.000        6.000        6.000
    35:        6.000        6.000        6.000        6.000        6.000
    40:        6.000        6.000        6.000        6.000        6.000
    45:        6.000        6.000        6.000        6.000        6.000
    50:        6.000        2.000        4.000       22.000       24.000
    55:       12.000       19.000       11.000        1.000        1.000
    60:        1.000        1.000        2.000        4.000       22.000
    65:       24.000       12.000       19.000       11.000        1.000
    70:        1.000        1.000        6.000        6.000        6.000
    75:        6.000        6.000        6.000        6.000        6.000
    80:        6.000        6.000        6.000        6.000        6.000
    85:        6.000        6.000        6.000        6.000        6.000
    90:        6.000        6.000        6.000        6.000        6.000
    95:        1.000        1.000        2.000        4.000       22.000
   100:       24.000       12.000       21.000       22.000       21.000
   105:       22.000       19.000       11.000        1.000        1.000
   110:        6.000        6.000        6.000        6.000        6.000
   115:        6.000        6.000        6.000        6.000        6.000
   120:        6.000        6.000        6.000        6.000        6.000
   125:        6.000        6.000        6.000        6.000        6.000
   130:        6.000        6.000        6.000        6.000        6.000
   135:        6.000        6.000        6.000        6.000        6.000
   140:        6.000        6.000        6.000        6.000        6.000
   145:        6.000        6.000        6.000        6.000        6.000
   150:        6.000        6.000        6.000        6.000        6.000
   155:        6.000        6.000        1.000        1.000        6.000
   160:        6.000        6.000        6.000        6.000        6.000
   165:        6.000        6.000        6.000        6.000        6.000
   170:        6.000        6.000        6.000        6.000        6.000
   175:        6.000        6.000        6.000        6.000        6.000
   180:        6.000        6.000        6.000        6.000        6.000
   185:        6.000        6.000        6.000        6.000        6.000
   190:        6.000        6.000        6.000        6.000        6.000
   195:        6.000        1.000        1.000        1.000        1.000
   200:        2.000        4.000       22.000       24.000       12.000
   205:       19.000       11.000        1.000        1.000        1.000
   210:        1.000        1.000        1.000        6.000        6.000
   215:        6.000        6.000        6.000        6.000        6.000
   220:        2.000        4.000       22.000       24.000       12.000
   225:       19.000       11.000        6.000        6.000        6.000
   230:        6.000        6.000        6.000        2.000        4.000
   235:       22.000       24.000       12.000        6.000       19.000
   240:       11.000        2.000        4.000       22.000       24.000
   245:       12.000       21.000       22.000        6.000        6.000
   250:        6.000        6.000        6.000        6.000        6.000
   255:       19.000       11.000        6.000        6.000        6.000
   260:        6.000        6.000        6.000        6.000        6.000
   265:        6.000        6.000        6.000        6.000        6.000
   270:        1.000        1.000        1.000        1.000        1.000
   275:        1.000        1.000        1.000        6.000        6.000
   280:        6.000        6.000        1.000        1.000        6.000
   285:        6.000        6.000        6.000        6.000        6.000
   290:        6.000        6.000        6.000        6.000        6.000
   295:        6.000        6.000        6.000        6.000        6.000
   300:        6.000        6.000        6.000        6.000        6.000
   305:        6.000        6.000        6.000        6.000        6.000
   310:        1.000        2.000        4.000       22.000       24.000
   315:       12.000       21.000       22.000       21.000       22.000
   320:       21.000       22.000       19.000       11.000        2.000
   325:        4.000       22.000       24.000       12.000       21.000
   330:       22.000       21.000       22.000       21.000       22.000
   335:       19.000       11.000        6.000        6.000        6.000
   340:        6.000        6.000        6.000        6.000        6.000
   345:        6.000        6.000        6.000        6.000        6.000
   350:        2.000        4.000       22.000       24.000       12.000
   355:       21.000       22.000       21.000       22.000       19.000
   360:       11.000        1.000        6.000        6.000        6.000
   365:        6.000        6.000        6.000        1.000        6.000
   370:        6.000        6.000        2.000        4.000       22.000
   375:       24.000       12.000       21.000       22.000       19.000
   380:       11.000        6.000        6.000        6.000        6.000
   385:        6.000        6.000        6.000        6.000        6.000
   390:        6.000        6.000        6.000        6.000        6.000
   395:        6.000        6.000        6.000        6.000        6.000
   400:        6.000        6.000        6.000        6.000        6.000
   405:        6.000        6.000        6.000        6.000        6.000
   410:        6.000        2.000        4.000       22.000       24.000
   415:       12.000        6.000        6.000        6.000        6.000
   420:        6.000       19.000       11.000        6.000        6.000
   425:        6.000        6.000        6.000        6.000        6.000
   430:        6.000        6.000        6.000        6.000        6.000
   435:        6.000        6.000        6.000        6.000        6.000
   440:        2.000        4.000       22.000       24.000       12.000
   445:        6.000       19.000       11.000        6.000        6.000
   450:        6.000        6.000        6.000        6.000        6.000
   455:        6.000        6.000        6.000        6.000        6.000
   460:        6.000        6.000        6.000        6.000        6.000
   465:        6.000        6.000        6.000        6.000        6.000
   470:        6.000        6.000        6.000        6.000        6.000
   475:        6.000        6.000        6.000        6.000        6.000
   480:        6.000        6.000        6.000        6.000        6.000
   485:        6.000        6.000        6.000        6.000        6.000
   490:        6.000        6.000        6.000        6.000        6.000
   495:        6.000        6.000        6.000        6.000        6.000
   500:        6.000        6.000        6.000        6.000        6.000
   505:        6.000        6.000        6.000        6.000        6.000
   510:        6.000        6.000        6.000        6.000        6.000
   515:        6.000        6.000        6.000        6.000        6.000
   520:        6.000        6.000        6.000        6.000        6.000
   525:        6.000        6.000        6.000        6.000        6.000
   530:        6.000        6.000        6.000        6.000        6.000
   535:        6.000        6.000        6.000        6.000        6.000
   540:        6.000        6.000        6.000        6.000        6.000
   545:        6.000        6.000        6.000        6.000        6.000
   550:        6.000        6.000        6.000        6.000        6.000
   555:        6.000        6.000        6.000        6.000        6.000
   560:        6.000        6.000        6.000        6.000        6.000
   565:        6.000        6.000        6.000        6.000        1.000
   570:        1.000        6.000        6.000        1.000        6.000
   575:        6.000
T:
     0:        0.000        0.000        0.000        0.000        1.220
     5:        1.220        1.220        1.230        1.230        3.410
    10:        3.410        8.310        8.310        9.640        9.640
    15:       11.220       11.230       11.710       11.890       37.700
    20:       49.990       65.750       65.750       65.750       65.760
    25:       65.760       68.440       68.440       75.750       75.760
    30:       87.330       88.210       88.610       91.910       92.020
    35:       92.160       94.940       95.190       96.290       96.440
    40:       96.490       96.540       96.930       97.190       97.320
    45:       97.390      109.060      109.390      110.220      110.460
    50:      110.890      118.360      118.360      118.360      118.370
    55:      118.370      128.360      128.370      545.460      547.840
    60:      558.300      579.220      651.060      651.060      651.060
    65:      651.070      651.070      661.060      661.070      675.050
    70:      676.740      677.370      707.690      708.470      709.060
    75:      709.150      709.660      716.320      716.350      717.600
    80:      718.270      719.110      719.790      754.080      754.390
    85:      754.580      759.220      761.270      761.560      761.760
    90:      761.830      762.170      763.120      929.760      941.260
    95:     1068.740     1080.050     1123.870     1123.870     1123.870
   100:     1123.880     1123.880     1131.120     1131.120     1132.290
   105:     1132.290     1133.870     1133.880     1138.170     1176.920
   110:     1247.740     1247.850     1249.160     1249.420     1249.780
   115:     1267.300     1267.480     1267.790     1267.950     1269.250
   120:     1270.370     1276.780     1277.380     1278.520     1279.220
   125:     1279.290     1282.060     1282.750     1283.500     1283.990
   130:     1284.070     1287.440     3645.600     3645.720     3645.900
   135:     3652.990     3653.020     3658.240     3721.660     3722.520
   140:     3722.750     3728.070     3730.680     3731.200     3731.330
   145:     3759.500     3759.630     3759.830     3760.020     3761.450
   150:     3762.030     3762.400     3769.200     3770.460     3770.820
   155:     3772.220     3778.160     3805.520     3830.670     3835.580
   160:     3835.850     3838.060     3838.590     3838.740     3839.060
   165:     3839.150     3841.790     3841.900     3842.000     3842.420
   170:     3842.930     3843.200     3844.500     3844.700     3845.590
   175:     3848.340     3848.600     3848.700     3849.940     3850.310
   180:     3850.550     3851.850     3854.200     3854.840     3855.030
   185:     3855.120     3867.640     3878.170     3878.240     3878.400
   190:     3879.080     3880.190     3880.680     3880.770     4001.150
   195:     4001.430     4073.510     4077.480     4081.860     4105.760
   200:     4321.710     4321.710     4321.710     4321.720     4321.720
   205:     4331.710     4331.720     4594.100     4597.370     4597.490
   210:     4597.680     4611.060     4778.320     5080.780     5340.060
   215:     5340.210     5752.670     5760.590     5760.800     5762.570
   220:     5777.020     5777.020     5777.020     5777.030     5777.030
   225:     5787.020     5787.030     5799.150     5799.900     5857.210
   230:     5857.340     5857.690     5857.710     6109.320     6109.320
   235:     6109.320     6109.330     6109.330     6115.900     6119.320
   240:     6119.330     6124.740     6124.740     6124.740     6124.750
   245:     6124.750     6128.160     6128.160     6131.580     6132.170
   250:     6132.210     6132.610     6133.180     6133.660     6133.750
   255:     6134.740     6134.750     6135.320     6135.410     6142.610
   260:     6142.740     6144.860     6146.410     6148.130     6148.210
   265:     6150.310     6150.340     6151.080     6152.240     6152.370
   270:     6159.190     6163.540     6441.300     6447.300     6448.590
   275:     6463.950     6465.490     6469.210     7206.340     7206.540
   280:     7207.470     7207.800     7245.360     7245.950     7288.630
   285:     7300.630     7325.030     7485.660     7485.740     7486.040
   290:     7552.020     7605.480     7984.550     7984.640     7988.020
   295:     7991.300     7991.570     7991.750     7991.880     8073.430
   300:     8073.640     8073.670     8073.890     8074.040     8082.390
   305:     8082.480     8087.330     8088.050     8088.980     8089.060
   310:     8127.990     8147.530     8147.530     8147.530     8147.540
   315:     8147.540     8151.330     8151.330     8151.930     8151.930
   320:     8154.540     8154.540     8157.530     8157.540     8159.100
   325:     8159.100     8159.100     8159.110     8159.110     8161.240
   330:     8161.240     8164.660     8164.660     8164.710     8164.710
   335:     8169.100     8169.110     8179.590     8179.750     8202.140
   340:     8205.070     8206.550     8206.810     8206.970     8209.790
   345:     8214.140     8217.200     8219.230     8220.920     8225.780
   350:     8229.610     8229.610     8229.610     8229.620     8229.620
   355:     8231.980     8231.980     8234.290     8234.290     8239.610
   360:     8239.620     8651.380     8662.080     8662.390     8662.840
   365:     8679.410     8679.580     8679.890     8860.090     9397.690
   370:     9405.570     9405.690     9444.160     9444.160     9444.160
   375:     9444.170     9444.170     9446.500     9446.500     9454.160
   380:     9454.170     9503.570     9506.990     9511.530     9512.960
   385:     9515.790     9515.970     9521.680     9527.380     9527.700
   390:     9528.270     9528.450     9528.780     9529.340     9529.420
   395:     9530.020     9530.140     9530.180     9530.300     9530.740
   400:     9531.270     9532.130     9532.290     9532.380     9532.600
   405:     9547.600     9548.060     9549.230     9549.270     9551.320
   410:     9555.620     9570.070     9570.070     9570.070     9570.080
   415:     9570.080     9573.760     9574.120     9574.760     9574.920
   420:     9574.990     9580.070     9580.080     9585.090     9601.330
   425:     9603.340     9613.410     9613.860     9614.320     9615.400
   430:     9617.080     9617.110     9621.470     9625.770     9626.100
   435:     9626.310     9626.740     9628.590     9628.800     9628.850
   440:     9632.360     9632.360     9632.360     9632.370     9632.370
   445:     9634.900     9642.360     9642.370     9730.290     9730.660
   450:     9730.830     9731.210     9731.410     9732.520     9732.850
   455:     9733.210     9733.290     9733.560     9733.670     9733.730
   460:     9734.260     9734.360     9740.560     9740.660     9770.240
   465:     9770.580     9806.810     9807.260     9809.250     9815.530
   470:     9815.660     9816.220     9816.330     9817.070     9817.290
   475:     9817.590     9817.630     9817.810     9817.840     9825.360
   480:     9825.910     9826.180     9827.860     9833.160     9835.090
   485:     9836.630     9839.210     9839.270     9841.200     9842.300
   490:     9842.490     9843.000     9843.190     9843.600     9843.620
   495:     9843.870     9844.160     9844.820     9846.220     9852.010
   500:     9853.660     9854.260     9854.690     9854.750     9854.960
   505:     9855.960     9856.180     9856.770     9856.820     9857.840
   510:     9858.180     9858.870     9859.020     9859.360     9859.400
   515:     9860.350     9861.180     9861.340     9861.710     9861.740
   520:     9861.910     9862.390     9862.880     9863.980     9864.250
   525:     9864.400     9868.720     9870.050     9875.100     9879.770
   530:     9879.840     9880.500     9880.580     9881.030     9881.140
   535:     9881.230     9881.300     9881.520     9881.630     9881.760
   540:     9882.230     9882.300     9882.390     9882.630     9882.720
   545:     9883.200     9883.570     9883.860     9885.130     9885.230
   550:     9885.920     9886.100     9886.610     9886.740     9886.810
   555:     9886.860     9888.200     9890.980     9891.400     9891.560
   560:     9891.770     9891.790     9892.520     9896.010     9896.090
   565:     9896.200     9896.240     9896.350     9897.000    10041.900
   570:    10044.440    10054.660    10054.970    10238.900    10471.930
   575:    10472.170
