File: C:\MED-PC\Data\2024-11-25_09h23m_Subject 40.txt


Start Date: 11/25/24
End Date: 11/25/24
Subject: 40
Experiment: OralFentSA
Group: One
Box: 8
Start Time: 09:23:35
End Time: 12:00:00
MSN: 20241014Golden_Liq_SelfAdmin_REI
F:       0.000
G:     302.000
H:    3600.000
I:       0.000
J:       0.000
K:       0.000
L:       0.000
M:       0.000
N:       0.000
O:       0.000
P:       0.000
Q:       0.000
R:       0.000
S:       0.000
U:       0.000
V:       0.000
W:       0.000
X:       0.000
Y:       0.000
Z:       0.000
A:
     0:        0.000        0.000       60.000        4.000        0.000
     5:        5.000        0.000        5.000        0.000        0.000
    10:        1.000        0.000       10.000   100000.000       21.000
    15:       26.000      640.000        0.000        0.000        0.000
    20:        0.000
B:
     0:        0.000        0.000        0.000      400.000        0.000
     5:      500.000        0.000      500.000        0.000        0.000
    10:        0.000        0.000     1000.000 10000000.000        0.000
    15:        0.000        0.000        0.000        0.000        0.000
    20:        0.000
C:
     0:       11.000       11.000       15.000       18.000      120.000
     5:     3596.460        8.330        8.000      676.140       84.517
    10:       18.000       15.000        0.000        0.000        0.000
    15:        0.000        0.000        0.000        0.000        0.000
    20:        0.000
D:
     0:       54.170       16.220        7.200       62.690      494.630
     5:       28.450        4.450        8.330
E:
     0:       19.000       11.000       26.000       27.000        6.000
     5:        6.000        6.000        6.000        6.000        6.000
    10:        1.000        6.000        6.000        6.000        6.000
    15:        1.000        6.000        6.000        6.000        6.000
    20:        6.000        6.000        2.000        4.000       22.000
    25:       24.000       12.000       13.000        8.000        5.000
    30:       17.000       18.000       14.000       10.000       19.000
    35:       11.000        6.000        6.000        6.000        6.000
    40:        6.000        6.000        6.000        6.000        6.000
    45:        1.000        2.000        4.000       22.000       24.000
    50:       12.000       13.000        8.000        5.000       17.000
    55:       21.000       22.000       18.000       14.000       10.000
    60:       19.000       11.000        6.000        6.000        6.000
    65:        6.000        6.000        1.000        1.000        1.000
    70:        1.000        2.000        4.000       22.000       24.000
    75:       12.000       13.000        8.000        5.000       17.000
    80:       21.000       22.000       21.000       22.000       18.000
    85:       14.000       10.000        6.000       19.000       11.000
    90:        6.000        6.000        6.000        6.000        6.000
    95:        1.000        2.000        4.000       22.000       24.000
   100:       12.000       13.000        8.000        5.000       17.000
   105:       21.000       22.000       18.000       14.000       10.000
   110:       20.000       19.000       11.000        6.000        6.000
   115:        6.000        6.000        6.000        6.000        6.000
   120:        6.000        6.000        6.000        6.000        6.000
   125:        6.000        6.000        6.000        6.000        6.000
   130:        6.000        6.000        6.000        2.000        4.000
   135:       22.000       24.000       12.000       13.000        8.000
   140:        5.000       17.000       21.000       22.000       21.000
   145:       22.000       18.000       14.000       10.000       20.000
   150:       19.000       11.000        2.000        4.000       22.000
   155:       24.000       12.000       13.000        8.000        5.000
   160:       17.000       18.000       14.000       10.000       19.000
   165:       11.000        1.000        6.000        6.000        6.000
   170:        6.000        6.000        6.000        6.000        6.000
   175:        6.000        6.000        6.000        6.000        6.000
   180:        6.000        6.000        6.000        6.000        6.000
   185:        6.000        6.000        6.000        6.000        6.000
   190:        2.000        4.000       22.000       24.000       12.000
   195:       13.000        8.000        5.000       17.000       18.000
   200:       14.000       10.000       21.000       22.000       19.000
   205:       11.000        6.000        6.000        6.000        6.000
   210:        6.000        6.000        6.000        6.000        6.000
   215:        6.000        6.000        6.000        6.000        6.000
   220:        6.000        6.000        6.000        6.000        6.000
   225:        6.000        6.000        6.000        6.000        6.000
   230:        6.000        6.000        6.000        6.000        6.000
   235:        6.000        1.000        2.000        4.000       22.000
   240:       24.000       12.000       13.000        8.000        5.000
   245:       17.000       18.000        6.000        6.000       14.000
   250:       10.000        6.000        6.000        6.000        6.000
   255:        6.000        6.000        6.000       19.000       11.000
   260:        2.000        4.000       22.000       24.000       12.000
   265:       13.000        8.000        5.000       17.000       18.000
   270:       14.000       10.000        6.000       19.000       11.000
   275:        6.000        1.000        1.000        1.000        2.000
   280:        4.000       22.000       24.000       12.000       13.000
   285:        8.000        5.000       17.000       18.000       14.000
   290:       10.000       19.000       11.000        2.000        4.000
   295:       22.000       24.000       12.000       13.000        8.000
   300:        5.000       17.000      100.000
T:
     0:        0.000        0.000        0.000        0.000        6.730
     5:        7.200        7.230        9.900       10.010       10.100
    10:       28.280       50.570       66.870       67.540       67.870
    15:       76.590      134.340      134.770      136.030      136.210
    20:      138.150      138.440      159.060      159.060      159.060
    25:      159.070      159.070      159.070      159.070      159.070
    30:      159.070      163.070      164.070      164.070      169.060
    35:      169.070      213.240      213.580      214.380      216.050
    40:      216.420      218.030      226.000      227.600      228.090
    45:      249.770      255.980      255.980      255.980      255.990
    50:      255.990      255.990      255.990      255.990      255.990
    55:      258.530      258.530      259.990      260.990      260.990
    60:      265.980      265.990      272.210      272.360      272.490
    65:      272.770      278.110      290.210      294.050      294.950
    70:      296.150      329.620      329.620      329.620      329.630
    75:      329.630      329.630      329.630      329.630      329.630
    80:      331.600      331.600      332.100      332.100      333.630
    85:      334.630      334.630      336.830      339.620      339.630
    90:      340.190      340.260      340.450      340.660      348.630
    95:      352.550      363.120      363.120      363.120      363.130
   100:      363.130      363.130      363.130      363.130      363.130
   105:      365.380      365.380      367.130      368.130      368.130
   110:      368.690      373.120      373.130      425.820      426.060
   115:      478.500      479.050      479.820      480.090      480.280
   120:      484.050      484.550      485.640      487.990      488.110
   125:      488.590      488.690      488.800      489.600      490.950
   130:      491.330      492.100      492.290      748.100      748.100
   135:      748.100      748.110      748.110      748.110      748.110
   140:      748.110      748.110      749.150      749.150      749.880
   145:      749.880      752.110      753.110      753.110      757.880
   150:      758.100      758.110      825.330      825.330      825.330
   155:      825.340      825.340      825.340      825.340      825.340
   160:      825.340      829.340      830.340      830.340      835.330
   165:      835.340     1059.590     1319.970     1320.710     1372.130
   170:     1372.920     1373.030     1373.160     1373.230     1373.550
   175:     1375.070     1375.130     1375.670     1376.340     1377.800
   180:     1377.870     1378.980     1379.950     1381.330     1381.390
   185:     1381.450     1381.480     1381.520     1381.570     1384.000
   190:     1412.120     1412.120     1412.120     1412.130     1412.130
   195:     1412.130     1412.130     1412.130     1412.130     1416.130
   200:     1417.130     1417.130     1418.360     1418.360     1422.120
   205:     1422.130     1440.580     1443.260     1443.400     1445.670
   210:     1446.100     1446.500     1446.780     1448.210     1448.240
   215:     1455.200     1455.320     1455.590     1461.450     1463.520
   220:     1463.750     1463.800     1464.440     1466.840     1467.090
   225:     1467.260     1468.520     1476.070     1476.190     1478.990
   230:     1479.270     1479.360     1480.520     1480.990     1481.980
   235:     1485.340     1626.880     3408.400     3408.400     3408.400
   240:     3408.410     3408.410     3408.410     3408.410     3408.410
   245:     3408.410     3412.410     3412.860     3412.900     3413.410
   250:     3413.410     3415.180     3415.320     3415.510     3416.270
   255:     3417.380     3417.650     3417.670     3418.400     3418.410
   260:     3456.800     3456.800     3456.800     3456.810     3456.810
   265:     3456.810     3456.810     3456.810     3456.810     3460.810
   270:     3461.810     3461.810     3465.140     3466.800     3466.810
   275:     3469.230     3510.220     3512.040     3512.290     3574.150
   280:     3574.150     3574.150     3574.160     3574.160     3574.160
   285:     3574.160     3574.160     3574.160     3578.160     3579.160
   290:     3579.160     3584.150     3584.160     3596.450     3596.450
   295:     3596.450     3596.460     3596.460     3596.460     3596.460
   300:     3596.460     3596.460     3600.000
