File: C:\MED-PC\Data\2024-10-21_13h36m_Subject 50.txt


Start Date: 10/21/24
End Date: 10/21/24
Subject: 50
Experiment: OralFentSA
Group: One
Box: 6
Start Time: 13:36:55
End Time: 16:39:47
MSN: 20241014_Golden_Liq_SelfAdmin
F:       0.000
G:     781.000
H:   10800.000
I:       0.000
J:       0.000
K:       0.000
L:       0.000
M:       0.000
N:       0.000
O:       0.000
P:       0.000
Q:       0.000
R:       0.000
S:       0.000
U:       0.000
V:       0.000
W:       0.000
X:       0.000
Y:       0.000
Z:       0.000
A:
     0:        0.000        0.000      180.000        4.000        0.000
     5:        5.000        0.000        5.000        0.000        0.000
    10:        1.000        0.000       10.000      600.000       23.000
    15:        1.000      640.000        0.000        0.000        0.000
    20:        0.000
B:
     0:        0.000        0.000        0.000      400.000        0.000
     5:      500.000        0.000      500.000        0.000        0.000
    10:        0.000        0.000     1000.000    60000.000        0.000
    15:        0.000        0.000        0.000        0.000        0.000
    20:        0.000
C:
     0:       32.000       33.000        1.000        0.000      390.000
     5:    10360.000       15.280       24.000     1225.480       51.062
    10:        0.000        1.000       33.000        0.000        0.000
    15:        0.000        0.000        0.000        0.000        0.000
    20:        0.000
D:
     0:       20.150        7.460        4.530        0.850        8.950
     5:        0.650       10.380       51.860       17.090        1.690
    10:        4.060       18.660       22.340       87.880      195.500
    15:       94.200       65.610      443.410       26.530       41.590
    20:       42.440       16.290       28.080       15.280
E:
     0:       19.000       11.000       26.000       27.000        6.000
     5:        6.000        6.000        6.000        6.000        6.000
    10:        6.000        6.000        6.000        6.000        6.000
    15:        6.000        6.000        6.000        6.000        6.000
    20:        6.000        6.000        6.000        6.000        6.000
    25:        6.000        6.000        6.000        6.000        6.000
    30:        6.000        6.000        6.000        6.000        6.000
    35:        6.000        6.000        6.000        6.000        6.000
    40:        6.000        6.000        6.000        6.000        6.000
    45:        6.000        6.000        6.000        6.000        6.000
    50:        6.000        6.000        6.000        6.000        6.000
    55:        6.000        6.000        6.000        6.000        6.000
    60:        6.000        6.000        6.000       25.000       24.000
    65:       12.000       13.000        8.000        5.000       17.000
    70:       18.000       14.000       10.000       19.000       11.000
    75:        6.000        6.000        6.000        6.000        6.000
    80:        6.000        6.000        6.000        6.000        6.000
    85:        6.000        6.000        6.000        6.000        6.000
    90:        6.000        6.000        6.000        6.000        6.000
    95:        6.000        6.000        6.000        6.000        6.000
   100:        6.000        6.000        6.000        6.000        6.000
   105:        6.000        6.000        6.000        6.000        6.000
   110:        6.000        6.000        6.000        6.000        6.000
   115:        6.000        6.000        6.000        6.000        6.000
   120:        6.000        6.000        6.000        6.000        6.000
   125:        6.000        6.000        6.000        6.000        6.000
   130:        6.000        6.000        6.000        6.000        6.000
   135:       25.000       24.000       12.000       13.000        8.000
   140:        5.000       17.000       18.000       14.000       10.000
   145:        6.000        6.000        6.000       19.000       11.000
   150:        6.000        6.000        6.000        6.000        6.000
   155:        6.000        6.000        6.000        6.000        6.000
   160:        6.000        6.000        6.000        6.000        6.000
   165:        6.000        6.000        6.000        6.000        6.000
   170:        6.000        6.000        6.000        6.000        6.000
   175:        6.000        6.000        6.000        6.000        6.000
   180:        6.000        6.000        6.000        6.000        6.000
   185:        6.000        6.000        6.000        6.000        6.000
   190:        6.000        6.000        6.000        6.000        6.000
   195:        6.000        6.000        6.000        6.000        6.000
   200:        6.000        6.000        6.000        6.000        6.000
   205:        6.000        6.000        6.000        6.000        6.000
   210:        6.000        6.000        6.000        6.000        6.000
   215:        6.000        6.000        6.000        6.000        6.000
   220:        6.000        6.000        6.000        6.000        6.000
   225:       25.000       24.000       12.000       13.000        8.000
   230:        5.000       17.000       18.000        6.000       14.000
   235:       10.000       19.000       11.000        6.000        6.000
   240:        6.000        6.000        6.000        6.000        6.000
   245:        6.000        6.000        6.000        6.000        6.000
   250:        6.000        6.000        6.000        6.000        6.000
   255:        6.000        6.000        6.000        6.000        6.000
   260:        6.000        6.000        6.000        6.000        6.000
   265:        6.000        6.000       30.000       24.000       12.000
   270:       13.000        8.000        5.000       17.000        6.000
   275:        6.000        6.000       18.000        6.000       14.000
   280:       10.000       19.000       11.000        6.000        6.000
   285:        6.000        6.000        6.000        6.000        6.000
   290:        6.000        6.000        6.000       30.000       24.000
   295:       12.000       13.000        8.000        5.000       17.000
   300:       18.000       14.000       10.000        6.000        6.000
   305:        6.000       19.000       11.000        6.000        6.000
   310:       30.000       24.000       12.000       13.000        8.000
   315:        5.000       17.000        6.000        6.000       18.000
   320:       14.000       10.000       19.000       11.000        6.000
   325:        6.000        6.000        6.000       25.000       24.000
   330:       12.000       13.000        8.000        5.000       17.000
   335:       18.000       14.000       10.000       19.000       11.000
   340:        6.000       30.000       24.000       12.000       13.000
   345:        8.000        5.000       17.000       18.000       14.000
   350:       10.000       19.000       11.000        6.000        6.000
   355:       30.000       24.000       12.000       13.000        8.000
   360:        5.000       17.000       18.000       14.000       10.000
   365:       19.000       11.000        6.000        6.000        6.000
   370:       30.000       24.000       12.000       13.000        8.000
   375:        5.000       17.000       18.000       14.000       10.000
   380:       19.000       11.000       30.000       24.000       12.000
   385:       13.000        8.000        5.000       17.000       18.000
   390:       14.000       10.000       19.000       11.000       25.000
   395:       24.000       12.000       13.000        8.000        5.000
   400:       17.000       30.000       12.000       18.000       14.000
   405:       10.000       19.000       11.000       30.000       24.000
   410:       12.000       13.000        8.000        5.000       17.000
   415:       18.000       14.000       10.000       19.000       11.000
   420:       30.000       24.000       12.000       13.000        8.000
   425:        5.000       17.000        6.000       18.000       14.000
   430:       10.000       19.000       11.000        6.000       30.000
   435:       24.000       12.000       13.000        8.000        5.000
   440:       17.000       18.000        6.000       14.000       10.000
   445:       19.000       11.000        6.000        6.000       30.000
   450:       24.000       12.000       13.000        8.000        5.000
   455:       17.000       18.000       14.000       10.000       19.000
   460:       11.000       30.000       24.000       12.000       13.000
   465:        8.000        5.000       17.000       18.000       14.000
   470:       10.000       19.000       11.000        6.000        6.000
   475:       30.000       24.000       12.000       13.000        8.000
   480:        5.000       17.000       18.000       14.000       10.000
   485:       19.000       11.000       30.000       24.000       12.000
   490:       13.000        8.000        5.000       17.000       18.000
   495:       14.000       10.000       19.000       11.000       30.000
   500:       24.000       12.000       13.000        8.000        5.000
   505:       17.000       18.000       14.000       10.000       19.000
   510:       11.000       25.000       24.000       12.000       13.000
   515:        8.000        5.000       17.000       18.000       14.000
   520:       10.000       19.000       11.000        6.000        6.000
   525:        6.000        6.000       25.000       24.000       12.000
   530:       13.000        8.000        5.000       17.000       18.000
   535:       14.000       10.000       19.000       11.000        6.000
   540:        6.000        6.000        6.000        6.000        6.000
   545:        6.000        6.000        6.000        6.000        6.000
   550:       25.000       24.000       12.000       13.000        8.000
   555:        5.000       17.000       18.000       14.000       10.000
   560:       19.000       11.000        6.000        6.000        6.000
   565:        6.000        6.000        6.000        6.000        6.000
   570:       25.000       24.000       12.000       13.000        8.000
   575:        5.000       17.000       18.000       14.000       10.000
   580:       19.000       11.000        6.000        6.000        6.000
   585:        6.000        6.000        6.000        6.000       25.000
   590:       24.000       12.000       13.000        8.000        5.000
   595:       17.000       18.000       14.000       10.000       19.000
   600:       11.000        6.000        6.000        6.000        6.000
   605:        6.000        6.000        6.000        1.000        6.000
   610:        6.000       25.000       24.000       12.000       13.000
   615:        8.000        5.000       17.000       18.000       14.000
   620:       10.000       19.000       11.000        6.000        6.000
   625:        6.000        6.000        6.000        6.000        6.000
   630:        6.000        6.000       25.000       24.000       12.000
   635:       13.000        8.000        5.000       17.000       18.000
   640:       14.000       10.000       19.000       11.000        6.000
   645:        6.000        6.000        6.000        6.000        6.000
   650:       25.000       24.000       12.000       13.000        8.000
   655:        5.000       17.000       18.000       14.000       10.000
   660:       19.000       11.000        6.000        6.000        6.000
   665:        6.000        6.000        6.000        6.000        6.000
   670:        6.000        6.000        6.000        6.000        6.000
   675:        6.000        6.000        6.000        6.000        6.000
   680:        6.000        6.000        6.000        6.000        6.000
   685:       25.000       24.000       12.000       13.000        8.000
   690:        5.000       17.000       18.000       14.000       10.000
   695:       19.000       11.000        6.000        6.000        6.000
   700:        6.000        6.000        6.000        6.000        6.000
   705:       25.000       24.000       12.000       13.000        8.000
   710:        5.000       17.000       18.000       14.000       10.000
   715:       19.000       11.000        6.000        6.000        6.000
   720:        6.000        6.000        6.000        6.000        6.000
   725:        6.000       25.000       24.000       12.000       13.000
   730:        8.000        5.000       17.000       18.000       14.000
   735:       10.000       19.000       11.000        6.000        6.000
   740:        6.000        6.000        6.000        6.000        6.000
   745:        6.000        6.000        6.000        6.000        6.000
   750:        6.000        6.000        6.000        6.000        6.000
   755:        6.000        6.000        6.000       25.000       24.000
   760:       12.000       13.000        8.000        5.000       17.000
   765:       18.000       14.000       10.000       19.000       11.000
   770:        6.000        6.000        6.000        6.000        6.000
   775:        6.000        6.000        6.000        6.000        6.000
   780:        6.000      100.000
T:
     0:        0.000        0.000        0.000        0.000      136.720
     5:      137.820      138.320      141.430      141.580      143.550
    10:      145.010      146.270      173.500      219.960      220.210
    15:      220.240      221.310      221.350      224.820      253.860
    20:      264.320      267.930      274.540      286.160      286.210
    25:      286.490      312.030      312.240      312.400      312.670
    30:      351.460      359.040      359.520      360.450      361.310
    35:      375.590      378.020      378.510      391.030      393.590
    40:      393.620      393.650      395.370      395.500      395.790
    45:      404.680      434.770      435.080      442.290      443.560
    50:      487.190      488.480      490.670      497.990      503.060
    55:      503.190      504.520      505.390      556.150      594.430
    60:      594.480      596.250      597.030      599.990      600.000
    65:      600.000      600.000      600.000      600.000      600.000
    70:      604.000      605.000      605.000      609.990      610.000
    75:      620.150      624.490      628.340      636.510      638.360
    80:      638.490      660.680      662.530      666.400      675.440
    85:      675.520      675.550      675.610      681.460      681.920
    90:      696.650      706.770      706.990      707.190      708.340
    95:      717.870      721.830      722.010      829.920      830.610
   100:      908.890      911.110      946.800      948.100      951.940
   105:     1006.760     1007.260     1007.390     1007.540     1008.420
   110:     1009.170     1010.590     1010.790     1011.770     1011.990
   115:     1013.660     1014.490     1120.860     1121.370     1125.730
   120:     1127.420     1135.070     1135.590     1137.250     1140.190
   125:     1140.420     1148.640     1150.510     1186.490     1187.980
   130:     1188.720     1189.680     1193.690     1194.110     1198.440
   135:     1209.990     1210.000     1210.000     1210.000     1210.000
   140:     1210.000     1210.000     1214.000     1215.000     1215.000
   145:     1217.460     1218.500     1218.930     1219.990     1220.000
   150:     1244.250     1248.570     1253.520     1265.730     1267.110
   155:     1267.370     1267.590     1272.260     1272.410     1280.300
   160:     1281.270     1283.960     1285.090     1287.640     1337.350
   165:     1341.950     1342.440     1379.590     1381.400     1383.390
   170:     1383.490     1405.320     1405.440     1406.040     1406.190
   175:     1406.370     1406.640     1407.530     1408.460     1409.790
   180:     1438.680     1439.050     1439.900     1441.200     1442.070
   185:     1442.410     1446.250     1448.160     1450.220     1450.380
   190:     1451.110     1451.150     1451.260     1476.530     1476.750
   195:     1479.100     1479.400     1497.120     1519.510     1520.220
   200:     1534.880     1573.540     1611.890     1612.660     1612.860
   205:     1613.550     1614.400     1615.540     1621.550     1623.300
   210:     1634.400     1634.680     1636.580     1636.600     1638.280
   215:     1638.920     1639.010     1639.410     1641.670     1642.800
   220:     1642.970     1644.970     1662.190     1729.160     1752.220
   225:     1819.990     1820.000     1820.000     1820.000     1820.000
   230:     1820.000     1820.000     1824.000     1824.530     1825.000
   235:     1825.000     1829.990     1830.000     1831.710     1837.710
   240:     1840.070     1847.180     1861.520     1864.390     1870.470
   245:     1870.970     1871.310     1874.520     1903.970     1972.790
   250:     2004.740     2017.290     2032.110     2036.320     2055.470
   255:     2056.540     2056.730     2056.990     2059.080     2081.060
   260:     2081.180     2082.720     2084.080     2182.540     2223.070
   265:     2223.590     2224.370     2224.500     2224.500     2224.500
   270:     2224.500     2224.500     2224.500     2224.500     2225.350
   275:     2225.890     2227.510     2228.500     2229.420     2229.500
   280:     2229.500     2234.490     2234.500     2242.540     2243.370
   285:     2244.610     2245.140     2249.820     2259.860     2260.730
   290:     2261.350     2277.550     2295.220     2310.380     2310.380
   295:     2310.380     2310.380     2310.380     2310.380     2310.380
   300:     2314.380     2315.380     2315.380     2319.330     2319.790
   305:     2319.890     2320.370     2320.380     2333.770     2334.150
   310:     2349.010     2349.010     2349.010     2349.010     2349.010
   315:     2349.010     2349.010     2349.660     2350.110     2353.010
   320:     2354.010     2354.010     2359.000     2359.010     2369.300
   325:     2373.760     2373.810     2374.230     2429.990     2430.000
   330:     2430.000     2430.000     2430.000     2430.000     2430.000
   335:     2434.000     2435.000     2435.000     2439.990     2440.000
   340:     2440.380     2441.440     2441.440     2441.440     2441.440
   345:     2441.440     2441.440     2441.440     2445.440     2446.440
   350:     2446.440     2451.430     2451.440     2493.300     2494.120
   355:     2499.630     2499.630     2499.630     2499.630     2499.630
   360:     2499.630     2499.630     2503.630     2504.630     2504.630
   365:     2509.620     2509.630     2516.720     2531.990     2532.140
   370:     2754.340     2754.340     2754.340     2754.340     2754.340
   375:     2754.340     2754.340     2758.340     2759.340     2759.340
   380:     2764.330     2764.340     2836.150     2836.150     2836.150
   385:     2836.150     2836.150     2836.150     2836.150     2840.150
   390:     2841.150     2841.150     2846.140     2846.150     3039.990
   395:     3040.000     3040.000     3040.000     3040.000     3040.000
   400:     3040.000     3042.140     3042.140     3044.000     3045.000
   405:     3045.000     3049.990     3050.000     3104.590     3104.590
   410:     3104.590     3104.590     3104.590     3104.590     3104.590
   415:     3108.590     3109.590     3109.590     3114.580     3114.590
   420:     3122.500     3122.500     3122.500     3122.500     3122.500
   425:     3122.500     3122.500     3124.190     3126.500     3127.500
   430:     3127.500     3132.490     3132.500     3156.220     3156.690
   435:     3156.690     3156.690     3156.690     3156.690     3156.690
   440:     3156.690     3160.690     3160.750     3161.690     3161.690
   445:     3166.680     3166.690     3171.790     3210.140     3270.420
   450:     3270.420     3270.420     3270.420     3270.420     3270.420
   455:     3270.420     3274.420     3275.420     3275.420     3280.410
   460:     3280.420     3382.490     3382.490     3382.490     3382.490
   465:     3382.490     3382.490     3382.490     3386.490     3387.490
   470:     3387.490     3392.480     3392.490     3401.150     3401.400
   475:     3458.150     3458.150     3458.150     3458.150     3458.150
   480:     3458.150     3458.150     3462.150     3463.150     3463.150
   485:     3468.140     3468.150     3486.140     3486.140     3486.140
   490:     3486.140     3486.140     3486.140     3486.140     3490.140
   495:     3491.140     3491.140     3496.130     3496.140     3518.320
   500:     3518.320     3518.320     3518.320     3518.320     3518.320
   505:     3518.320     3522.320     3523.320     3523.320     3528.310
   510:     3528.320     3649.990     3650.000     3650.000     3650.000
   515:     3650.000     3650.000     3650.000     3654.000     3655.000
   520:     3655.000     3659.990     3660.000     3672.340     3733.680
   525:     3734.090     4091.270     4259.990     4260.000     4260.000
   530:     4260.000     4260.000     4260.000     4260.000     4264.000
   535:     4265.000     4265.000     4269.990     4270.000     4347.880
   540:     4435.510     4435.800     4446.690     4464.090     4464.280
   545:     4628.570     4668.910     4677.980     4678.180     4736.020
   550:     4869.990     4870.000     4870.000     4870.000     4870.000
   555:     4870.000     4870.000     4874.000     4875.000     4875.000
   560:     4879.990     4880.000     5065.500     5083.620     5083.920
   565:     5092.880     5156.540     5156.760     5185.720     5458.200
   570:     5479.990     5480.000     5480.000     5480.000     5480.000
   575:     5480.000     5480.000     5484.000     5485.000     5485.000
   580:     5489.990     5490.000     5574.200     6015.070     6015.130
   585:     6042.530     6043.740     6065.560     6065.880     6089.990
   590:     6090.000     6090.000     6090.000     6090.000     6090.000
   595:     6090.000     6094.000     6095.000     6095.000     6099.990
   600:     6100.000     6155.610     6249.720     6283.310     6411.600
   605:     6421.500     6523.760     6524.120     6545.270     6575.060
   610:     6601.770     6699.990     6700.000     6700.000     6700.000
   615:     6700.000     6700.000     6700.000     6704.000     6705.000
   620:     6705.000     6709.990     6710.000     7143.410     7143.570
   625:     7154.740     7154.920     7183.610     7184.110     7186.020
   630:     7212.470     7302.230     7309.990     7310.000     7310.000
   635:     7310.000     7310.000     7310.000     7310.000     7314.000
   640:     7315.000     7315.000     7319.990     7320.000     7336.530
   645:     7382.640     7383.180     7623.660     7654.990     7822.540
   650:     7919.990     7920.000     7920.000     7920.000     7920.000
   655:     7920.000     7920.000     7924.000     7925.000     7925.000
   660:     7929.990     7930.000     7961.590     8049.100     8049.470
   665:     8060.210     8068.400     8070.450     8070.470     8072.960
   670:     8078.980     8105.400     8105.690     8175.670     8176.340
   675:     8180.400     8193.150     8200.370     8215.220     8246.760
   680:     8247.340     8432.120     8445.930     8479.090     8523.460
   685:     8529.990     8530.000     8530.000     8530.000     8530.000
   690:     8530.000     8530.000     8534.000     8535.000     8535.000
   695:     8539.990     8540.000     8572.440     8682.200     8926.990
   700:     9035.730     9036.340     9072.200     9072.430     9092.860
   705:     9139.990     9140.000     9140.000     9140.000     9140.000
   710:     9140.000     9140.000     9144.000     9145.000     9145.000
   715:     9149.990     9150.000     9156.290     9162.820     9182.880
   720:     9183.160     9189.820     9291.230     9340.240     9340.820
   725:     9373.060     9749.990     9750.000     9750.000     9750.000
   730:     9750.000     9750.000     9750.000     9754.000     9755.000
   735:     9755.000     9759.990     9760.000     9778.080     9778.400
   740:     9778.600     9819.120     9847.400     9853.130     9886.070
   745:     9904.020     9915.600     9915.910    10076.840    10143.030
   750:    10171.380    10188.260    10210.950    10235.110    10251.980
   755:    10333.330    10339.160    10339.430    10359.990    10360.000
   760:    10360.000    10360.000    10360.000    10360.000    10360.000
   765:    10364.000    10365.000    10365.000    10369.990    10370.000
   770:    10375.280    10375.700    10376.000    10386.290    10386.600
   775:    10412.470    10435.430    10455.850    10499.100    10548.860
   780:    10711.610    10800.000
