File: C:\MED-PC\Data\2024-11-15_09h01m_Subject 34.txt


Start Date: 11/15/24
End Date: 11/15/24
Subject: 34
Experiment: OralFentSA
Group: One
Box: 2
Start Time: 09:01:25
End Time: 12:08:58
MSN: Golden_Liq_SelfAdmin_EXT
F:       0.000
G:     686.000
H:   10800.000
I:       0.000
J:       0.000
K:       0.000
L:       0.000
M:       0.000
N:       0.000
O:       0.000
P:       0.000
Q:       0.000
R:       0.000
S:       0.000
U:       0.000
V:       0.000
W:       0.000
X:       0.000
Y:       0.000
Z:       0.000
A:
     0:        0.000        0.000      180.000        4.000        0.000
     5:        5.000        0.000        5.000        0.000        0.000
    10:        1.000        0.000       10.000   100000.000       19.000
    15:       20.000      600.000        0.000        0.000        0.000
    20:        0.000
B:
     0:        0.000        0.000        0.000        0.000        0.000
     5:        0.000        0.000        0.000        0.000        0.000
    10:        0.000        0.000     1000.000 10000000.000        0.000
    15:        0.000        0.000        0.000        0.000        0.000
    20:        0.000
C:
     0:        0.000       14.000       13.000       25.000      554.000
     5:     9744.590       26.480       13.000      435.130       33.472
    10:       25.000       13.000        0.000        0.000        0.000
    15:        0.000        0.000        0.000        0.000        0.000
    20:        0.000
D:
     0:       36.540       11.780      101.580        8.580       19.320
     5:       13.040       16.990       31.190        8.490       86.580
    10:       55.750       18.810       26.480
E:
     0:       19.000       11.000       26.000       27.000        6.000
     5:        6.000        6.000        2.000        4.000       22.000
    10:       24.000       12.000       19.000       11.000        6.000
    15:        1.000        6.000        6.000        6.000        6.000
    20:        6.000        6.000        6.000        2.000        4.000
    25:       22.000       24.000       12.000       21.000       22.000
    30:       19.000       11.000        6.000        6.000        6.000
    35:        6.000        6.000        6.000        6.000        6.000
    40:        6.000        6.000        6.000        6.000        6.000
    45:        6.000        6.000        6.000        6.000        6.000
    50:        6.000        6.000        6.000        6.000        6.000
    55:        6.000        1.000        6.000        6.000        6.000
    60:        6.000        6.000        6.000        6.000        6.000
    65:        6.000        6.000        6.000        6.000        6.000
    70:        6.000        6.000        2.000        4.000       22.000
    75:       24.000       12.000       19.000       11.000        6.000
    80:        6.000        6.000        6.000        6.000        6.000
    85:        6.000        6.000        6.000        6.000        1.000
    90:        1.000        1.000        1.000        1.000        6.000
    95:        6.000        6.000        1.000        6.000        6.000
   100:        6.000        6.000        2.000        4.000       22.000
   105:       24.000       12.000       21.000       22.000       21.000
   110:       22.000        6.000        6.000       19.000       11.000
   115:        6.000        2.000        4.000       22.000       24.000
   120:       12.000       21.000       22.000       21.000       22.000
   125:       21.000       22.000       19.000       11.000        6.000
   130:        6.000        1.000        6.000        6.000        6.000
   135:        6.000        6.000        2.000        4.000       22.000
   140:       24.000       12.000       21.000       22.000       19.000
   145:       11.000        6.000        6.000        6.000        6.000
   150:        6.000        6.000        6.000        6.000        6.000
   155:        6.000        6.000        6.000        6.000        6.000
   160:        6.000        6.000        6.000        6.000        6.000
   165:        6.000        6.000        6.000        6.000        6.000
   170:        6.000        6.000        6.000        6.000        6.000
   175:        6.000        6.000        2.000        4.000       22.000
   180:       24.000       12.000       19.000       11.000        6.000
   185:        6.000        6.000        6.000        6.000        6.000
   190:        6.000        6.000        6.000        6.000        6.000
   195:        6.000        6.000        6.000        6.000        6.000
   200:        2.000        4.000       22.000       24.000       12.000
   205:       21.000       22.000       19.000       11.000        6.000
   210:        6.000        2.000        4.000       22.000       24.000
   215:       12.000       21.000       22.000       21.000       22.000
   220:        6.000       19.000       11.000        6.000        6.000
   225:        6.000        6.000        6.000        1.000        1.000
   230:        6.000        6.000        6.000        2.000        4.000
   235:       22.000       24.000       12.000       19.000       11.000
   240:        6.000        6.000        6.000        6.000        6.000
   245:        6.000        6.000        6.000        6.000        6.000
   250:        6.000        6.000        6.000        6.000        6.000
   255:        6.000        6.000        6.000        6.000        6.000
   260:        6.000        6.000        6.000        6.000        6.000
   265:        6.000        6.000        6.000        6.000        6.000
   270:        6.000        2.000        4.000       22.000       24.000
   275:       12.000       21.000       22.000       21.000       22.000
   280:       19.000       11.000        6.000        6.000        6.000
   285:        6.000        6.000        6.000        6.000        6.000
   290:        6.000        6.000        6.000        6.000        6.000
   295:        6.000        6.000        6.000        6.000        6.000
   300:        6.000        6.000        6.000        6.000        6.000
   305:        6.000        6.000        6.000        6.000        6.000
   310:        6.000        6.000        6.000        6.000        6.000
   315:        6.000        6.000        6.000        6.000        1.000
   320:        1.000        6.000        6.000        6.000        6.000
   325:        6.000        2.000        4.000       22.000       24.000
   330:       12.000       19.000       11.000        6.000        6.000
   335:        6.000        6.000        6.000        6.000        6.000
   340:        6.000        6.000        6.000        6.000        6.000
   345:        6.000        6.000        6.000        6.000        6.000
   350:        6.000        6.000        6.000        6.000        6.000
   355:        6.000        6.000        6.000        6.000        6.000
   360:        6.000        6.000        6.000        6.000        6.000
   365:        6.000        6.000        6.000        6.000        6.000
   370:        6.000        6.000        6.000        6.000        6.000
   375:        6.000        6.000        6.000        6.000        6.000
   380:        6.000        6.000        6.000        6.000        6.000
   385:        6.000        6.000        6.000        6.000        6.000
   390:        6.000        6.000        6.000        6.000        6.000
   395:        6.000        6.000        6.000        6.000        6.000
   400:        6.000        6.000        6.000        6.000        6.000
   405:        6.000        6.000        6.000        6.000        6.000
   410:        6.000        6.000        6.000        6.000        6.000
   415:        6.000        6.000        6.000        6.000        6.000
   420:        6.000        6.000        6.000        6.000        6.000
   425:        6.000        6.000        6.000        6.000        6.000
   430:        6.000        6.000        6.000        6.000        6.000
   435:        6.000        6.000        6.000        6.000        6.000
   440:        6.000        6.000        6.000        6.000        6.000
   445:        6.000        6.000        6.000        6.000        6.000
   450:        6.000        6.000        6.000        6.000        6.000
   455:        6.000        6.000        6.000        6.000        6.000
   460:        6.000        6.000        6.000        6.000        6.000
   465:        6.000        6.000        6.000        6.000        6.000
   470:        6.000        6.000        6.000        6.000        6.000
   475:        6.000        6.000        6.000        6.000        6.000
   480:        6.000        6.000        6.000        6.000        6.000
   485:        6.000        6.000        6.000        6.000        6.000
   490:        6.000        6.000        6.000        6.000        6.000
   495:        6.000        6.000        6.000        6.000        6.000
   500:        6.000        6.000        6.000        6.000        6.000
   505:        6.000        6.000        6.000        6.000        6.000
   510:        6.000        6.000        6.000        6.000        6.000
   515:        6.000        6.000        6.000        6.000        6.000
   520:        6.000        6.000        6.000        6.000        6.000
   525:        6.000        6.000        6.000        6.000        6.000
   530:        6.000        6.000        6.000        6.000        6.000
   535:        6.000        6.000        6.000        6.000        6.000
   540:        6.000        6.000        6.000        6.000        6.000
   545:        6.000        6.000        6.000        6.000        6.000
   550:        6.000        6.000        6.000        6.000        6.000
   555:        6.000        6.000        6.000        6.000        6.000
   560:        6.000        6.000        6.000        6.000        6.000
   565:        6.000        6.000        6.000        6.000        6.000
   570:        6.000        6.000        6.000        6.000        6.000
   575:        6.000        6.000        6.000        6.000        6.000
   580:        6.000        6.000        6.000        6.000        6.000
   585:        6.000        6.000        6.000        6.000        6.000
   590:        6.000        6.000        6.000        6.000        6.000
   595:        6.000        6.000        6.000        6.000        6.000
   600:        6.000        6.000        6.000        6.000        6.000
   605:        6.000        6.000        6.000        6.000        6.000
   610:        6.000        6.000        6.000        6.000        6.000
   615:        6.000        6.000        6.000        6.000        6.000
   620:        6.000        6.000        6.000        6.000        6.000
   625:        6.000        6.000        6.000        6.000        6.000
   630:        6.000        6.000        6.000        6.000        6.000
   635:        6.000        6.000        6.000        6.000        6.000
   640:        6.000        6.000        6.000        6.000        6.000
   645:        6.000        6.000        6.000        6.000        6.000
   650:        6.000        6.000        6.000        6.000        6.000
   655:        6.000        6.000        6.000        6.000        6.000
   660:        2.000        4.000       22.000       24.000       12.000
   665:       19.000       11.000        6.000        6.000        6.000
   670:        6.000        6.000        6.000        6.000        6.000
   675:        6.000        6.000        6.000        6.000        6.000
   680:        6.000        6.000        6.000        6.000        6.000
   685:        6.000      100.000
T:
     0:        0.000        0.000        0.000        0.000        5.230
     5:        8.070        8.210       14.040       14.040       14.040
    10:       14.050       14.050       24.040       24.050       50.590
    15:      112.560      126.400      158.230      182.270      184.770
    20:      185.210      193.010      193.960      197.430      197.430
    25:      197.430      197.440      197.440      198.980      198.980
    30:      207.430      207.440      209.220      215.450      215.880
    35:      218.120      223.370      224.790      227.280      228.290
    40:      232.000      237.450      240.720      264.140      264.320
    45:      269.120      271.600      276.090      357.330      357.760
    50:      357.950      373.250      373.460      373.680      376.220
    55:      379.740      386.170      392.120      409.720      415.630
    60:      438.060      472.270      473.060      597.760      609.690
    65:      612.700      614.680      620.250      621.630      625.670
    70:      753.110      771.410      781.280      781.280      781.280
    75:      781.290      781.290      791.280      791.290      882.870
    80:      949.070      949.300      952.140      968.950      969.780
    85:      979.890      980.610     1077.480     1077.530     1128.970
    90:     1131.110     1132.550     1132.640     1133.600     1152.010
    95:     1185.200     1191.730     1197.170     1204.060     1237.150
   100:     1237.220     1237.570     1271.020     1271.020     1271.020
   105:     1271.030     1271.030     1274.430     1274.430     1275.690
   110:     1275.690     1279.610     1280.610     1281.020     1281.030
   115:     1303.880     1306.590     1306.590     1306.590     1306.600
   120:     1306.600     1309.070     1309.070     1309.650     1309.650
   125:     1312.540     1312.540     1316.590     1316.600     1325.920
   130:     1326.790     1331.840     1337.700     1337.960     1353.120
   135:     1355.070     1356.200     1359.100     1359.100     1359.100
   140:     1359.110     1359.110     1361.860     1361.860     1369.100
   145:     1369.110     1372.150     1372.820     1376.270     1376.890
   150:     1387.500     1388.730     1409.610     1478.640     1546.520
   155:     1547.220     1614.960     1615.680     1616.500     1694.190
   160:     1694.280     1837.760     1839.120     1843.430     1844.280
   165:     1846.110     1849.150     1889.570     1892.250     1893.930
   170:     1895.570     1897.500     1899.560     1911.880     1913.740
   175:     1916.110     1919.470     1951.180     1951.180     1951.180
   180:     1951.190     1951.190     1961.180     1961.190     1968.180
   185:     1970.550     1971.310     2010.350     2010.830     2017.430
   190:     2017.740     2018.540     2020.140     2048.900     2091.030
   195:     2105.500     2105.880     2105.930     2106.270     2119.290
   200:     2175.750     2175.750     2175.750     2175.760     2175.760
   205:     2184.640     2184.640     2185.750     2185.760     2206.950
   210:     2209.210     2220.100     2220.100     2220.100     2220.110
   215:     2220.110     2221.130     2221.130     2225.300     2225.300
   220:     2228.600     2230.100     2230.110     2233.420     2236.120
   225:     2396.160     2447.340     2447.370     2479.170     2483.410
   230:     2513.760     2514.840     2515.320     2517.890     2517.890
   235:     2517.890     2517.900     2517.900     2527.890     2527.900
   240:     2604.480     2660.110     2670.570     2670.920     2674.340
   245:     2685.450     2690.870     2697.420     2698.920     2699.990
   250:     2702.990     2705.060     2718.930     2735.200     2935.680
   255:     2940.220     2948.800     3020.280     3055.290     3055.350
   260:     3073.600     3077.730     3078.970     3079.690     3079.720
   265:     3090.630     3135.970     3166.970     3197.720     3222.880
   270:     3223.300     3274.340     3274.340     3274.340     3274.350
   275:     3274.350     3275.660     3275.660     3276.500     3276.500
   280:     3284.340     3284.350     3330.100     3332.250     3334.470
   285:     3384.330     3386.980     3423.150     3453.660     3488.960
   290:     3560.690     3587.900     3589.620     3592.900     3594.390
   295:     3597.900     3600.200     3603.440     3620.860     3654.490
   300:     3708.150     3709.450     3711.130     3786.160     3808.440
   305:     3810.490     3837.210     3840.060     3853.610     3853.780
   310:     3855.450     3902.260     3902.320     3903.500     3917.130
   315:     3947.590     4031.420     4033.540     4033.600     4070.170
   320:     4071.370     4104.930     4146.480     4146.790     4148.350
   325:     4148.470     4153.640     4153.640     4153.640     4153.650
   330:     4153.650     4163.640     4163.650     4172.460     4172.500
   335:     4172.960     4206.320     4224.270     4353.140     4355.260
   340:     4438.270     4441.470     4457.020     4457.170     4517.280
   345:     4517.980     4522.080     4740.510     4740.570     4741.800
   350:     4749.840     4760.340     4760.490     4761.700     4763.280
   355:     5158.690     5159.800     5164.620     5169.320     5171.750
   360:     5174.440     5180.360     5182.550     5182.620     5183.430
   365:     5184.200     5184.940     5185.090     5185.550     5185.840
   370:     5188.690     5189.500     5192.380     5198.750     5198.920
   375:     5198.970     5200.940     5201.100     5201.440     5205.660
   380:     5205.860     5215.620     5232.640     5232.880     5235.420
   385:     5258.040     5258.150     5258.710     5265.180     5268.910
   390:     5275.860     5275.960     5281.490     5281.990     5289.960
   395:     5290.160     5301.270     5306.900     5310.060     5315.460
   400:     5316.360     5336.710     5336.930     5338.030     5338.200
   405:     5341.470     5343.560     5344.010     5344.890     5346.150
   410:     5346.310     5350.530     5351.890     5352.360     5354.110
   415:     5354.380     5355.180     5355.570     5355.670     5356.750
   420:     5357.370     5358.420     5358.740     5359.000     5359.300
   425:     5360.440     5361.580     5363.210     5366.250     5368.560
   430:     5371.260     5372.440     5374.980     5375.530     5376.860
   435:     5380.400     5383.840     5383.960     5385.330     5388.130
   440:     5409.760     5410.210     5410.840     5410.980     5424.730
   445:     5424.820     5425.580     5426.460     5427.320     5428.070
   450:     5428.320     5428.600     5431.320     5432.560     5434.480
   455:     5435.990     5438.680     5440.220     5440.870     5440.910
   460:     5444.740     5444.820     5444.970     5445.790     5446.490
   465:     5453.850     5454.090     5455.560     5471.630     5471.660
   470:     5475.750     5488.930     5489.390     5500.160     5530.040
   475:     5549.860     5552.210     5761.080     5807.570     5845.520
   480:     5845.830     5846.550     5846.790     5847.050     5847.350
   485:     5847.980     5848.320     5848.720     5849.130     5849.590
   490:     5849.940     5850.130     5850.440     5850.900     5851.230
   495:     5851.600     5851.930     5852.240     5852.550     5852.870
   500:     5853.250     5853.590     5853.940     5854.330     5854.680
   505:     5855.030     5855.510     5855.850     5856.230     5863.510
   510:     5863.830     5893.470     5894.390     5894.950     6280.990
   515:     6282.280     6284.890     6287.690     6287.830     6299.210
   520:     6304.690     6305.280     6305.630     6305.690     6305.790
   525:     6306.990     6307.070     6311.840     6313.350     6313.550
   530:     6313.740     6313.930     6314.590     6314.880     6314.940
   535:     6315.100     6317.720     6317.810     6318.120     6318.240
   540:     6320.300     6320.410     6320.610     6322.280     6322.820
   545:     6323.160     6323.300     6324.030     6324.240     6325.020
   550:     6325.490     6325.930     6326.180     6788.910     7241.130
   555:     7242.960     7243.450     7243.930     7244.310     7244.680
   560:     7257.590     7257.910     7258.840     7263.830     7266.810
   565:     7269.170     7269.490     7269.810     7270.100     7270.400
   570:     7270.680     7270.890     7271.180     7271.440     7271.730
   575:     7272.010     7272.280     7272.550     7272.830     7273.050
   580:     7273.320     7273.720     7274.100     7274.410     7274.650
   585:     7274.900     7275.170     7275.460     7275.730     7275.950
   590:     7277.130     7277.210     7277.380     7277.670     7277.860
   595:     7278.180     7278.460     7278.700     7278.960     7279.240
   600:     7279.490     7279.680     7279.830     7279.870     7359.660
   605:     7359.860     7361.340     7361.470     7364.150     7364.210
   610:     7364.420     7364.860     7365.340     7365.770     7365.850
   615:     7766.500     7766.760     7769.010     8058.510     8078.360
   620:     8080.220     8303.340     8305.430     8306.630     8716.280
   625:     8716.550     8717.590     8719.150     8719.510     8721.280
   630:     9049.960     9059.280     9062.630     9064.690     9068.320
   635:     9073.090     9119.590     9121.710     9127.330     9132.200
   640:     9132.500     9136.030     9136.400     9139.790     9142.760
   645:     9143.070     9143.090     9143.160     9143.240     9143.350
   650:     9259.670     9259.800     9387.780     9388.010     9404.330
   655:     9479.400     9522.040     9581.470     9598.190     9739.990
   660:     9744.580     9744.580     9744.580     9744.590     9744.590
   665:     9754.580     9754.590     9771.070     9778.420    10235.690
   670:    10238.460    10238.770    10239.330    10239.530    10239.840
   675:    10239.930    10241.010    10241.190    10264.340    10268.460
   680:    10272.070    10560.430    10560.610    10566.920    10568.210
   685:    10568.680    10800.000
