File: C:\MED-PC\Data\2024-10-31_12h57m_Subject 56.txt


Start Date: 10/31/24
End Date: 10/31/24
Subject: 56
Experiment: OralFentSA
Group: One
Box: 12
Start Time: 12:57:45
End Time: 15:57:50
MSN: 20241014_Golden_Liq_SelfAdmin
F:       0.000
G:    1075.000
H:   10800.000
I:       0.000
J:       0.000
K:       0.000
L:       0.000
M:       0.000
N:       0.000
O:       0.000
P:       0.000
Q:       0.000
R:       0.000
S:       0.000
U:       0.000
V:       0.000
W:       0.000
X:       0.000
Y:       0.000
Z:       0.000
A:
     0:        0.000        0.000      180.000        4.000        0.000
     5:        5.000        0.000        5.000        0.000        0.000
    10:        1.000        0.000       10.000   100000.000       31.900
    15:        9.000      640.000        0.000        0.000        0.000
    20:        0.000
B:
     0:        0.000        0.000        0.000      400.000        0.000
     5:      500.000        0.000      500.000        0.000        0.000
    10:        0.000        0.000     1000.000 10000000.000        0.000
    15:        0.000        0.000        0.000        0.000        0.000
    20:        0.000
C:
     0:       41.000       42.000       76.000       53.000      397.000
     5:    10672.310       46.640       36.000     1482.560       41.182
    10:       53.000       76.000        0.000        0.000        0.000
    15:        0.000        0.000        0.000        0.000        0.000
    20:        0.000
D:
     0:       27.890        7.860       70.200       50.880      135.730
     5:       36.760       69.290       13.900       35.530       19.250
    10:        4.930      163.990      109.490        8.540        6.070
    15:        2.330       12.430       32.780        7.170       19.310
    20:        2.040        1.720        4.960      161.580        1.350
    25:        4.240        2.970        4.520        8.900        8.840
    30:        8.200        7.780       14.340      294.200       75.950
    35:       46.640
E:
     0:       19.000       11.000       26.000       27.000        2.000
     5:        4.000       22.000       24.000       12.000       13.000
    10:        8.000        5.000       17.000       21.000       22.000
    15:       18.000       14.000       10.000       19.000       11.000
    20:        1.000        1.000        6.000        6.000        6.000
    25:        2.000        4.000       22.000       24.000       12.000
    30:       13.000        8.000        5.000       17.000       18.000
    35:       14.000       10.000        6.000       19.000       11.000
    40:        2.000        4.000       22.000       24.000       12.000
    45:       13.000        8.000        5.000       17.000       21.000
    50:       22.000       18.000       14.000       10.000       19.000
    55:       11.000        6.000        6.000        6.000        6.000
    60:        6.000        6.000        6.000        6.000        6.000
    65:        6.000        6.000        6.000        6.000        2.000
    70:        4.000       22.000       24.000       12.000       13.000
    75:        8.000        5.000       17.000       18.000       14.000
    80:       10.000       19.000       11.000        2.000        4.000
    85:       22.000       24.000       12.000       13.000        8.000
    90:        5.000       17.000       18.000       14.000       10.000
    95:       19.000       11.000        6.000        6.000        6.000
   100:        6.000        6.000        6.000        2.000        4.000
   105:       22.000       24.000       12.000       13.000        8.000
   110:        5.000       17.000       18.000       14.000       10.000
   115:       19.000       11.000        1.000        6.000        6.000
   120:        6.000        6.000        6.000        6.000        6.000
   125:        6.000        6.000        6.000        2.000        4.000
   130:       22.000       24.000       12.000       13.000        8.000
   135:        5.000       17.000       18.000       14.000       10.000
   140:       19.000       11.000        1.000        1.000        6.000
   145:        6.000        6.000        6.000        6.000        6.000
   150:        6.000        6.000        6.000        6.000        6.000
   155:        6.000        6.000        6.000        2.000        4.000
   160:       22.000       24.000       12.000       13.000        8.000
   165:        5.000       17.000       18.000       14.000       10.000
   170:       19.000       11.000        1.000        1.000        1.000
   175:        6.000        6.000        6.000        6.000        6.000
   180:        6.000        6.000        6.000        2.000        4.000
   185:       22.000       24.000       12.000       13.000        8.000
   190:        5.000       17.000       21.000       22.000       18.000
   195:       14.000       10.000       19.000       11.000        2.000
   200:        4.000       22.000       24.000       12.000       13.000
   205:        8.000        5.000       17.000       18.000       14.000
   210:       10.000       19.000       11.000        6.000        6.000
   215:        6.000        6.000        6.000        1.000        2.000
   220:        4.000       22.000       24.000       12.000       13.000
   225:        8.000        5.000       17.000       18.000       14.000
   230:       10.000       19.000       11.000        6.000        6.000
   235:        6.000        6.000        6.000        6.000        6.000
   240:        1.000        6.000        6.000        1.000        2.000
   245:        4.000       22.000       24.000       12.000       13.000
   250:        8.000        5.000       17.000       18.000       14.000
   255:       10.000       19.000       11.000        6.000        6.000
   260:        6.000        6.000        6.000        2.000        4.000
   265:       22.000       24.000       12.000       13.000        8.000
   270:        5.000       17.000       18.000        6.000       14.000
   275:       10.000        6.000       19.000       11.000        2.000
   280:        4.000       22.000       24.000       12.000       13.000
   285:        8.000        5.000       17.000       18.000       14.000
   290:       10.000       20.000       20.000       19.000       11.000
   295:        6.000        6.000        6.000        6.000        6.000
   300:        2.000        4.000       22.000       24.000       12.000
   305:       13.000        8.000        5.000       17.000       18.000
   310:       14.000       10.000       20.000       19.000       11.000
   315:        2.000        4.000       22.000       24.000       12.000
   320:       13.000        8.000        5.000       17.000       18.000
   325:       14.000       10.000       19.000       11.000        2.000
   330:        4.000       22.000       24.000       12.000       13.000
   335:        8.000        5.000       17.000       18.000       14.000
   340:       10.000       19.000       11.000        6.000        6.000
   345:        6.000        6.000        6.000        6.000        6.000
   350:        6.000        6.000        6.000        6.000        6.000
   355:        6.000        6.000        6.000        6.000        6.000
   360:        6.000        6.000        6.000        6.000        6.000
   365:        6.000        1.000        1.000        1.000        6.000
   370:        6.000        6.000        6.000        6.000        6.000
   375:        1.000        6.000        6.000        2.000        4.000
   380:       22.000       24.000       12.000       13.000        8.000
   385:        5.000       17.000       18.000       14.000       10.000
   390:       19.000       11.000        2.000        4.000       22.000
   395:       24.000       12.000       13.000        8.000        5.000
   400:       17.000       18.000       21.000       22.000       14.000
   405:       10.000        6.000       19.000       11.000        6.000
   410:        6.000        1.000        1.000        6.000        6.000
   415:        6.000        6.000        6.000        6.000        6.000
   420:        6.000        6.000        6.000        6.000        6.000
   425:        6.000        6.000        6.000        2.000        4.000
   430:       22.000       24.000       12.000       13.000        8.000
   435:        5.000       17.000       18.000       14.000       10.000
   440:        6.000       19.000       11.000        1.000        6.000
   445:        1.000        1.000        6.000        6.000        6.000
   450:        6.000        6.000        6.000        6.000        6.000
   455:        6.000        6.000        2.000        4.000       22.000
   460:       24.000       12.000       13.000        8.000        5.000
   465:       17.000        6.000       18.000       14.000       10.000
   470:        6.000       19.000       11.000        6.000        6.000
   475:        6.000        6.000        6.000        6.000        6.000
   480:        6.000        6.000        6.000        6.000        2.000
   485:        4.000       22.000       24.000       12.000       13.000
   490:        8.000        5.000       17.000       18.000       20.000
   495:       14.000       10.000       19.000       11.000        6.000
   500:        6.000        6.000        1.000        6.000        6.000
   505:        1.000        2.000        4.000       22.000       24.000
   510:       12.000       13.000        8.000        5.000       17.000
   515:       18.000       14.000       10.000       19.000       11.000
   520:        6.000        1.000        1.000        1.000        2.000
   525:        4.000       22.000       24.000       12.000       13.000
   530:        8.000        5.000       17.000       18.000       14.000
   535:       10.000        6.000        6.000       19.000       11.000
   540:        6.000        6.000        6.000        6.000        6.000
   545:        6.000        6.000        6.000        6.000        6.000
   550:        6.000        6.000        1.000        6.000        6.000
   555:        6.000        2.000        4.000       22.000       24.000
   560:       12.000       13.000        8.000        5.000       17.000
   565:       21.000       22.000       21.000       22.000       21.000
   570:       22.000       18.000       14.000       10.000       21.000
   575:       22.000       21.000       22.000       19.000       11.000
   580:        6.000        6.000        6.000        6.000        6.000
   585:        6.000        6.000        6.000        6.000        6.000
   590:        6.000        1.000        6.000        6.000        6.000
   595:        6.000        6.000        6.000        6.000        6.000
   600:        6.000        6.000        6.000        6.000        6.000
   605:        1.000        1.000        6.000        6.000        6.000
   610:        6.000        6.000        6.000        6.000        6.000
   615:        6.000        6.000        6.000        1.000        6.000
   620:        6.000        6.000        6.000        6.000        6.000
   625:        6.000        2.000        4.000       22.000       24.000
   630:       12.000       13.000        8.000        5.000       17.000
   635:        6.000        6.000       18.000       14.000       10.000
   640:       19.000       11.000        6.000        6.000        6.000
   645:        6.000        6.000        6.000        1.000        6.000
   650:        6.000        6.000        1.000        1.000        1.000
   655:        1.000        1.000        6.000        6.000        2.000
   660:        4.000       22.000       24.000       12.000       13.000
   665:        8.000        5.000       17.000       21.000       22.000
   670:        6.000        6.000       18.000       14.000       10.000
   675:       19.000       11.000        6.000        2.000        4.000
   680:       22.000       24.000       12.000       13.000        8.000
   685:        5.000       17.000       18.000        6.000       14.000
   690:       10.000        6.000       19.000       11.000        1.000
   695:        1.000        6.000        6.000        6.000        6.000
   700:        1.000        2.000        4.000       22.000       24.000
   705:       12.000       13.000        8.000        5.000       17.000
   710:       18.000       14.000       10.000       19.000       11.000
   715:        6.000        6.000        6.000        1.000        6.000
   720:        6.000        6.000        6.000        6.000        6.000
   725:        6.000        6.000        6.000        6.000        6.000
   730:        6.000        6.000        6.000        6.000        6.000
   735:        6.000        6.000        6.000        6.000        1.000
   740:        1.000        1.000        2.000        4.000       22.000
   745:       24.000       12.000       13.000        8.000        5.000
   750:       17.000        6.000        6.000        6.000        6.000
   755:       18.000       14.000       10.000       19.000       11.000
   760:        6.000        6.000        6.000        6.000        6.000
   765:        6.000        6.000        6.000        6.000        6.000
   770:        6.000        6.000        6.000        6.000        6.000
   775:        2.000        4.000       22.000       24.000       12.000
   780:       13.000        8.000        5.000       17.000       18.000
   785:        6.000       14.000       10.000        6.000        6.000
   790:        6.000        6.000       19.000       11.000        6.000
   795:        6.000        6.000        6.000        6.000        6.000
   800:        1.000        2.000        4.000       22.000       24.000
   805:       12.000       13.000        8.000        5.000       17.000
   810:        6.000       18.000       14.000       10.000        6.000
   815:       19.000       11.000        1.000        1.000        1.000
   820:        1.000        1.000        1.000        2.000        4.000
   825:       22.000       24.000       12.000       13.000        8.000
   830:        5.000       17.000       18.000        6.000       14.000
   835:       10.000       19.000       11.000        6.000        6.000
   840:        6.000        6.000        6.000        6.000        6.000
   845:        6.000        6.000        6.000        6.000        6.000
   850:        1.000        1.000        1.000        6.000        6.000
   855:        6.000        6.000        6.000        2.000        4.000
   860:       22.000       24.000       12.000       13.000        8.000
   865:        5.000       17.000       18.000       14.000       10.000
   870:        6.000       19.000       11.000        6.000        6.000
   875:        6.000        6.000        6.000        6.000        6.000
   880:        6.000        6.000        6.000        6.000        6.000
   885:        6.000        1.000        1.000        1.000        6.000
   890:        2.000        4.000       22.000       24.000       12.000
   895:       13.000        8.000        5.000       17.000       18.000
   900:       14.000       10.000       21.000       22.000        6.000
   905:       19.000       11.000        6.000        6.000        6.000
   910:        1.000        6.000        6.000        1.000        6.000
   915:        6.000        6.000        6.000        6.000        6.000
   920:        1.000        6.000        6.000        6.000        6.000
   925:        6.000        6.000        1.000        6.000        6.000
   930:        1.000        1.000        6.000        6.000        2.000
   935:        4.000       22.000       24.000       12.000       13.000
   940:        8.000        5.000       17.000       18.000       14.000
   945:       10.000        6.000       19.000       11.000        2.000
   950:        4.000       22.000       24.000       12.000       13.000
   955:        8.000        5.000       17.000       21.000       22.000
   960:       18.000       14.000       10.000        6.000       19.000
   965:        6.000       11.000        6.000        6.000        6.000
   970:        6.000        6.000        6.000        6.000        6.000
   975:        6.000        6.000        2.000        4.000       22.000
   980:       24.000       12.000       13.000        8.000        5.000
   985:       17.000       18.000       14.000       10.000       19.000
   990:       11.000        6.000        6.000        6.000        6.000
   995:        2.000        4.000       22.000       24.000       12.000
  1000:       13.000        8.000        5.000       17.000       18.000
  1005:       14.000       10.000       19.000       11.000        1.000
  1010:        1.000        1.000        6.000        6.000        1.000
  1015:        1.000        1.000        6.000        6.000        6.000
  1020:        6.000        2.000        4.000       22.000       24.000
  1025:       12.000       13.000        8.000        5.000       17.000
  1030:       18.000       14.000       10.000       19.000       11.000
  1035:        6.000        6.000        6.000        6.000        6.000
  1040:        1.000        6.000        6.000        6.000        6.000
  1045:        6.000        1.000        6.000        6.000        6.000
  1050:        6.000        6.000        6.000        6.000        2.000
  1055:        4.000       22.000       24.000       12.000       13.000
  1060:        8.000        5.000       17.000       18.000       14.000
  1065:       10.000       20.000       20.000       19.000       11.000
  1070:        6.000        6.000        6.000        6.000        6.000
  1075:      100.000
T:
     0:        0.000        0.000        0.000        0.000        8.390
     5:        8.390        8.390        8.400        8.400        8.400
    10:        8.400        8.400        8.400       10.210       10.210
    15:       12.400       13.400       13.400       18.390       18.400
    20:       27.810       30.110       36.290       60.620       62.730
    25:       66.940       66.940       66.940       66.950       66.950
    30:       66.950       66.950       66.950       66.950       70.950
    35:       71.950       71.950       74.810       76.940       76.950
    40:       97.660       97.660       97.660       97.670       97.670
    45:       97.670       97.670       97.670       97.670       98.750
    50:       98.750      101.670      102.670      102.670      107.660
    55:      107.670      167.870      170.750      171.390      196.330
    60:      196.910      196.970      197.500      197.790      197.830
    65:      197.900      209.670      209.870      212.170      239.040
    70:      239.040      239.040      239.050      239.050      239.050
    75:      239.050      239.050      239.050      243.050      244.050
    80:      244.050      249.040      249.050      318.290      318.290
    85:      318.290      318.300      318.300      318.300      318.300
    90:      318.300      318.300      322.300      323.300      323.300
    95:      328.290      328.300      369.180      369.430      375.760
   100:      380.940      381.790      383.280      525.010      525.010
   105:      525.010      525.020      525.020      525.020      525.020
   110:      525.020      525.020      529.020      530.020      530.020
   115:      535.010      535.020      576.390      660.750      663.310
   120:      663.680      663.960      666.320      668.030      668.730
   125:      673.340      680.510      681.830      744.170      744.170
   130:      744.170      744.180      744.180      744.180      744.180
   135:      744.180      744.180      748.180      749.180      749.180
   140:      754.170      754.180      769.940      779.250      780.940
   145:      783.280      783.330      855.460      875.840      875.880
   150:      876.260      878.470      879.540      880.800      880.960
   155:      881.000      881.050      882.840     1001.760     1001.760
   160:     1001.760     1001.770     1001.770     1001.770     1001.770
   165:     1001.770     1001.770     1005.770     1006.770     1006.770
   170:     1011.760     1011.770     1055.380     1057.830     1060.590
   175:     1071.060     1073.980     1194.810     1212.990     1215.790
   180:     1226.760     1229.560     1230.740     1278.610     1278.610
   185:     1278.610     1278.620     1278.620     1278.620     1278.620
   190:     1278.620     1278.620     1280.670     1280.670     1282.620
   195:     1283.620     1283.620     1288.610     1288.620     1320.980
   200:     1320.980     1320.980     1320.990     1320.990     1320.990
   205:     1320.990     1320.990     1320.990     1324.990     1325.990
   210:     1325.990     1330.980     1330.990     1334.890     1337.660
   215:     1338.980     1343.050     1345.130     1654.050     1763.800
   220:     1763.800     1763.800     1763.810     1763.810     1763.810
   225:     1763.810     1763.810     1763.810     1767.810     1768.810
   230:     1768.810     1773.800     1773.810     1799.340     1802.160
   235:     1803.360     1803.420     1803.630     1804.080     1808.050
   240:     1912.600     2162.970     2166.820     2188.570     2281.550
   245:     2281.550     2281.550     2281.560     2281.560     2281.560
   250:     2281.560     2281.560     2281.560     2285.560     2286.560
   255:     2286.560     2291.550     2291.560     2300.810     2303.720
   260:     2305.000     2305.900     2415.820     2443.690     2443.690
   265:     2443.690     2443.700     2443.700     2443.700     2443.700
   270:     2443.700     2443.700     2447.700     2448.630     2448.700
   275:     2448.700     2448.780     2453.690     2453.700     2456.720
   280:     2456.720     2456.720     2456.730     2456.730     2456.730
   285:     2456.730     2456.730     2456.730     2460.730     2461.730
   290:     2461.730     2464.300     2465.570     2466.720     2466.730
   295:     2620.720     2625.360     2667.240     2670.190     2673.130
   300:     2733.800     2733.800     2733.800     2733.810     2733.810
   305:     2733.810     2733.810     2733.810     2733.810     2737.810
   310:     2738.810     2738.810     2743.260     2743.800     2743.810
   315:     2753.580     2753.580     2753.580     2753.590     2753.590
   320:     2753.590     2753.590     2753.590     2753.590     2757.590
   325:     2758.590     2758.590     2763.580     2763.590     2767.060
   330:     2767.060     2767.060     2767.070     2767.070     2767.070
   335:     2767.070     2767.070     2767.070     2771.070     2772.070
   340:     2772.070     2777.060     2777.070     2876.560     2877.010
   345:     2880.290     2882.260     2894.420     2898.300     2902.850
   350:     2903.060     2904.160     2976.360     2977.790     2980.100
   355:     2981.270     2987.080     2990.270     2990.350     2990.680
   360:     2990.740     3006.820     3007.440     3007.640     3014.610
   365:     3015.330     3089.260     3102.440     3103.860     3185.720
   370:     3186.380     3186.430     3384.780     3668.560     3742.410
   375:     3809.630     3814.600     3857.970     3982.410     3982.410
   380:     3982.410     3982.420     3982.420     3982.420     3982.420
   385:     3982.420     3982.420     3986.420     3987.420     3987.420
   390:     3992.410     3992.420     4003.050     4003.050     4003.050
   395:     4003.060     4003.060     4003.060     4003.060     4003.060
   400:     4003.060     4007.060     4008.040     4008.040     4008.060
   405:     4008.060     4011.600     4013.050     4013.060     4121.470
   410:     4125.270     4141.840     4147.030     4160.300     4161.200
   415:     4162.100     4164.350     4197.410     4197.620     4204.100
   420:     4209.050     4213.140     4257.200     4257.240     4266.310
   425:     4271.820     4272.190     4278.860     4288.150     4288.150
   430:     4288.150     4288.160     4288.160     4288.160     4288.160
   435:     4288.160     4288.160     4292.160     4293.160     4293.160
   440:     4294.230     4298.150     4298.160     4301.120     4311.180
   445:     4348.130     4457.650     4486.930     4487.770     4506.580
   450:     4512.820     4513.100     4513.180     4513.440     4516.210
   455:     4518.280     4518.450     4522.940     4522.940     4522.940
   460:     4522.950     4522.950     4522.950     4522.950     4522.950
   465:     4522.950     4525.280     4526.950     4527.950     4527.950
   470:     4528.330     4532.940     4532.950     4575.180     4640.910
   475:     4644.450     4644.470     4645.170     4645.540     4645.840
   480:     4645.970     4647.750     4648.090     4650.800     4725.880
   485:     4725.880     4725.880     4725.890     4725.890     4725.890
   490:     4725.890     4725.890     4725.890     4729.890     4729.930
   495:     4730.890     4730.890     4735.880     4735.890     4738.320
   500:     4741.700     4744.430     4922.240     4963.100     4965.070
   505:     4970.190     5030.870     5030.870     5030.870     5030.880
   510:     5030.880     5030.880     5030.880     5030.880     5030.880
   515:     5034.880     5035.880     5035.880     5040.870     5040.880
   520:     5063.660     5085.590     5092.830     5094.710     5310.170
   525:     5310.170     5310.170     5310.180     5310.180     5310.180
   530:     5310.180     5310.180     5310.180     5314.180     5315.180
   535:     5315.180     5317.350     5319.470     5320.170     5320.180
   540:     5321.700     5322.510     5326.310     5327.760     5329.840
   545:     5330.060     5331.820     5338.070     5411.450     5413.150
   550:     5414.560     5418.240     5504.250     5511.830     5511.860
   555:     5512.570     5523.090     5523.090     5523.090     5523.100
   560:     5523.100     5523.100     5523.100     5523.100     5523.100
   565:     5523.830     5523.830     5524.070     5524.070     5525.260
   570:     5525.260     5527.100     5528.100     5528.100     5529.860
   575:     5529.860     5530.760     5530.760     5533.090     5533.100
   580:     5542.410     5542.440     5545.270     5547.460     5558.080
   585:     5558.340     5560.090     5563.730     5566.160     5567.420
   590:     5567.540     5578.700     5587.230     5587.350     5620.450
   595:     5624.370     5627.300     5628.670     5630.230     5637.520
   600:     5637.690     5644.640     5732.840     5735.860     5737.500
   605:     5835.190     5847.730     5853.620     5855.520     5856.410
   610:     5908.800     5911.730     5919.140     5920.510     5923.000
   615:     5926.160     5928.200     5930.320     5968.780     5975.250
   620:     5975.400     5977.470     6111.500     6112.170     6115.520
   625:     6122.110     6194.510     6194.510     6194.510     6194.520
   630:     6194.520     6194.520     6194.520     6194.520     6194.520
   635:     6196.560     6196.860     6198.520     6199.520     6199.520
   640:     6204.510     6204.520     6207.250     6211.510     6247.590
   645:     6268.190     6268.590     6271.170     6280.640     6304.920
   650:     6304.990     6305.100     6383.770     6440.890     6441.260
   655:     6442.310     6539.020     6669.520     6672.480     6698.960
   660:     6698.960     6698.960     6698.970     6698.970     6698.970
   665:     6698.970     6698.970     6698.970     6699.100     6699.100
   670:     6700.690     6700.980     6702.970     6703.970     6703.970
   675:     6708.960     6708.970     6717.920     6773.410     6773.410
   680:     6773.410     6773.420     6773.420     6773.420     6773.420
   685:     6773.420     6773.420     6777.420     6778.380     6778.420
   690:     6778.420     6780.500     6783.410     6783.420     6858.650
   695:     6889.170     6972.610     6972.680     6976.160     7002.910
   700:     7153.090     7192.280     7192.280     7192.280     7192.290
   705:     7192.290     7192.290     7192.290     7192.290     7192.290
   710:     7196.290     7197.290     7197.290     7202.280     7202.290
   715:     7353.870     7354.060     7372.470     7513.840     7569.090
   720:     7572.380     7672.050     7676.240     7684.920     7686.740
   725:     7687.060     7691.540     7695.790     7698.250     7698.360
   730:     7700.040     7700.160     7702.210     7704.410     7709.920
   735:     7714.660     7733.540     7735.810     7738.270     7751.150
   740:     7753.520     7758.190     7764.150     7764.150     7764.150
   745:     7764.160     7764.160     7764.160     7764.160     7764.160
   750:     7764.160     7765.510     7765.790     7766.990     7767.280
   755:     7768.160     7769.160     7769.160     7774.150     7774.160
   760:     7861.080     7863.370     7864.660     7865.560     7888.150
   765:     7888.420     7891.200     7892.320     7893.410     7905.890
   770:     7906.210     7909.780     7909.910     7909.940     7910.040
   775:     7921.120     7921.120     7921.120     7921.130     7921.130
   780:     7921.130     7921.130     7921.130     7921.130     7925.130
   785:     7925.370     7926.130     7926.130     7927.130     7928.890
   790:     7929.960     7930.040     7931.120     7931.130     7944.040
   795:     7945.390     7950.450     7952.600     7963.750     7964.190
   800:     8096.560     8138.800     8138.800     8138.800     8138.810
   805:     8138.810     8138.810     8138.810     8138.810     8138.810
   810:     8141.780     8142.810     8143.810     8143.810     8145.000
   815:     8148.800     8148.810     8153.620     8157.120     8159.360
   820:     8161.250     8162.170     8162.380     8228.180     8228.180
   825:     8228.180     8228.190     8228.190     8228.190     8228.190
   830:     8228.190     8228.190     8232.190     8232.710     8233.190
   835:     8233.190     8238.180     8238.190     8244.320     8244.630
   840:     8247.070     8248.740     8249.010     8249.120     8257.580
   845:     8265.880     8279.870     8283.510     8286.770     8287.490
   850:     8294.480     8337.610     8338.900     8502.810     8507.110
   855:     8507.910     8508.030     8511.310     8513.370     8513.370
   860:     8513.370     8513.380     8513.380     8513.380     8513.380
   865:     8513.380     8513.380     8517.380     8518.380     8518.380
   870:     8522.280     8523.370     8523.380     8529.950     8530.680
   875:     8533.490     8534.680     8537.410     8538.120     8541.480
   880:     8542.980     8632.350     8632.520     8635.160     8635.200
   885:     8635.220     8672.790     8675.690     8676.510     8701.990
   890:     8721.100     8721.100     8721.100     8721.110     8721.110
   895:     8721.110     8721.110     8721.110     8721.110     8725.110
   900:     8726.110     8726.110     8727.330     8727.330     8729.950
   905:     8731.100     8731.110     8731.870     8755.160     8755.310
   910:     8760.140     8769.020     8771.770     8793.360     8831.550
   915:     8833.330     8833.760     8833.960     8891.440     8891.560
   920:     8903.530     9068.550     9113.200     9119.070     9121.860
   925:     9124.510     9186.770     9276.430     9281.040     9284.840
   930:     9306.610     9403.550     9422.320     9422.690     9485.190
   935:     9485.190     9485.190     9485.200     9485.200     9485.200
   940:     9485.200     9485.200     9485.200     9489.200     9490.200
   945:     9490.200     9493.400     9495.190     9495.200     9561.340
   950:     9561.340     9561.340     9561.350     9561.350     9561.350
   955:     9561.350     9561.350     9561.350     9561.500     9561.500
   960:     9565.350     9566.350     9566.350     9569.130     9571.340
   965:     9571.340     9571.350     9573.870     9573.990     9576.070
   970:     9576.370     9577.440     9579.340     9579.690     9579.740
   975:     9641.980     9654.070     9690.730     9690.730     9690.730
   980:     9690.740     9690.740     9690.740     9690.740     9690.740
   985:     9690.740     9694.740     9695.740     9695.740     9700.730
   990:     9700.740     9705.080     9705.370     9708.430     9710.550
   995:     9756.580     9756.580     9756.580     9756.590     9756.590
  1000:     9756.590     9756.590     9756.590     9756.590     9760.590
  1005:     9761.590     9761.590     9766.580     9766.590     9797.910
  1010:     9859.920     9862.860    10050.790    10071.650    10094.730
  1015:    10094.820    10103.130    10178.850    10183.400    10183.840
  1020:    10184.980    10275.230    10275.230    10275.230    10275.240
  1025:    10275.240    10275.240    10275.240    10275.240    10275.240
  1030:    10279.240    10280.240    10280.240    10285.230    10285.240
  1035:    10351.190    10351.770    10353.190    10355.520    10435.930
  1040:    10477.230    10587.600    10587.770    10590.970    10591.070
  1045:    10594.830    10615.310    10628.850    10636.370    10657.390
  1050:    10657.580    10660.570    10661.690    10661.960    10672.300
  1055:    10672.300    10672.300    10672.310    10672.310    10672.310
  1060:    10672.310    10672.310    10672.310    10676.310    10677.310
  1065:    10677.310    10680.210    10680.940    10682.300    10682.310
  1070:    10718.950    10720.540    10763.750    10763.820    10765.590
  1075:    10800.000
