File: C:\MED-PC\Data\2024-11-04_08h57m_Subject 38.txt


Start Date: 11/04/24
End Date: 11/04/24
Subject: 38
Experiment: OralFentSA
Group: One
Box: 6
Start Time: 08:57:47
End Time: 11:58:40
MSN: 20241014_Golden_Liq_SelfAdmin
F:       0.000
G:     244.000
H:   10800.000
I:       0.000
J:       0.000
K:       0.000
L:       0.000
M:       0.000
N:       0.000
O:       0.000
P:       0.000
Q:       0.000
R:       0.000
S:       0.000
U:       0.000
V:       0.000
W:       0.000
X:       0.000
Y:       0.000
Z:       0.000
A:
     0:        0.000        0.000      180.000        4.000        0.000
     5:        5.000        0.000        5.000        0.000        0.000
    10:        1.000        0.000       10.000   100000.000       23.000
    15:       11.000      640.000        0.000        0.000        0.000
    20:        0.000
B:
     0:        0.000        0.000        0.000        0.000        0.000
     5:        0.000        0.000        0.000        0.000        0.000
    10:        0.000        0.000        0.000 10000000.000        0.000
    15:        0.000        0.000        0.000        0.000        0.000
    20:        0.000
C:
     0:        0.000        1.000       20.000        0.000      220.000
     5:        0.000        0.000        0.000        0.000        0.000
    10:        0.000       20.000        0.000        0.000        0.000
    15:        0.000        0.000        0.000        0.000        0.000
    20:        0.000
D:
E:
     0:       19.000       11.000       26.000       27.000        6.000
     5:        6.000        6.000        6.000        6.000        6.000
    10:        6.000        6.000        6.000        6.000        6.000
    15:        6.000        6.000        6.000        6.000        6.000
    20:        6.000        6.000        6.000        6.000        6.000
    25:        6.000        6.000        6.000        6.000        6.000
    30:        6.000        6.000        6.000        6.000        6.000
    35:        6.000        6.000        6.000        6.000        6.000
    40:        6.000        6.000        6.000        6.000        6.000
    45:        6.000        6.000        6.000        6.000        6.000
    50:        6.000        6.000        6.000        6.000        6.000
    55:        6.000        6.000        6.000        6.000        6.000
    60:        6.000        6.000        6.000        6.000        6.000
    65:        6.000        6.000        6.000        6.000        6.000
    70:        6.000        6.000        6.000        6.000        6.000
    75:        6.000        6.000        6.000        6.000        6.000
    80:        6.000        6.000        6.000        6.000        6.000
    85:        6.000        6.000        6.000        6.000        6.000
    90:        6.000        6.000        6.000        6.000        6.000
    95:        6.000        6.000        6.000        6.000        6.000
   100:        6.000        6.000        6.000        6.000        1.000
   105:        1.000        1.000        1.000        1.000        1.000
   110:        1.000        1.000        1.000        1.000        1.000
   115:        6.000        6.000        6.000        6.000        6.000
   120:        6.000        6.000        6.000        6.000        6.000
   125:        6.000        6.000        6.000        6.000        6.000
   130:        6.000        6.000        6.000        6.000        6.000
   135:        6.000        6.000        6.000        6.000        6.000
   140:        6.000        6.000        6.000        6.000        6.000
   145:        1.000        1.000        1.000        1.000        1.000
   150:        6.000        6.000        6.000        6.000        6.000
   155:        6.000        6.000        6.000        6.000        6.000
   160:        6.000        6.000        6.000        6.000        6.000
   165:        6.000        6.000        6.000        6.000        6.000
   170:        6.000        6.000        6.000        6.000        6.000
   175:        6.000        6.000        6.000        6.000        6.000
   180:        6.000        6.000        6.000        6.000        6.000
   185:        6.000        6.000        6.000        6.000        6.000
   190:        6.000        6.000        6.000        6.000        6.000
   195:        6.000        6.000        6.000        6.000        6.000
   200:        6.000        6.000        1.000        1.000        1.000
   205:        1.000        6.000        6.000        6.000        6.000
   210:        6.000        6.000        6.000        6.000        6.000
   215:        6.000        6.000        6.000        6.000        6.000
   220:        6.000        6.000        6.000        6.000        6.000
   225:        6.000        6.000        6.000        6.000        6.000
   230:        6.000        6.000        6.000        6.000        6.000
   235:        6.000        6.000        6.000        6.000        6.000
   240:        6.000        6.000        6.000        6.000      100.000
T:
     0:        0.000        0.000        0.000        0.000      111.810
     5:      143.980      144.020      250.820      329.310      720.080
    10:     1443.910     1514.730     1522.870     1545.030     1614.800
    15:     1957.030     1975.750     2020.270     2023.900     2028.490
    20:     2214.260     2236.740     2236.880     2238.540     2238.610
    25:     2318.310     2330.580     2330.680     2672.140     2688.920
    30:     2691.800     2691.870     2710.240     2737.640     2740.740
    35:     2743.610     2746.100     2746.320     2748.150     2764.880
    40:     2839.050     2942.180     3063.310     3063.410     3113.010
    45:     3113.120     3168.020     3168.240     3168.330     3526.250
    50:     3623.070     3719.480     3821.330     3821.410     3823.570
    55:     3824.850     3854.480     3855.350     3912.750     3912.900
    60:     3913.850     4038.930     4064.840     4064.970     4448.540
    65:     4449.390     4471.700     4471.860     4473.450     4537.670
    70:     4538.010     4538.200     4541.530     4541.630     4541.810
    75:     4544.590     4719.500     4720.120     4778.200     4778.370
    80:     4780.200     4858.420     4861.010     4883.300     4883.660
    85:     4950.690     4950.800     4950.840     4950.860     4951.330
    90:     4983.770     4983.820     5186.010     5186.930     5203.290
    95:     5212.620     5213.030     5213.940     5515.460     5566.240
   100:     5567.360     5567.560     5568.180     5573.500     5623.980
   105:     5641.390     5655.810     5662.790     5670.220     5674.320
   110:     5674.770     5680.400     5686.950     5706.340     5726.850
   115:     5764.140     5764.580     5782.860     5783.470     5785.680
   120:     5786.550     5815.660     6054.180     6054.490     6055.100
   125:     6058.060     6061.730     6063.530     6064.380     6069.140
   130:     6070.110     6087.270     6115.230     6133.220     6141.100
   135:     6142.170     6491.040     6491.540     6492.000     6865.720
   140:     6865.850     6886.640     6889.730     6890.170     7023.520
   145:     7135.960     7137.390     7167.120     7171.920     7186.680
   150:     7467.300     7472.260     7476.180     7477.520     7478.820
   155:     7568.030     7572.470     7587.720     7587.940     7590.320
   160:     7590.340     7590.400     7599.130     7621.930     7622.180
   165:     7766.620     7766.670     7772.900     7782.980     7789.830
   170:     7978.590     7978.800     8008.480     8049.840     8049.950
   175:     8095.500     8101.380     8101.630     8101.710     8108.740
   180:     8113.490     8113.600     8118.500     8118.590     8119.240
   185:     8119.940     8202.440     8227.760     8227.860     8227.950
   190:     8229.350     8402.380     8438.420     8489.600     8629.850
   195:     8638.680     8994.960     8995.180     8995.270     9000.320
   200:     9002.250     9005.400     9215.810     9229.680     9232.610
   205:     9244.700     9424.450     9425.860     9426.050     9433.640
   210:     9435.140     9449.040     9449.360     9449.560     9789.050
   215:     9789.440     9798.740    10226.060    10226.350    10287.590
   220:    10287.650    10287.930    10290.510    10291.960    10295.460
   225:    10297.570    10300.850    10305.560    10308.320    10316.170
   230:    10316.950    10322.400    10327.490    10365.210    10397.470
   235:    10418.060    10418.230    10421.530    10423.090    10773.770
   240:    10774.060    10778.970    10779.020    10780.870    10800.000
