File: C:\MED-PC\Data\2024-11-01_12h26m_Subject 46.txt


Start Date: 11/01/24
End Date: 11/01/24
Subject: 46
Experiment: OralFentSA
Group: One
Box: 2
Start Time: 12:26:38
End Time: 15:27:16
MSN: 20241014_Golden_Liq_SelfAdmin
F:       0.000
G:    1113.000
H:   10800.000
I:       0.000
J:       0.000
K:       0.000
L:       0.000
M:       0.000
N:       0.000
O:       0.000
P:       0.000
Q:       0.000
R:       0.000
S:       0.000
U:       0.000
V:       0.000
W:       0.000
X:       0.000
Y:       0.000
Z:       0.000
A:
     0:        0.000        0.000      180.000        4.000        0.000
     5:        5.000        0.000        5.000        0.000        0.000
    10:        1.000        0.000       10.000   100000.000       15.700
    15:       10.000      640.000        0.000        0.000        0.000
    20:        0.000
B:
     0:        0.000        0.000        0.000      400.000        0.000
     5:      500.000        0.000      500.000        0.000        0.000
    10:        0.000        0.000     1000.000 10000000.000        0.000
    15:        0.000        0.000        0.000        0.000        0.000
    20:        0.000
C:
     0:       25.000       26.000       87.000       57.000      608.000
     5:    10658.980        2.960       22.000       56.120        2.551
    10:       57.000       87.000        0.000        0.000        0.000
    15:        0.000        0.000        0.000        0.000        0.000
    20:        0.000
D:
     0:        3.720        3.390        2.070        1.660        2.710
     5:        8.000        2.960        5.240        3.380        2.660
    10:        1.440        1.300        1.580        0.760        1.690
    15:        1.010        1.950        1.340        2.570        1.370
    20:        2.360        2.960
E:
     0:       19.000       11.000       26.000       27.000        1.000
     5:        1.000        6.000        2.000        4.000       22.000
    10:       24.000       12.000       13.000        8.000        5.000
    15:       17.000       21.000       22.000        6.000       18.000
    20:       14.000       10.000        6.000        6.000        6.000
    25:       19.000       11.000        6.000        6.000        2.000
    30:        4.000       22.000       24.000       12.000       13.000
    35:        8.000        5.000       17.000       21.000       22.000
    40:        6.000       18.000       14.000       10.000       19.000
    45:       11.000        1.000        6.000        6.000        2.000
    50:        4.000       22.000       24.000       12.000       13.000
    55:        8.000        5.000       17.000        6.000        6.000
    60:       18.000        6.000        6.000       14.000       10.000
    65:        6.000       19.000       11.000        6.000        6.000
    70:        6.000        6.000        6.000        6.000        6.000
    75:        6.000        6.000        6.000        1.000        6.000
    80:        6.000        6.000        1.000        6.000        6.000
    85:        6.000        2.000        4.000       22.000       24.000
    90:       12.000       13.000        8.000        5.000       17.000
    95:       21.000       22.000        6.000        6.000       18.000
   100:       14.000       10.000       19.000       11.000        2.000
   105:        4.000       22.000       24.000       12.000       13.000
   110:        8.000        5.000       17.000       18.000       14.000
   115:       10.000       19.000       11.000        2.000        4.000
   120:       22.000       24.000       12.000       13.000        8.000
   125:        5.000       17.000        6.000       18.000       14.000
   130:       10.000       19.000       11.000        6.000        6.000
   135:        6.000        6.000        6.000        6.000        6.000
   140:        6.000        6.000        6.000        6.000        6.000
   145:        6.000        6.000        6.000        6.000        6.000
   150:        6.000        6.000        6.000        6.000        6.000
   155:        6.000        6.000        6.000        6.000        6.000
   160:        6.000        6.000        6.000        6.000        6.000
   165:        6.000        6.000        6.000        6.000        6.000
   170:        6.000        6.000        6.000        6.000        6.000
   175:        6.000        6.000        6.000        6.000        6.000
   180:        6.000        6.000        6.000        6.000        6.000
   185:        6.000        6.000        6.000        6.000        6.000
   190:        6.000        6.000        6.000        6.000        6.000
   195:        6.000        6.000        6.000        6.000        6.000
   200:        6.000        6.000        6.000        6.000        6.000
   205:        6.000        6.000        6.000        6.000        6.000
   210:        6.000        6.000        6.000        6.000        6.000
   215:        6.000        6.000        6.000        6.000        6.000
   220:        6.000        6.000        6.000        6.000        6.000
   225:        6.000        6.000        6.000        6.000        6.000
   230:        6.000        6.000        6.000        6.000        6.000
   235:        2.000        4.000       22.000       24.000       12.000
   240:       13.000        8.000        5.000       17.000       21.000
   245:       22.000       18.000       14.000       10.000        6.000
   250:       19.000       11.000        6.000        6.000        6.000
   255:        6.000        6.000        6.000        6.000        6.000
   260:        6.000        6.000        6.000        2.000        4.000
   265:       22.000       24.000       12.000       13.000        8.000
   270:        5.000       17.000        6.000       18.000       14.000
   275:       10.000       19.000       11.000        6.000        6.000
   280:        6.000        6.000        6.000        6.000        6.000
   285:        6.000        6.000        6.000        6.000        6.000
   290:        6.000        6.000        6.000        1.000        1.000
   295:        1.000        1.000        2.000        4.000       22.000
   300:       24.000       12.000       13.000        8.000        5.000
   305:       17.000       21.000       22.000       21.000       22.000
   310:       18.000       14.000       10.000        6.000        6.000
   315:       19.000       11.000        6.000        6.000        6.000
   320:        6.000        6.000        6.000        6.000        6.000
   325:        6.000        6.000        6.000        6.000        6.000
   330:        6.000        6.000        6.000        6.000        6.000
   335:        6.000        6.000        6.000        6.000        6.000
   340:        6.000        6.000        6.000        6.000        6.000
   345:        6.000        6.000        6.000        6.000        6.000
   350:        6.000        6.000        6.000        6.000        6.000
   355:        6.000        6.000        6.000        6.000        6.000
   360:        6.000        6.000        6.000        6.000        6.000
   365:        6.000        6.000        6.000        6.000        6.000
   370:        1.000        1.000        6.000        6.000        2.000
   375:        4.000       22.000       24.000       12.000       13.000
   380:        8.000        5.000       17.000       21.000       22.000
   385:        6.000       18.000       14.000       10.000       19.000
   390:       11.000        2.000        4.000       22.000       24.000
   395:       12.000       13.000        8.000        5.000       17.000
   400:        6.000       18.000        6.000        6.000        6.000
   405:       14.000       10.000       19.000       11.000        1.000
   410:        1.000        1.000        1.000        1.000        1.000
   415:        6.000        6.000        6.000        6.000        6.000
   420:        6.000        6.000        6.000        6.000        6.000
   425:        6.000        6.000        6.000        1.000        1.000
   430:        1.000        1.000        6.000        2.000        4.000
   435:       22.000       24.000       12.000       13.000        8.000
   440:        5.000       17.000        6.000       18.000       14.000
   445:       10.000       19.000       11.000        6.000        1.000
   450:        1.000        1.000        1.000        1.000        1.000
   455:        1.000        1.000        1.000        1.000        1.000
   460:        1.000        1.000        1.000        1.000        1.000
   465:        1.000        1.000        1.000        1.000        1.000
   470:        6.000        1.000        1.000        1.000        1.000
   475:        1.000        1.000        1.000        6.000        6.000
   480:        1.000        1.000        1.000        1.000        1.000
   485:        1.000        1.000        1.000        1.000        1.000
   490:        6.000        6.000        6.000        6.000        6.000
   495:        6.000        6.000        6.000        6.000        6.000
   500:        6.000        6.000        6.000        6.000        6.000
   505:        6.000        6.000        6.000        6.000        6.000
   510:        6.000        6.000        6.000        6.000        6.000
   515:        6.000        6.000        6.000        6.000        6.000
   520:        6.000        6.000        6.000        6.000        6.000
   525:        6.000        6.000        6.000        6.000        6.000
   530:        6.000        1.000        1.000        1.000        1.000
   535:        1.000        1.000        2.000        4.000       22.000
   540:       24.000       12.000       13.000        8.000        5.000
   545:       17.000       21.000       22.000       21.000       22.000
   550:       21.000       22.000       21.000       22.000       21.000
   555:       22.000       18.000       14.000       10.000       21.000
   560:       22.000       21.000       22.000       21.000       22.000
   565:       21.000       22.000       21.000       22.000       21.000
   570:       22.000       21.000       22.000       19.000       11.000
   575:        2.000        4.000       22.000       24.000       12.000
   580:       13.000        8.000        5.000       17.000        6.000
   585:       18.000       14.000       10.000       19.000       11.000
   590:        6.000        6.000        6.000        6.000        6.000
   595:        6.000        2.000        4.000       22.000       24.000
   600:       12.000       13.000        8.000        5.000       17.000
   605:        6.000       18.000       14.000       10.000       21.000
   610:       22.000       21.000       22.000       19.000       11.000
   615:        6.000        6.000        6.000        6.000        6.000
   620:        2.000        4.000       22.000       24.000       12.000
   625:       13.000        8.000        5.000       17.000        6.000
   630:        6.000        6.000       18.000       14.000       10.000
   635:       19.000       11.000        6.000        6.000        6.000
   640:        6.000        6.000        6.000        6.000        6.000
   645:        6.000        6.000        6.000        6.000        6.000
   650:        6.000        6.000        6.000        6.000        6.000
   655:        6.000        6.000        6.000        6.000        6.000
   660:        6.000        6.000        6.000        6.000        6.000
   665:        6.000        6.000        6.000        6.000        6.000
   670:        6.000        6.000        6.000        6.000        6.000
   675:        6.000        6.000        6.000        6.000        6.000
   680:        6.000        6.000        6.000        6.000        6.000
   685:        6.000        6.000        6.000        6.000        6.000
   690:        6.000        6.000        6.000        6.000        6.000
   695:        6.000        6.000        6.000        6.000        6.000
   700:        6.000        6.000        6.000        6.000        6.000
   705:        6.000        6.000        6.000        6.000        6.000
   710:        6.000        6.000        6.000        6.000        6.000
   715:        6.000        6.000        6.000        6.000        6.000
   720:        6.000        6.000        6.000        6.000        6.000
   725:        6.000        6.000        6.000        6.000        6.000
   730:        6.000        6.000        6.000        6.000        6.000
   735:        6.000        6.000        6.000        6.000        6.000
   740:        6.000        6.000        6.000        6.000        6.000
   745:        6.000        6.000        6.000        6.000        6.000
   750:        6.000        6.000        6.000        6.000        6.000
   755:        6.000        6.000        6.000        6.000        6.000
   760:        6.000        6.000        2.000        4.000       22.000
   765:       24.000       12.000       13.000        8.000        5.000
   770:       17.000        6.000        6.000        6.000       18.000
   775:       14.000       10.000        6.000       19.000       11.000
   780:        1.000        1.000        2.000        4.000       22.000
   785:       24.000       12.000       13.000        8.000        5.000
   790:       17.000        6.000       18.000       14.000       10.000
   795:        6.000       19.000       11.000        6.000        6.000
   800:        6.000        6.000        6.000        6.000        6.000
   805:        2.000        4.000       22.000       24.000       12.000
   810:       13.000        8.000        5.000       17.000       21.000
   815:       22.000       18.000       14.000       10.000       19.000
   820:       11.000        1.000        1.000        1.000        1.000
   825:        1.000        2.000        4.000       22.000       24.000
   830:       12.000       13.000        8.000        5.000       17.000
   835:       21.000       22.000        6.000       18.000       14.000
   840:       10.000        6.000       19.000       11.000        6.000
   845:        6.000        6.000        6.000        6.000        6.000
   850:        6.000        6.000        6.000        6.000        6.000
   855:        6.000        6.000        6.000        6.000        6.000
   860:        6.000        6.000        6.000        6.000        6.000
   865:        6.000        6.000        6.000        6.000        6.000
   870:        6.000        6.000        6.000        6.000        6.000
   875:        6.000        6.000        6.000        6.000        6.000
   880:        6.000        6.000        6.000        6.000        6.000
   885:        6.000        6.000        6.000        6.000        6.000
   890:        6.000        6.000        6.000        6.000        6.000
   895:        6.000        6.000        6.000        6.000        6.000
   900:        6.000        6.000        6.000        6.000        6.000
   905:        6.000        6.000        6.000        6.000        6.000
   910:        6.000        6.000        6.000        6.000        6.000
   915:        6.000        6.000        6.000        6.000        6.000
   920:        6.000        6.000        6.000        6.000        6.000
   925:        6.000        6.000        6.000        6.000        6.000
   930:        6.000        6.000        6.000        6.000        6.000
   935:        6.000        6.000        6.000        6.000        6.000
   940:        1.000        1.000        1.000        1.000        1.000
   945:        6.000        2.000        4.000       22.000       24.000
   950:       12.000       13.000        8.000        5.000       17.000
   955:        6.000       18.000       14.000       10.000       19.000
   960:       11.000        1.000        1.000        1.000        6.000
   965:        6.000        6.000        6.000        6.000        6.000
   970:        6.000        6.000        2.000        4.000       22.000
   975:       24.000       12.000       13.000        8.000        5.000
   980:       17.000       21.000       22.000       21.000       22.000
   985:        6.000       18.000       14.000       10.000        6.000
   990:       19.000       11.000        6.000        6.000        6.000
   995:        1.000        1.000        1.000        1.000        6.000
  1000:        6.000        6.000        6.000        6.000        6.000
  1005:        6.000        6.000        6.000        6.000        6.000
  1010:        6.000        6.000        6.000        6.000        6.000
  1015:        6.000        6.000        6.000        6.000        6.000
  1020:        6.000        6.000        6.000        6.000        6.000
  1025:        6.000        6.000        6.000        6.000        6.000
  1030:        6.000        6.000        6.000        6.000        1.000
  1035:        1.000        1.000        2.000        4.000       22.000
  1040:       24.000       12.000       13.000        8.000        5.000
  1045:       17.000       21.000       22.000       21.000       22.000
  1050:        6.000       18.000       14.000       10.000        6.000
  1055:       19.000       11.000        6.000        6.000        6.000
  1060:        2.000        4.000       22.000       24.000       12.000
  1065:       13.000        8.000        5.000       17.000       21.000
  1070:       22.000       21.000       22.000       21.000       22.000
  1075:        6.000       18.000        6.000       14.000       10.000
  1080:       19.000       11.000        6.000        6.000        6.000
  1085:        6.000        6.000        6.000        2.000        4.000
  1090:       22.000       24.000       12.000       13.000        8.000
  1095:        5.000       17.000       21.000       22.000       21.000
  1100:       22.000        6.000       18.000        6.000       14.000
  1105:       10.000       19.000       11.000        6.000        6.000
  1110:        6.000        6.000        6.000      100.000
T:
     0:        0.000        0.000        0.000        0.000       34.960
     5:       36.460       46.590       79.760       79.760       79.760
    10:       79.770       79.770       79.770       79.770       79.770
    15:       79.770       81.830       81.830       83.490       83.770
    20:       84.770       84.770       85.160       87.730       88.890
    25:       89.760       89.770       91.600       95.130       99.190
    30:       99.190       99.190       99.200       99.200       99.200
    35:       99.200       99.200       99.200      100.110      100.110
    40:      102.590      103.200      104.200      104.200      109.190
    45:      109.200      120.900      140.180      141.710      159.230
    50:      159.230      159.230      159.240      159.240      159.240
    55:      159.240      159.240      159.240      161.310      161.770
    60:      163.240      163.840      163.920      164.240      164.240
    65:      166.570      169.230      169.240      187.160      187.360
    70:      189.150      234.560      234.710      235.870      237.680
    75:      254.330      259.910      261.950      269.820      273.760
    80:      273.950      284.380      302.370      322.160      322.430
    85:      334.290      338.640      338.640      338.640      338.650
    90:      338.650      338.650      338.650      338.650      338.650
    95:      339.570      339.570      340.310      341.250      342.650
   100:      343.650      343.650      348.640      348.650      349.890
   105:      349.890      349.890      349.900      349.900      349.900
   110:      349.900      349.900      349.900      353.900      354.900
   115:      354.900      359.890      359.900      472.900      472.900
   120:      472.900      472.910      472.910      472.910      472.910
   125:      472.910      472.910      475.620      476.910      477.910
   130:      477.910      482.900      482.910      490.040      491.530
   135:      492.470      545.880      551.070      553.510      561.170
   140:      561.340      588.980      606.270      644.040      646.930
   145:      664.720      670.170      679.210      680.500      681.920
   150:      700.810      705.460      725.360      729.500      730.250
   155:      732.670      734.750      734.990      756.200      758.160
   160:      767.070      768.050      771.160      772.010      785.750
   165:      787.740      799.810      822.680      843.060      846.630
   170:      876.100      900.790      908.370      940.470      941.640
   175:      942.420      947.560      976.170      981.620     1068.450
   180:     1071.730     1077.440     1096.810     1132.910     1191.970
   185:     1280.020     1358.730     1368.690     1413.380     1530.940
   190:     1552.570     1579.440     1618.970     1624.050     1653.020
   195:     1653.180     1658.040     1669.680     1678.880     1680.430
   200:     1687.320     1705.460     1705.880     1706.880     1767.230
   205:     1775.730     1808.320     1868.280     1890.920     1893.220
   210:     1894.900     1895.910     1896.410     1897.860     1898.800
   215:     1959.830     1977.140     1983.630     1996.500     1996.900
   220:     2011.120     2014.630     2020.240     2026.290     2029.820
   225:     2033.590     2037.500     2037.550     2037.620     2041.710
   230:     2047.390     2049.650     2061.790     2084.130     2101.880
   235:     2123.160     2123.160     2123.160     2123.170     2123.170
   240:     2123.170     2123.170     2123.170     2123.170     2125.100
   245:     2125.100     2127.170     2128.170     2128.170     2131.170
   250:     2133.160     2133.170     2133.850     2136.270     2139.370
   255:     2139.660     2139.950     2145.930     2146.080     2150.760
   260:     2165.600     2166.560     2171.860     2231.400     2231.400
   265:     2231.400     2231.410     2231.410     2231.410     2231.410
   270:     2231.410     2231.410     2234.370     2235.410     2236.410
   275:     2236.410     2241.400     2241.410     2268.540     2268.620
   280:     2272.060     2274.740     2276.200     2276.500     2278.170
   285:     2285.420     2287.850     2289.940     2292.420     2294.750
   290:     2295.310     2304.470     2308.580     2323.840     2327.240
   295:     2327.890     2328.660     2336.950     2336.950     2336.950
   300:     2336.960     2336.960     2336.960     2336.960     2336.960
   305:     2336.960     2337.770     2337.770     2340.690     2340.690
   310:     2340.960     2341.960     2341.960     2342.200     2344.080
   315:     2346.950     2346.960     2650.820     2665.510     2671.430
   320:     2688.710     2706.340     2707.630     2710.720     2715.550
   325:     2736.800     2747.300     2752.310     2806.090     2811.730
   330:     2833.750     2842.360     2902.940     2907.350     2956.350
   335:     2993.250     3021.800     3050.140     3112.750     3169.930
   340:     3204.780     3215.760     3230.740     3252.090     3278.650
   345:     3317.580     3418.770     3433.890     3491.160     3500.810
   350:     3590.720     3622.630     3650.700     3650.940     3651.130
   355:     3651.170     3652.200     3688.050     3699.210     3700.250
   360:     3701.320     3708.710     3722.930     3724.060     3760.730
   365:     3884.580     3903.450     3906.510     3908.550     3913.090
   370:     3943.950     3944.950     3948.970     3951.300     3984.980
   375:     3984.980     3984.980     3984.990     3984.990     3984.990
   380:     3984.990     3984.990     3984.990     3987.780     3987.780
   385:     3988.370     3988.990     3989.990     3989.990     3994.980
   390:     3994.990     4006.420     4006.420     4006.420     4006.430
   395:     4006.430     4006.430     4006.430     4006.430     4006.430
   400:     4009.090     4010.430     4010.540     4011.100     4011.220
   405:     4011.430     4011.430     4016.420     4016.430     4025.730
   410:     4027.250     4027.910     4029.010     4029.580     4030.440
   415:     4032.660     4055.060     4055.520     4059.820     4061.620
   420:     4331.270     4336.530     4336.920     4361.860     4381.670
   425:     4430.190     4430.290     4443.210     4456.630     4458.050
   430:     4460.190     4463.500     4495.380     4496.800     4496.800
   435:     4496.800     4496.810     4496.810     4496.810     4496.810
   440:     4496.810     4496.810     4498.250     4500.810     4501.810
   445:     4501.810     4506.800     4506.810     4507.980     4525.360
   450:     4525.540     4543.950     4556.200     4557.270     4558.200
   455:     4562.930     4565.340     4571.350     4575.080     4575.670
   460:     4591.600     4592.520     4592.870     4593.100     4595.830
   465:     4596.040     4596.560     4598.190     4599.070     4599.540
   470:     4601.970     4609.710     4611.690     4612.750     4612.870
   475:     4615.080     4615.660     4616.230     4619.000     4636.740
   480:     4643.430     4646.220     4646.560     4647.750     4648.240
   485:     4648.560     4650.600     4651.720     4653.110     4654.460
   490:     4661.440     4720.380     4722.000     4722.560     4755.290
   495:     4875.180     4939.580     4967.250     4973.490     5020.560
   500:     5024.130     5052.450     5099.140     5099.600     5120.510
   505:     5124.710     5166.170     5169.840     5181.750     5206.550
   510:     5294.440     5314.000     5314.960     5359.330     5383.300
   515:     5415.600     5431.800     5446.050     5447.390     5477.700
   520:     5488.070     5506.530     5515.310     5534.280     5535.010
   525:     5535.330     5539.360     5718.360     5719.050     5742.210
   530:     5758.560     5771.280     5772.410     5774.090     5776.120
   535:     5776.630     5777.360     5780.570     5780.570     5780.570
   540:     5780.580     5780.580     5780.580     5780.580     5780.580
   545:     5780.580     5781.070     5781.070     5781.210     5781.210
   550:     5781.780     5781.780     5782.360     5782.360     5783.310
   555:     5783.310     5784.580     5785.580     5785.580     5785.840
   560:     5785.840     5786.070     5786.070     5786.770     5786.770
   565:     5787.530     5787.530     5789.110     5789.110     5790.020
   570:     5790.020     5790.200     5790.200     5790.570     5790.580
   575:     5790.860     5790.860     5790.860     5790.870     5790.870
   580:     5790.870     5790.870     5790.870     5790.870     5792.170
   585:     5794.870     5795.870     5795.870     5800.860     5800.870
   590:     5807.960     5853.070     5879.180     5881.280     5881.790
   595:     5882.920     5891.790     5891.790     5891.790     5891.800
   600:     5891.800     5891.800     5891.800     5891.800     5891.800
   605:     5893.380     5895.800     5896.800     5896.800     5900.960
   610:     5900.960     5901.340     5901.340     5901.790     5901.800
   615:     5903.120     5917.140     5917.170     5932.200     5952.690
   620:     5962.900     5962.900     5962.900     5962.910     5962.910
   625:     5962.910     5962.910     5962.910     5962.910     5963.670
   630:     5965.240     5965.370     5966.910     5967.910     5967.910
   635:     5972.900     5972.910     5973.510     5973.930     5975.040
   640:     5977.900     5978.050     5980.230     5982.020     5985.070
   645:     5988.970     6022.340     6032.420     6036.690     6071.910
   650:     6072.510     6072.780     6088.580     6089.570     6092.500
   655:     6094.790     6095.090     6095.240     6119.080     6142.350
   660:     6192.400     6208.620     6234.410     6237.560     6237.970
   665:     6245.790     6247.210     6258.810     6300.080     6307.920
   670:     6315.090     6315.890     6320.770     6325.170     6329.170
   675:     6382.290     6388.400     6392.240     6392.290     6407.840
   680:     6411.510     6414.820     6455.690     6462.720     6474.780
   685:     6478.230     6481.990     6513.470     6516.880     6532.590
   690:     6542.470     6542.770     6545.980     6561.820     6568.400
   695:     6580.190     6605.350     6608.810     6639.590     6642.330
   700:     6664.850     6668.270     6678.680     6681.220     6684.840
   705:     6688.270     6694.750     6698.040     6708.990     6718.930
   710:     6722.500     6727.880     6746.610     6749.830     6762.340
   715:     6765.350     6773.040     6773.740     6782.320     6795.910
   720:     6801.180     6805.070     6822.440     6829.420     6832.250
   725:     6836.040     6843.140     6847.840     6866.370     6873.440
   730:     6880.260     6909.610     6913.240     6913.330     6917.500
   735:     6943.460     6965.670     6969.500     6974.470     6991.420
   740:     6994.790     6995.020     7013.890     7026.520     7027.290
   745:     7030.500     7038.970     7057.890     7112.020     7122.620
   750:     7165.250     7203.320     7211.540     7232.450     7243.930
   755:     7248.540     7294.340     7470.380     7470.690     7494.880
   760:     7495.060     7498.270     7509.050     7509.050     7509.050
   765:     7509.060     7509.060     7509.060     7509.060     7509.060
   770:     7509.060     7510.750     7510.910     7511.340     7513.060
   775:     7514.060     7514.060     7516.150     7519.050     7519.060
   780:     7525.010     7526.810     7530.460     7530.460     7530.460
   785:     7530.470     7530.470     7530.470     7530.470     7530.470
   790:     7530.470     7531.480     7534.470     7535.470     7535.470
   795:     7537.110     7540.460     7540.470     7542.970     7545.610
   800:     7553.900     7554.960     7555.900     7584.870     7586.850
   805:     7595.270     7595.270     7595.270     7595.280     7595.280
   810:     7595.280     7595.280     7595.280     7595.280     7595.760
   815:     7595.760     7599.280     7600.280     7600.280     7605.270
   820:     7605.280     7609.780     7610.030     7610.460     7611.360
   825:     7611.840     7615.180     7615.180     7615.180     7615.190
   830:     7615.190     7615.190     7615.190     7615.190     7615.190
   835:     7616.270     7616.270     7617.140     7619.190     7620.190
   840:     7620.190     7625.100     7625.180     7625.190     7627.930
   845:     7631.420     7633.050     7734.740     7737.040     7779.820
   850:     7809.550     7810.550     7832.820     7837.610     7841.480
   855:     7849.680     7908.920     7912.940     7923.550     7940.270
   860:     7946.870     7978.240     7981.850     7985.490     8007.990
   865:     8008.280     8009.180     8017.560     8031.620     8041.280
   870:     8067.130     8096.170     8099.530     8110.490     8114.640
   875:     8119.200     8125.980     8133.180     8137.190     8165.060
   880:     8171.790     8174.910     8207.030     8217.670     8231.310
   885:     8234.380     8237.930     8238.450     8238.830     8246.550
   890:     8249.650     8265.660     8282.950     8291.570     8305.560
   895:     8323.560     8326.340     8329.710     8347.340     8350.550
   900:     8358.220     8373.310     8390.340     8396.480     8417.080
   905:     8424.920     8435.660     8440.710     8451.120     8454.440
   910:     8459.410     8464.020     8469.120     8505.870     8536.630
   915:     8540.340     8543.930     8546.660     8561.100     8578.170
   920:     8590.610     8604.330     8641.950     8645.120     8648.930
   925:     8686.250     8741.080     8749.200     8754.110     8771.710
   930:     8777.790     8831.890     8853.850     8882.170     9082.680
   935:     9085.040     9085.230     9095.860     9118.150     9137.220
   940:     9146.960     9147.300     9147.760     9147.930     9148.430
   945:     9150.490     9170.850     9170.850     9170.850     9170.860
   950:     9170.860     9170.860     9170.860     9170.860     9170.860
   955:     9172.200     9174.860     9175.860     9175.860     9180.850
   960:     9180.860     9186.850     9187.510     9187.710     9192.610
   965:     9193.640     9203.590     9237.990     9238.180     9244.720
   970:     9251.310     9260.950     9303.800     9303.800     9303.800
   975:     9303.810     9303.810     9303.810     9303.810     9303.810
   980:     9303.810     9305.030     9305.030     9305.400     9305.400
   985:     9306.380     9307.810     9308.810     9308.810     9312.230
   990:     9313.800     9313.810     9314.030     9314.110     9316.430
   995:     9339.500     9339.990     9340.190     9340.630     9363.400
  1000:     9364.310     9364.360     9364.450     9365.440     9407.880
  1005:     9408.110     9443.590     9622.690     9633.650     9649.240
  1010:     9692.500     9695.390     9725.120     9736.280     9738.840
  1015:     9740.130     9770.920     9783.410     9802.030     9823.000
  1020:     9826.860     9864.050     9868.680     9899.700     9904.970
  1025:    10102.160    10341.500    10368.520    10368.690    10411.910
  1030:    10412.130    10438.080    10439.710    10439.980    10465.930
  1035:    10466.690    10467.580    10499.610    10499.610    10499.610
  1040:    10499.620    10499.620    10499.620    10499.620    10499.620
  1045:    10499.620    10499.800    10499.800    10500.230    10500.230
  1050:    10500.990    10503.620    10504.620    10504.620    10507.260
  1055:    10509.610    10509.620    10509.710    10511.350    10559.450
  1060:    10590.710    10590.710    10590.710    10590.720    10590.720
  1065:    10590.720    10590.720    10590.720    10590.720    10591.250
  1070:    10591.250    10591.750    10591.750    10592.000    10592.000
  1075:    10593.080    10594.720    10595.500    10595.720    10595.720
  1080:    10600.710    10600.720    10616.500    10619.180    10644.600
  1085:    10644.690    10644.830    10650.040    10658.970    10658.970
  1090:    10658.970    10658.980    10658.980    10658.980    10658.980
  1095:    10658.980    10658.980    10660.170    10660.170    10660.240
  1100:    10660.240    10661.940    10662.980    10663.900    10663.980
  1105:    10663.980    10668.970    10668.980    10691.890    10722.840
  1110:    10725.050    10725.210    10735.290    10800.000
