File: C:\MED-PC\Data\2024-11-13_16h10m_Subject 50.txt


Start Date: 11/13/24
End Date: 11/13/24
Subject: 50
Experiment: OralFentSA
Group: One
Box: 6
Start Time: 16:10:53
End Time: 19:11:30
MSN: Golden_Liq_SelfAdmin_EXT
F:       0.000
G:    1014.000
H:   10800.000
I:       0.000
J:       0.000
K:       0.000
L:       0.000
M:       0.000
N:       0.000
O:       0.000
P:       0.000
Q:       0.000
R:       0.000
S:       0.000
U:       0.000
V:       0.000
W:       0.000
X:       0.000
Y:       0.000
Z:       0.000
A:
     0:        0.000        0.000      180.000        4.000        0.000
     5:        5.000        0.000        5.000        0.000        0.000
    10:        1.000        0.000       10.000   100000.000       26.000
    15:       18.000      600.000        0.000        0.000        0.000
    20:        0.000
B:
     0:        0.000        0.000        0.000        0.000        0.000
     5:        0.000        0.000        0.000        0.000        0.000
    10:        0.000        0.000     1000.000 10000000.000        0.000
    15:        0.000        0.000        0.000        0.000        0.000
    20:        0.000
C:
     0:        0.000       44.000       78.000       55.000      607.000
     5:    10564.160        9.790       34.000     1510.870       44.437
    10:       55.000       78.000        0.000        0.000        0.000
    15:        0.000        0.000        0.000        0.000        0.000
    20:        0.000
D:
     0:       12.710       33.850       42.570       11.160       40.170
     5:        4.000       10.770      111.930       49.790       13.840
    10:       84.430       67.620       40.930       45.150       56.280
    15:       16.820       20.860       33.250       13.140       22.670
    20:       14.250       48.560       16.930       75.910        6.020
    25:      223.480        9.650        8.210       36.750       84.710
    30:       73.860      124.460       46.350        9.790
E:
     0:       19.000       11.000       26.000       27.000        1.000
     5:        2.000        4.000       22.000       24.000       12.000
    10:       19.000       11.000        1.000        2.000        4.000
    15:       22.000       24.000       12.000       20.000       19.000
    20:       11.000        6.000        6.000        6.000        6.000
    25:        6.000        6.000        6.000        1.000        6.000
    30:        6.000        6.000        6.000        2.000        4.000
    35:       22.000       24.000       12.000       19.000       11.000
    40:        2.000        4.000       22.000       24.000       12.000
    45:       19.000       11.000        1.000        6.000        6.000
    50:        1.000        6.000        6.000        6.000        6.000
    55:        1.000        6.000        6.000        6.000        6.000
    60:        6.000        6.000        6.000        6.000        6.000
    65:        1.000        2.000        4.000       22.000       24.000
    70:       12.000       19.000       11.000        6.000        1.000
    75:        6.000        6.000        6.000        6.000        6.000
    80:        2.000        4.000       22.000       24.000       12.000
    85:       19.000       11.000        6.000        6.000        1.000
    90:        2.000        4.000       22.000       24.000       12.000
    95:       19.000       11.000        6.000        6.000        6.000
   100:        6.000        6.000        6.000        6.000        6.000
   105:        2.000        4.000       22.000       24.000       12.000
   110:        6.000        6.000       19.000       11.000        6.000
   115:        1.000        6.000        1.000        6.000        6.000
   120:        6.000        2.000        4.000       22.000       24.000
   125:       12.000       19.000       11.000        6.000        6.000
   130:        6.000        2.000        4.000       22.000       24.000
   135:       12.000       19.000       11.000        6.000        1.000
   140:        1.000        6.000        1.000        6.000        6.000
   145:        6.000        6.000        6.000        1.000        6.000
   150:        6.000        6.000        6.000        6.000        6.000
   155:        6.000        6.000        1.000        1.000        1.000
   160:        1.000        6.000        6.000        6.000        6.000
   165:        6.000        2.000        4.000       22.000       24.000
   170:       12.000       21.000       22.000       21.000       22.000
   175:       19.000       11.000        1.000        1.000        6.000
   180:        6.000        6.000        6.000        6.000        6.000
   185:        6.000        6.000        6.000        6.000        1.000
   190:        6.000        6.000        6.000        6.000        6.000
   195:        6.000        6.000        6.000        6.000        6.000
   200:        6.000        6.000        6.000        6.000        6.000
   205:        6.000        2.000        4.000       22.000       24.000
   210:       12.000       19.000       11.000        2.000        4.000
   215:       22.000       24.000       12.000       19.000       11.000
   220:        6.000        6.000        6.000        6.000        6.000
   225:        6.000        6.000        6.000        6.000        6.000
   230:        6.000        6.000        1.000        1.000        6.000
   235:        6.000        6.000        6.000        6.000        6.000
   240:        6.000        6.000        6.000        6.000        6.000
   245:        6.000        6.000        2.000        4.000       22.000
   250:       24.000       12.000       19.000       11.000        6.000
   255:        6.000        6.000        6.000        6.000        6.000
   260:        2.000        4.000       22.000       24.000       12.000
   265:       21.000       22.000       19.000       11.000        6.000
   270:        6.000        6.000        6.000        6.000        6.000
   275:        6.000        6.000        6.000        6.000        6.000
   280:        2.000        4.000       22.000       24.000       12.000
   285:       19.000       11.000        6.000        6.000        1.000
   290:        2.000        4.000       22.000       24.000       12.000
   295:       19.000       11.000        6.000        1.000        6.000
   300:        6.000        6.000        6.000        6.000        6.000
   305:        6.000        6.000        6.000        6.000        6.000
   310:        6.000        6.000        6.000        1.000        1.000
   315:        1.000        6.000        6.000        6.000        6.000
   320:        6.000        6.000        6.000        6.000        6.000
   325:        1.000        6.000        6.000        6.000        6.000
   330:        6.000        6.000        2.000        4.000       22.000
   335:       24.000       12.000       19.000       11.000        1.000
   340:        6.000        6.000        6.000        6.000        6.000
   345:        6.000        6.000        2.000        4.000       22.000
   350:       24.000       12.000       19.000       11.000        6.000
   355:        6.000        6.000        6.000        6.000        6.000
   360:        6.000        6.000        6.000        6.000        6.000
   365:        6.000        6.000        6.000        6.000        6.000
   370:        6.000        6.000        6.000        6.000        1.000
   375:        2.000        4.000       22.000       24.000       12.000
   380:       19.000       11.000        6.000        6.000        6.000
   385:        6.000        6.000        6.000        6.000        6.000
   390:        6.000        6.000        6.000        6.000        6.000
   395:        6.000        6.000        6.000        6.000        6.000
   400:        6.000        6.000        6.000        6.000        6.000
   405:        2.000        4.000       22.000       24.000       12.000
   410:       19.000       11.000        6.000        6.000        6.000
   415:        6.000        6.000        6.000        6.000        6.000
   420:        6.000        6.000        6.000        6.000        1.000
   425:        1.000        2.000        4.000       22.000       24.000
   430:       12.000       21.000       22.000       19.000       11.000
   435:        6.000        6.000        6.000        6.000        6.000
   440:        6.000        6.000        6.000        6.000        6.000
   445:        6.000        6.000        6.000        6.000        6.000
   450:        6.000        6.000        6.000        6.000        6.000
   455:        6.000        6.000        6.000        6.000        6.000
   460:        6.000        6.000        6.000        6.000        6.000
   465:        6.000        6.000        6.000        6.000        6.000
   470:        6.000        6.000        6.000        6.000        6.000
   475:        6.000        6.000        6.000        6.000        6.000
   480:        6.000        6.000        6.000        6.000        6.000
   485:        6.000        6.000        2.000        4.000       22.000
   490:       24.000       12.000       19.000       11.000        6.000
   495:        6.000        2.000        4.000       22.000       24.000
   500:       12.000       21.000       22.000       19.000       11.000
   505:        1.000        1.000        1.000        1.000        1.000
   510:        1.000        1.000        1.000        1.000        1.000
   515:        1.000        1.000        1.000        1.000        1.000
   520:        1.000        1.000        2.000        4.000       22.000
   525:       24.000       12.000       21.000       22.000       19.000
   530:       11.000        6.000        6.000        6.000        6.000
   535:        6.000        6.000        6.000        6.000        6.000
   540:        6.000        6.000        6.000        6.000        6.000
   545:        6.000        6.000        6.000        6.000        6.000
   550:        6.000        6.000        6.000        6.000        6.000
   555:        6.000        6.000        6.000        6.000        6.000
   560:        2.000        4.000       22.000       24.000       12.000
   565:       19.000       11.000        6.000        6.000        6.000
   570:        6.000        6.000        6.000        6.000        6.000
   575:        6.000        6.000        6.000        6.000        6.000
   580:        6.000        6.000        6.000        6.000        6.000
   585:        6.000        6.000        6.000        6.000        6.000
   590:        6.000        6.000        6.000        6.000        6.000
   595:        2.000        4.000       22.000       24.000       12.000
   600:       19.000       11.000        6.000        6.000        6.000
   605:        6.000        6.000        1.000        6.000        6.000
   610:        2.000        4.000       22.000       24.000       12.000
   615:       19.000       11.000        1.000        6.000        6.000
   620:        6.000        6.000        2.000        4.000       22.000
   625:       24.000       12.000        6.000        6.000        6.000
   630:       19.000       11.000        6.000        6.000        6.000
   635:        6.000        6.000        6.000        6.000        6.000
   640:        6.000        6.000        6.000        6.000        6.000
   645:        6.000        1.000        1.000        1.000        6.000
   650:        6.000        2.000        4.000       22.000       24.000
   655:       12.000       19.000       11.000        1.000        1.000
   660:        6.000        6.000        6.000        6.000        6.000
   665:        6.000        6.000        6.000        6.000        6.000
   670:        6.000        6.000        6.000        6.000        6.000
   675:        6.000        6.000        2.000        4.000       22.000
   680:       24.000       12.000       21.000       22.000       21.000
   685:       22.000       19.000       11.000        2.000        4.000
   690:       22.000       24.000       12.000        6.000        6.000
   695:       19.000       11.000        6.000        6.000        6.000
   700:        6.000        6.000        6.000        6.000        6.000
   705:        6.000        6.000        6.000        6.000        6.000
   710:        2.000        4.000       22.000       24.000       12.000
   715:       19.000       11.000        2.000        4.000       22.000
   720:       24.000       12.000        6.000        6.000        6.000
   725:        6.000       19.000       11.000        6.000        6.000
   730:        6.000        6.000        6.000        6.000        6.000
   735:        6.000        6.000        6.000        6.000        6.000
   740:        6.000        6.000        6.000        6.000        6.000
   745:        6.000        6.000        6.000        6.000        6.000
   750:        6.000        6.000        6.000        6.000        6.000
   755:        6.000        6.000        6.000        6.000        6.000
   760:        6.000        6.000        6.000        6.000        6.000
   765:        6.000        6.000        6.000        6.000        6.000
   770:        6.000        6.000        6.000        6.000        6.000
   775:        6.000        6.000        6.000        6.000        6.000
   780:        6.000        6.000        6.000        1.000        2.000
   785:        4.000       22.000       24.000       12.000       19.000
   790:       11.000        6.000        6.000        6.000        6.000
   795:        6.000        6.000        6.000        6.000        6.000
   800:        1.000        1.000        6.000        6.000        6.000
   805:        6.000        6.000        6.000        6.000        6.000
   810:        6.000        6.000        6.000        6.000        6.000
   815:        2.000        4.000       22.000       24.000       12.000
   820:       19.000       11.000        1.000        1.000        6.000
   825:        6.000        6.000        6.000        6.000        6.000
   830:        6.000        6.000        6.000        2.000        4.000
   835:       22.000       24.000       12.000       19.000       11.000
   840:        6.000        6.000        6.000        6.000        6.000
   845:        6.000        6.000        6.000        6.000        6.000
   850:        6.000        6.000        6.000        6.000        6.000
   855:        6.000        6.000        6.000        6.000        2.000
   860:        4.000       22.000       24.000       12.000       19.000
   865:       11.000        2.000        4.000       22.000       24.000
   870:       12.000       19.000       11.000        2.000        4.000
   875:       22.000       24.000       12.000       19.000       11.000
   880:        6.000        6.000        6.000        6.000        6.000
   885:        6.000        6.000        6.000        6.000        6.000
   890:        6.000        6.000        6.000        6.000        6.000
   895:        6.000        6.000        6.000        6.000        6.000
   900:        6.000        6.000        6.000        6.000        6.000
   905:        6.000        6.000        6.000        6.000        6.000
   910:        6.000        6.000        6.000        6.000        6.000
   915:        6.000        6.000        6.000        6.000        6.000
   920:        1.000        1.000        6.000        6.000        6.000
   925:        6.000        6.000        6.000        6.000        6.000
   930:        6.000        6.000        6.000        6.000        6.000
   935:        6.000        6.000        6.000        6.000        6.000
   940:        6.000        6.000        6.000        6.000        6.000
   945:        6.000        6.000        6.000        6.000        6.000
   950:        6.000        2.000        4.000       22.000       24.000
   955:       12.000       19.000       11.000        1.000        1.000
   960:        1.000        1.000        1.000        1.000        1.000
   965:        1.000        1.000        1.000        1.000        6.000
   970:        6.000        2.000        4.000       22.000       24.000
   975:       12.000       21.000       22.000       21.000       22.000
   980:       21.000       22.000       21.000       22.000       19.000
   985:       11.000        2.000        4.000       22.000       24.000
   990:       12.000        6.000       19.000       11.000        6.000
   995:        6.000        6.000        6.000        6.000        6.000
  1000:        6.000        6.000        6.000        6.000        6.000
  1005:        6.000        6.000        1.000        6.000        6.000
  1010:        6.000        6.000        6.000        6.000      100.000
T:
     0:        0.000        0.000        0.000        0.000       13.250
     5:       23.710       23.710       23.710       23.720       23.720
    10:       33.710       33.720       57.820       76.620       76.620
    15:       76.620       76.630       76.630       85.460       86.620
    20:       86.630       89.340       90.730       92.000       92.110
    25:       96.100       98.580       98.790      112.720      122.830
    30:      123.370      157.830      176.600      177.910      177.910
    35:      177.910      177.920      177.920      187.910      187.920
    40:      230.170      230.170      230.170      230.180      230.180
    45:      240.170      240.180      257.830      264.030      264.090
    50:      269.550      349.710      350.860      351.230      351.700
    55:      424.880      455.200      457.430      458.050      458.710
    60:      460.330      460.940      482.560      482.770      483.540
    65:      497.950      501.020      501.020      501.020      501.030
    70:      501.030      511.020      511.030      543.600      566.930
    75:      597.540      597.770      599.800      611.630      612.030
    80:      668.870      668.870      668.870      668.880      668.880
    85:      678.870      678.880      680.040      680.480      706.880
    90:      866.530      866.530      866.530      866.540      866.540
    95:      876.530      876.540      906.710      906.860      910.210
   100:      912.820      913.630      928.500      932.340      932.790
   105:      959.490      959.490      959.490      959.500      959.500
   110:      963.500      963.680      969.490      969.500     1003.110
   115:     1032.480     1057.360     1064.070     1104.000     1104.150
   120:     1106.000     1190.130     1190.130     1190.130     1190.140
   125:     1190.140     1200.130     1200.140     1200.910     1254.820
   130:     1255.250     1283.950     1283.950     1283.950     1283.960
   135:     1283.960     1293.950     1293.960     1395.890     1412.620
   140:     1416.480     1424.680     1475.780     1548.820     1549.210
   145:     1551.060     1551.100     1551.380     1567.940     1682.370
   150:     1682.890     1692.710     1729.390     1733.060     1737.510
   155:     1737.950     1806.670     1826.080     1830.800     1836.630
   160:     1837.390     1944.480     1944.960     1969.840     2069.160
   165:     2088.230     2140.820     2140.820     2140.820     2140.830
   170:     2140.830     2140.930     2140.930     2142.500     2142.500
   175:     2150.820     2150.830     2157.730     2161.720     2190.620
   180:     2191.380     2192.480     2194.050     2200.370     2202.180
   185:     2203.580     2209.330     2471.310     2544.660     2576.630
   190:     2644.180     2664.270     2735.250     2761.620     2767.540
   195:     2768.080     2769.290     2769.960     2770.840     2771.320
   200:     2782.590     2782.710     2788.320     2788.940     2954.410
   205:     2955.120     2985.720     2985.720     2985.720     2985.730
   210:     2985.730     2995.720     2995.730     3002.910     3002.910
   215:     3002.910     3002.920     3002.920     3012.910     3012.920
   220:     3016.760     3019.020     3057.370     3057.550     3057.630
   225:     3058.250     3058.430     3069.100     3069.540     3076.720
   230:     3078.360     3078.900     3094.420     3100.570     3123.500
   235:     3123.960     3124.640     3125.710     3135.740     3136.070
   240:     3152.610     3154.310     3295.620     3295.780     3341.970
   245:     3350.340     3350.870     3372.380     3372.380     3372.380
   250:     3372.390     3372.390     3382.380     3382.390     3456.820
   255:     3526.730     3530.950     3531.840     3534.140     3536.530
   260:     3644.790     3644.790     3644.790     3644.800     3644.800
   265:     3646.680     3646.680     3654.790     3654.800     3712.420
   270:     3728.980     3730.460     3731.450     3766.940     3789.980
   275:     3790.120     3853.970     3883.740     3884.410     3891.880
   280:     3897.230     3897.230     3897.230     3897.240     3897.240
   285:     3907.230     3907.240     3938.170     3940.250     3958.310
   290:     4008.740     4008.740     4008.740     4008.750     4008.750
   295:     4018.740     4018.750     4053.900     4075.190     4174.170
   300:     4175.880     4226.050     4263.280     4265.330     4282.640
   305:     4282.730     4283.320     4285.310     4351.260     4351.350
   310:     4351.750     4353.520     4353.760     4367.510     4370.770
   315:     4375.030     4408.990     4411.140     4411.280     4415.270
   320:     4415.630     4416.170     4440.010     4441.630     4565.830
   325:     4603.440     4618.420     4619.000     4623.250     4623.830
   330:     4626.230     4627.530     4640.790     4640.790     4640.790
   335:     4640.800     4640.800     4650.790     4650.800     4667.950
   340:     4697.080     4733.300     4733.730     4736.500     4741.300
   345:     4741.740     4783.080     4842.790     4842.790     4842.790
   350:     4842.800     4842.800     4852.790     4852.800     4859.620
   355:     4859.800     4864.450     4867.320     4867.810     4869.950
   360:     4870.880     4903.900     4910.380     4910.550     4910.990
   365:     4912.130     4913.050     4913.360     4914.980     4941.980
   370:     4942.530     4942.770     4946.760     4947.250     4954.020
   375:     5050.870     5050.870     5050.870     5050.880     5050.880
   380:     5060.870     5060.880     5071.740     5395.030     5395.130
   385:     5395.390     5395.580     5396.150     5401.530     5402.180
   390:     5404.080     5406.150     5406.470     5407.330     5407.750
   395:     5414.750     5415.650     5420.750     5420.900     5421.250
   400:     5460.010     5473.680     5474.060     5479.020     5479.800
   405:     5482.920     5482.920     5482.920     5482.930     5482.930
   410:     5492.920     5492.930     5516.180     5516.330     5518.610
   415:     5518.710     5518.960     5519.040     5519.080     5519.320
   420:     5578.980     5603.190     5604.880     5605.740     5657.730
   425:     5662.240     5677.030     5677.030     5677.030     5677.040
   430:     5677.040     5682.960     5682.960     5687.030     5687.040
   435:     5690.180     5691.040     5709.190     5726.050     5726.920
   440:     5730.580     5733.940     5735.270     5735.530     5759.590
   445:     5759.820     5760.500     5761.190     5761.790     5796.180
   450:     5796.360     5913.660     5961.630     5963.820     5964.270
   455:     5966.960     5968.170     5969.760     5971.020     5976.690
   460:     5977.030     5977.530     5978.270     5979.730     6002.620
   465:     6004.150     6005.490     6005.880     6007.060     6019.910
   470:     6023.540     6024.150     6024.280     6025.930     6026.230
   475:     6026.360     6027.110     6027.270     6027.920     6029.770
   480:     6054.180     6054.910     6064.650     6065.590     6096.470
   485:     6097.120     6098.620     6213.380     6213.380     6213.380
   490:     6213.390     6213.390     6223.380     6223.390     6236.060
   495:     6237.280     6285.540     6285.540     6285.540     6285.550
   500:     6285.550     6291.670     6291.670     6295.540     6295.550
   505:     6304.040     6304.590     6306.960     6307.420     6308.720
   510:     6313.260     6314.140     6314.910     6315.070     6316.140
   515:     6318.730     6321.470     6323.390     6330.430     6330.770
   520:     6331.110     6331.820     6367.130     6367.130     6367.130
   525:     6367.140     6367.140     6370.120     6370.120     6377.130
   530:     6377.140     6381.390     6381.760     6382.510     6382.670
   535:     6382.870     6383.520     6384.560     6384.780     6385.090
   540:     6385.510     6386.300     6388.200     6439.990     6440.410
   545:     6441.000     6441.080     6441.830     6442.580     6446.890
   550:     6447.530     6448.700     6451.820     6452.740     6454.450
   555:     6482.640     6523.340     6523.650     6524.360     6524.480
   560:     6529.770     6529.770     6529.770     6529.780     6529.780
   565:     6539.770     6539.780     6578.340     6578.850     6579.250
   570:     6583.990     6584.650     6586.990     6592.000     6592.370
   575:     6592.930     6691.220     6691.320     6695.410     6695.950
   580:     6696.740     6698.240     6698.340     6699.850     6704.120
   585:     6705.390     6705.490     6706.790     6723.760     6724.100
   590:     6883.270     6883.880     6886.560     6887.340     6894.840
   595:     6918.580     6918.580     6918.580     6918.590     6918.590
   600:     6928.580     6928.590     6935.520     6935.990     6942.950
   605:     6943.510     6950.830     7150.400     7164.760     7165.110
   610:     7270.370     7270.370     7270.370     7270.380     7270.380
   615:     7280.370     7280.380     7315.710     7346.290     7346.830
   620:     7349.970     7351.710     7496.060     7496.060     7496.060
   625:     7496.070     7496.070     7502.090     7505.250     7505.280
   630:     7506.060     7506.070     7506.770     7508.180     7511.260
   635:     7513.710     7513.780     7579.350     7579.580     7583.190
   640:     7817.700     7823.110     7823.420     7823.950     7892.870
   645:     7894.360     7909.950     7913.520     7917.320     7924.200
   650:     7959.200     7987.680     7987.680     7987.680     7987.690
   655:     7987.690     7997.680     7997.690     8006.520     8010.170
   660:     8211.170     8211.410     8211.680     8218.000     8220.570
   665:     8224.980     8225.890     8226.640     8230.710     8231.050
   670:     8231.990     8233.080     8234.410     8236.890     8237.050
   675:     8237.130     8237.170     8378.330     8378.330     8378.330
   680:     8378.340     8378.340     8381.790     8381.790     8387.810
   685:     8387.810     8388.330     8388.340     8392.690     8392.690
   690:     8392.690     8392.700     8392.700     8402.350     8402.390
   695:     8402.690     8402.700     8402.970     8411.700     8413.300
   700:     8413.660     8414.020     8414.880     8417.130     8417.330
   705:     8421.140     8421.380     8428.350     8429.630     8432.710
   710:     8476.840     8476.840     8476.840     8476.850     8476.850
   715:     8486.840     8486.850     8491.280     8491.280     8491.280
   720:     8491.290     8491.290     8499.500     8499.910     8500.320
   725:     8500.710     8501.280     8501.290     8501.990     8502.130
   730:     8502.660     8502.910     8503.140     8503.420     8503.980
   735:     8504.340     8507.580     8507.650     8507.680     8507.830
   740:     8508.280     8508.720     8510.130     8520.900     8520.940
   745:     8521.140     8521.720     8522.630     8523.280     8526.910
   750:     8527.590     8527.810     8530.730     8531.130     8534.420
   755:     8535.300     8535.690     8565.070     8601.990     8602.170
   760:     8602.870     8607.390     8607.570     8647.300     8647.710
   765:     8648.680     8687.970     8688.240     8688.710     8688.880
   770:     8689.240     8689.960     8690.190     8690.560     8691.130
   775:     8691.310     8691.420     8696.780     8697.030     8702.120
   780:     8702.900     8703.780     8705.080     8729.570     8787.880
   785:     8787.880     8787.880     8787.890     8787.890     8797.880
   790:     8797.890     8824.640     8825.010     8827.090     8831.720
   795:     8832.220     8832.520     8833.660     8836.580     8836.810
   800:     8845.670     8846.580     8981.040     8983.160     8985.070
   805:     8985.250     8985.870     8989.810     8990.310     8990.770
   810:     8991.130     8992.070     8993.640     9069.460     9070.340
   815:     9114.720     9114.720     9114.720     9114.730     9114.730
   820:     9124.720     9124.730     9137.770     9139.940     9199.440
   825:     9201.650     9202.790     9237.330     9237.490     9238.010
   830:     9239.550     9240.310     9240.720     9248.160     9248.160
   835:     9248.160     9248.170     9248.170     9258.160     9258.170
   840:     9322.030     9344.370     9433.100     9436.830     9439.370
   845:     9440.240     9440.360     9441.070     9460.250     9467.280
   850:     9473.180     9491.150     9491.640     9494.860     9515.450
   855:     9515.600     9518.970     9519.640     9529.340     9617.410
   860:     9617.410     9617.410     9617.420     9617.420     9627.410
   865:     9627.420     9634.730     9634.730     9634.730     9634.740
   870:     9634.740     9644.730     9644.740     9669.860     9669.860
   875:     9669.860     9669.870     9669.870     9679.860     9679.870
   880:     9794.330     9794.350     9795.630     9795.880     9800.170
   885:     9801.850     9807.090     9807.630     9808.450     9809.710
   890:     9813.000     9817.120     9817.540     9817.970     9819.260
   895:     9820.960     9826.020     9827.400     9831.930     9832.590
   900:     9832.620     9833.480     9837.040     9838.260     9896.940
   905:     9897.340     9900.770     9900.950     9907.010     9908.020
   910:     9912.700     9933.920     9934.110     9942.730     9943.300
   915:     9946.430     9949.010     9951.730     9970.260     9973.210
   920:    10085.850    10090.050    10129.340    10129.380    10129.680
   925:    10131.030    10132.590    10137.070    10138.400    10145.990
   930:    10147.060    10147.560    10148.720    10149.340    10149.660
   935:    10150.950    10158.610    10191.880    10193.880    10196.640
   940:    10198.200    10201.470    10203.070    10204.280    10208.450
   945:    10208.860    10210.190    10262.230    10301.590    10423.080
   950:    10427.590    10447.930    10447.930    10447.930    10447.940
   955:    10447.940    10457.930    10457.940    10459.350    10459.970
   960:    10463.000    10464.570    10468.290    10469.130    10470.680
   965:    10471.380    10472.890    10474.860    10477.060    10494.290
   970:    10496.160    10530.290    10530.290    10530.290    10530.300
   975:    10530.300    10534.140    10534.140    10534.700    10534.700
   980:    10536.440    10536.440    10537.170    10537.170    10540.290
   985:    10540.300    10564.150    10564.150    10564.150    10564.160
   990:    10564.160    10573.950    10574.150    10574.160    10653.780
   995:    10654.120    10656.820    10657.230    10657.550    10657.610
  1000:    10658.250    10658.760    10659.630    10660.610    10665.760
  1005:    10666.380    10667.050    10679.640    10727.520    10728.050
  1010:    10732.380    10733.090    10766.050    10782.380    10800.000
