File: C:\MED-PC\Data\2024-11-07_08h55m_Subject 42.txt


Start Date: 11/07/24
End Date: 11/07/24
Subject: 42
Experiment: OralFentSA
Group: One
Box: 10
Start Time: 08:55:40
End Time: 11:56:10
MSN: 20241014_Golden_Liq_SelfAdmin
F:       0.000
G:     138.000
H:   10800.000
I:       0.000
J:       0.000
K:       0.000
L:       0.000
M:       0.000
N:       0.000
O:       0.000
P:       0.000
Q:       0.000
R:       0.000
S:       0.000
U:       0.000
V:       0.000
W:       0.000
X:       0.000
Y:       0.000
Z:       0.000
A:
     0:        0.000        0.000      180.000        4.000        0.000
     5:        5.000        0.000        5.000        0.000        0.000
    10:        1.000        0.000       10.000   100000.000       21.000
    15:       14.000      640.000        0.000        0.000        0.000
    20:        0.000
B:
     0:        0.000        0.000        0.000      400.000        0.000
     5:      500.000        0.000      500.000        0.000        0.000
    10:        0.000        0.000     1000.000 10000000.000        0.000
    15:        0.000        0.000        0.000        0.000        0.000
    20:        0.000
C:
     0:        5.000        6.000        1.000        7.000       59.000
     5:    10702.400       28.120        5.000      207.570       41.514
    10:        7.000        1.000        0.000        0.000        0.000
    15:        0.000        0.000        0.000        0.000        0.000
    20:        0.000
D:
     0:       79.400        6.540       39.660       53.850       28.120
E:
     0:       19.000       11.000       26.000       27.000        6.000
     5:        6.000        6.000        6.000        6.000        6.000
    10:        6.000        6.000        6.000        6.000        6.000
    15:        6.000        6.000        6.000        6.000        6.000
    20:        6.000        6.000        6.000        6.000        6.000
    25:        6.000        6.000        6.000        2.000        4.000
    30:       22.000       24.000       12.000       13.000        8.000
    35:        5.000       17.000       21.000       22.000       18.000
    40:       14.000       10.000       19.000       11.000        6.000
    45:        2.000        4.000       22.000       24.000       12.000
    50:       13.000        8.000        5.000       17.000       18.000
    55:       14.000       10.000        6.000        6.000       19.000
    60:       11.000        6.000        6.000        2.000        4.000
    65:       22.000       24.000       12.000       13.000        8.000
    70:        5.000       17.000       18.000       14.000       10.000
    75:       19.000       11.000        6.000        6.000        6.000
    80:        6.000        6.000        6.000        6.000        6.000
    85:        2.000        4.000       22.000       24.000       12.000
    90:       13.000        8.000        5.000       17.000       18.000
    95:       14.000       10.000       19.000       11.000        1.000
   100:        6.000        6.000        6.000        6.000        6.000
   105:        6.000        6.000        6.000        6.000        6.000
   110:        6.000        6.000        6.000        6.000        6.000
   115:        6.000        6.000        6.000        6.000        6.000
   120:        6.000        2.000        4.000       22.000       24.000
   125:       12.000       13.000        8.000        5.000       17.000
   130:       18.000       14.000       10.000       21.000       22.000
   135:       19.000       11.000        6.000      100.000
T:
     0:        0.000        0.000        0.000        0.000      337.270
     5:      717.150     1042.570     1957.880     2021.450     2023.560
    10:     2025.570     2145.620     2146.810     2179.320     2282.990
    15:     2815.420     2987.020     4412.880     5168.680     5220.500
    20:     5307.620     5355.000     5355.040     5493.600     6602.910
    25:     6603.920     6607.090     6912.990     6919.580     6919.580
    30:     6919.580     6919.590     6919.590     6919.590     6919.590
    35:     6919.590     6919.590     6921.980     6921.980     6923.590
    40:     6924.590     6924.590     6929.580     6929.590     6998.990
    45:     7001.970     7001.970     7001.970     7001.980     7001.980
    50:     7001.980     7001.980     7001.980     7001.980     7005.980
    55:     7006.980     7006.980     7008.520     7008.640     7011.970
    60:     7011.980     7013.930     7015.160     7018.080     7018.080
    65:     7018.080     7018.090     7018.090     7018.090     7018.090
    70:     7018.090     7018.090     7022.090     7023.090     7023.090
    75:     7028.080     7028.090     7057.750     7058.160     7065.460
    80:     7065.590     7091.220     7091.430     7092.000     7092.050
    85:     7094.860     7094.860     7094.860     7094.870     7094.870
    90:     7094.870     7094.870     7094.870     7094.870     7098.870
    95:     7099.870     7099.870     7104.860     7104.870     7120.480
   100:     7148.720     7150.300     7151.130     7151.400     7151.570
   105:     7154.600     8051.630     8051.940     8052.280     8066.640
   110:     8090.730     8092.090     8096.670     8795.960     8796.140
   115:     8797.560     8816.350     9622.360    10597.950    10679.730
   120:    10680.640    10702.390    10702.390    10702.390    10702.400
   125:    10702.400    10702.400    10702.400    10702.400    10702.400
   130:    10706.400    10707.400    10707.400    10711.000    10711.000
   135:    10712.390    10712.400    10730.520    10800.000
