File: C:\MED-PC\Data\2024-10-25_12h39m_Subject 52.txt


Start Date: 10/25/24
End Date: 10/25/24
Subject: 52
Experiment: OralFentSA
Group: One
Box: 8
Start Time: 12:39:06
End Time: 15:39:46
MSN: 20241014_Golden_Liq_SelfAdmin
F:       0.000
G:     287.000
H:   10800.000
I:       0.000
J:       0.000
K:       0.000
L:       0.000
M:       0.000
N:       0.000
O:       0.000
P:       0.000
Q:       0.000
R:       0.000
S:       0.000
U:       0.000
V:       0.000
W:       0.000
X:       0.000
Y:       0.000
Z:       0.000
A:
     0:        0.000        0.000      180.000        4.000        0.000
     5:        5.000        0.000        5.000        0.000        0.000
    10:        1.000        0.000       10.000     3000.000       22.400
    15:        5.000      640.000        0.000        0.000        0.000
    20:        0.000
B:
     0:        0.000        0.000        0.000      400.000        0.000
     5:      500.000        0.000      500.000        0.000        0.000
    10:        0.000        0.000     1000.000   300000.000        0.000
    15:        0.000        0.000        0.000        0.000        0.000
    20:        0.000
C:
     0:       15.000       16.000       16.000       20.000       47.000
     5:     9533.620        8.380        9.000     4364.150      484.906
    10:       20.000       16.000        1.000        0.000        0.000
    15:        0.000        0.000        0.000        0.000        0.000
    20:        0.000
D:
     0:       28.490       16.770      956.150       62.470       29.940
     5:      413.230     2834.640       14.080        8.380
E:
     0:       19.000       11.000       26.000       27.000        6.000
     5:        6.000        1.000        6.000        2.000        4.000
    10:       22.000       24.000       12.000       13.000        8.000
    15:        5.000       17.000       18.000       14.000       10.000
    20:       19.000       11.000        6.000        6.000        1.000
    25:        1.000        6.000        6.000        6.000        6.000
    30:        1.000        6.000        6.000        6.000        6.000
    35:        6.000        1.000        6.000        6.000        6.000
    40:        6.000        6.000        6.000        1.000        2.000
    45:        4.000       22.000       24.000       12.000       13.000
    50:        8.000        5.000       17.000       18.000       14.000
    55:       10.000       21.000       22.000       19.000       11.000
    60:        6.000        2.000        4.000       22.000       24.000
    65:       12.000       13.000        8.000        5.000       17.000
    70:       20.000       18.000       14.000       10.000       19.000
    75:       11.000        1.000        1.000        1.000        6.000
    80:        6.000        6.000        6.000        6.000        6.000
    85:        2.000        4.000       22.000       24.000       12.000
    90:       13.000        8.000        5.000       17.000       18.000
    95:       14.000       10.000       19.000       11.000        2.000
   100:        4.000       22.000       24.000       12.000       13.000
   105:        8.000        5.000       17.000       18.000       14.000
   110:       10.000       19.000       11.000        6.000        6.000
   115:        1.000        2.000        4.000       22.000       24.000
   120:       12.000       13.000        8.000        5.000       17.000
   125:       18.000       14.000       10.000       19.000       11.000
   130:        6.000        2.000        4.000       22.000       24.000
   135:       12.000       13.000        8.000        5.000       17.000
   140:       18.000       14.000       10.000       21.000       22.000
   145:       19.000       11.000        2.000        4.000       22.000
   150:       24.000       12.000       13.000        8.000        5.000
   155:       17.000       18.000       14.000       10.000       19.000
   160:       11.000        6.000        1.000        1.000        2.000
   165:        4.000       22.000       24.000       12.000       13.000
   170:        8.000        5.000       17.000       18.000       14.000
   175:       10.000       20.000       19.000       11.000        6.000
   180:        6.000        6.000        6.000       25.000       24.000
   185:       12.000       13.000        8.000        5.000       17.000
   190:       18.000       14.000       10.000       19.000       11.000
   195:        2.000        4.000       22.000       24.000       12.000
   200:       13.000        8.000        5.000       17.000       18.000
   205:       14.000       10.000       19.000       11.000        2.000
   210:        4.000       22.000       24.000       12.000       13.000
   215:        8.000        5.000       17.000       18.000       14.000
   220:       10.000       19.000       11.000        6.000        2.000
   225:        4.000       22.000       24.000       12.000       13.000
   230:        8.000        5.000       17.000       18.000       14.000
   235:       10.000       19.000       11.000        1.000        1.000
   240:        2.000        4.000       22.000       24.000       12.000
   245:       13.000        8.000        5.000       17.000       21.000
   250:       22.000       21.000       22.000       21.000       22.000
   255:       18.000       14.000       10.000       21.000       22.000
   260:       19.000       11.000        2.000        4.000       22.000
   265:       24.000       12.000       13.000        8.000        5.000
   270:       17.000       18.000       14.000       10.000        6.000
   275:        6.000        6.000       19.000       11.000        6.000
   280:        6.000        6.000        6.000        6.000        6.000
   285:        6.000        6.000      100.000
T:
     0:        0.000        0.000        0.000        0.000        6.190
     5:       11.100       16.290       85.480      138.020      138.020
    10:      138.020      138.030      138.030      138.030      138.030
    15:      138.030      138.030      142.030      143.030      143.030
    20:      148.020      148.030      166.520      173.100      196.910
    25:      200.750      239.510      239.970      241.840      253.690
    30:      328.220      439.570      492.090      492.860      494.720
    35:      495.900      568.670      926.110      932.480      952.040
    40:      954.630     1018.290     1042.090     1050.190     1115.310
    45:     1115.310     1115.310     1115.320     1115.320     1115.320
    50:     1115.320     1115.320     1115.320     1119.320     1120.320
    55:     1120.320     1123.980     1123.980     1125.310     1125.320
    60:     1132.090     1159.740     1159.740     1159.740     1159.750
    65:     1159.750     1159.750     1159.750     1159.750     1159.750
    70:     1163.220     1163.750     1164.750     1164.750     1169.740
    75:     1169.750     1716.070     1994.440     2007.870     2115.900
    80:     2225.680     2231.380     2235.610     2251.660     3593.080
    85:     4096.770     4096.770     4096.770     4096.780     4096.780
    90:     4096.780     4096.780     4096.780     4096.780     4100.780
    95:     4101.780     4101.780     4106.770     4106.780     4474.700
   100:     4474.700     4474.700     4474.710     4474.710     4474.710
   105:     4474.710     4474.710     4474.710     4478.710     4479.710
   110:     4479.710     4484.700     4484.710     4537.180     4546.690
   115:     4560.260     4654.200     4654.200     4654.200     4654.210
   120:     4654.210     4654.210     4654.210     4654.210     4654.210
   125:     4658.210     4659.210     4659.210     4664.200     4664.210
   130:     4684.150     4709.230     4709.230     4709.230     4709.240
   135:     4709.240     4709.240     4709.240     4709.240     4709.240
   140:     4713.240     4714.240     4714.240     4716.450     4716.450
   145:     4719.230     4719.240     4734.140     4734.140     4734.140
   150:     4734.150     4734.150     4734.150     4734.150     4734.150
   155:     4734.150     4738.150     4739.150     4739.150     4744.140
   160:     4744.150     5147.380     5168.000     5169.330     5179.390
   165:     5179.390     5179.390     5179.400     5179.400     5179.400
   170:     5179.400     5179.400     5179.400     5183.400     5184.400
   175:     5184.400     5185.680     5189.390     5189.400     8014.040
   180:     8022.240     8028.440     8029.960     8189.390     8189.400
   185:     8189.400     8189.400     8189.400     8189.400     8189.400
   190:     8193.400     8194.400     8194.400     8199.390     8199.400
   195:     8225.460     8225.460     8225.460     8225.470     8225.470
   200:     8225.470     8225.470     8225.470     8225.470     8229.470
   205:     8230.470     8230.470     8235.460     8235.470     8241.540
   210:     8241.540     8241.540     8241.550     8241.550     8241.550
   215:     8241.550     8241.550     8241.550     8245.550     8246.550
   220:     8246.550     8251.540     8251.550     8255.630     8268.010
   225:     8268.010     8268.010     8268.020     8268.020     8268.020
   230:     8268.020     8268.020     8268.020     8272.020     8273.020
   235:     8273.020     8278.010     8278.020     9399.030     9454.360
   240:     9481.960     9481.960     9481.960     9481.970     9481.970
   245:     9481.970     9481.970     9481.970     9481.970     9482.230
   250:     9482.230     9485.030     9485.030     9485.260     9485.260
   255:     9485.970     9486.970     9486.970     9490.460     9490.460
   260:     9491.960     9491.970     9533.610     9533.610     9533.610
   265:     9533.620     9533.620     9533.620     9533.620     9533.620
   270:     9533.620     9537.620     9538.620     9538.620     9542.000
   275:     9542.550     9543.500     9543.610     9543.620     9545.090
   280:     9548.080     9560.280     9568.910     9629.850     9629.990
   285:     9640.140     9643.240    10800.000
