File: C:\MED-PC\Data\2024-10-24_09h05m_Subject 34.txt


Start Date: 10/24/24
End Date: 10/24/24
Subject: 34
Experiment: OralFentSA
Group: One
Box: 2
Start Time: 09:05:34
End Time: 12:06:03
MSN: 20241014_Golden_Liq_SelfAdmin
F:       0.000
G:     577.000
H:   10800.000
I:       0.000
J:       0.000
K:       0.000
L:       0.000
M:       0.000
N:       0.000
O:       0.000
P:       0.000
Q:       0.000
R:       0.000
S:       0.000
U:       0.000
V:       0.000
W:       0.000
X:       0.000
Y:       0.000
Z:       0.000
A:
     0:        0.000        0.000      180.000        4.000        0.000
     5:        5.000        0.000        5.000        0.000        0.000
    10:        1.000        0.000       10.000     2400.000       17.100
    15:        4.000      640.000        0.000        0.000        0.000
    20:        0.000
B:
     0:        0.000        0.000        0.000      400.000        0.000
     5:      500.000        0.000      500.000        0.000        0.000
    10:        0.000        0.000     1000.000   240000.000        0.000
    15:        0.000        0.000        0.000        0.000        0.000
    20:        0.000
C:
     0:       12.000       13.000        0.000       22.000      385.000
     5:     8710.760      333.880       11.000      625.490       56.863
    10:       22.000        0.000        9.000        0.000        0.000
    15:        0.000        0.000        0.000        0.000        0.000
    20:        0.000
D:
     0:        3.620        8.770       20.910       28.300        2.520
     5:        3.970        0.400        4.330      189.350       29.440
    10:      333.880
E:
     0:       19.000       11.000       26.000       27.000        6.000
     5:        6.000        6.000        6.000        6.000        6.000
    10:        6.000        6.000        6.000        6.000        6.000
    15:        6.000        6.000        6.000        6.000        6.000
    20:        6.000        6.000        6.000        6.000        6.000
    25:        6.000        6.000        6.000        6.000        6.000
    30:        6.000        6.000        6.000        6.000        6.000
    35:        6.000        6.000        6.000        6.000        6.000
    40:        6.000        6.000        6.000        6.000        6.000
    45:        6.000        6.000        6.000        6.000        6.000
    50:        6.000        6.000        6.000        6.000        6.000
    55:        6.000        6.000        6.000        6.000        6.000
    60:        6.000        6.000        6.000        6.000        6.000
    65:        6.000        6.000        6.000        6.000        6.000
    70:        6.000        6.000        6.000        6.000        6.000
    75:        6.000        6.000        6.000        6.000        6.000
    80:        6.000        6.000        6.000        6.000        6.000
    85:        6.000        6.000        6.000        6.000        6.000
    90:        6.000        6.000        6.000        6.000        6.000
    95:        6.000        6.000        6.000        6.000        6.000
   100:        6.000        6.000        6.000        6.000        6.000
   105:        6.000        6.000        6.000       25.000       24.000
   110:       12.000       13.000        8.000        5.000       17.000
   115:        6.000       18.000       14.000       10.000        6.000
   120:        6.000        6.000       19.000       11.000        6.000
   125:        6.000        6.000        6.000        6.000        6.000
   130:        6.000        6.000        6.000        6.000        6.000
   135:        6.000        6.000        6.000        6.000        6.000
   140:        6.000        6.000        6.000        6.000        6.000
   145:        6.000        6.000        6.000        6.000        6.000
   150:        6.000        6.000        6.000        6.000        6.000
   155:        6.000        6.000        6.000        6.000        6.000
   160:        6.000        6.000        6.000        6.000        6.000
   165:        6.000        6.000        6.000        6.000        6.000
   170:        6.000        6.000        6.000        6.000        6.000
   175:        6.000        6.000        6.000        6.000        6.000
   180:        6.000        6.000        6.000        6.000        6.000
   185:        6.000        6.000        6.000        6.000        6.000
   190:        6.000        6.000        6.000        6.000        6.000
   195:        6.000        6.000        6.000        6.000        6.000
   200:        6.000        6.000        6.000        2.000        4.000
   205:       22.000       24.000       12.000       13.000        8.000
   210:        5.000       17.000       18.000       14.000       10.000
   215:        6.000       19.000       11.000        6.000        6.000
   220:        6.000        6.000        6.000        6.000        6.000
   225:        6.000        6.000        6.000        6.000        6.000
   230:        6.000        6.000        6.000        6.000        6.000
   235:        6.000        6.000        6.000        6.000        6.000
   240:        6.000        6.000        6.000        6.000        6.000
   245:        6.000        6.000        6.000        6.000        6.000
   250:        6.000        6.000        6.000        6.000        6.000
   255:        6.000        6.000        6.000        6.000        6.000
   260:        6.000        6.000        6.000        6.000        6.000
   265:        6.000        6.000        6.000        6.000        6.000
   270:        6.000        6.000        6.000        6.000        6.000
   275:        6.000        6.000        6.000        6.000        6.000
   280:        6.000        6.000        6.000        6.000        6.000
   285:        6.000        6.000        6.000        6.000        6.000
   290:        6.000        6.000        6.000        6.000        6.000
   295:        6.000        6.000        6.000        6.000        6.000
   300:        6.000        6.000        6.000        6.000        6.000
   305:        6.000        6.000        6.000        6.000        6.000
   310:        6.000        6.000        6.000        6.000        6.000
   315:        6.000        6.000        6.000        6.000        6.000
   320:        6.000        6.000        6.000       25.000       24.000
   325:       12.000       13.000        8.000        5.000       17.000
   330:       18.000       14.000       10.000       19.000       11.000
   335:        6.000        6.000        6.000        6.000        6.000
   340:        6.000        6.000        6.000        6.000        6.000
   345:        6.000        6.000        2.000        4.000       22.000
   350:       24.000       12.000       13.000        8.000        5.000
   355:       17.000       21.000       22.000       21.000       22.000
   360:       21.000       22.000       21.000       22.000       21.000
   365:       22.000       21.000       22.000       18.000       21.000
   370:       22.000       21.000       22.000       14.000       10.000
   375:       21.000       22.000       19.000       11.000        2.000
   380:        4.000       22.000       24.000       12.000       13.000
   385:        8.000        5.000       17.000       21.000       22.000
   390:       21.000       22.000       21.000       22.000       21.000
   395:       22.000       21.000       22.000       21.000       22.000
   400:       21.000       22.000       18.000       21.000       22.000
   405:       14.000       10.000       21.000       22.000       21.000
   410:       22.000       19.000       11.000        6.000        6.000
   415:        6.000        6.000        6.000        6.000        6.000
   420:        6.000        6.000        6.000        6.000        6.000
   425:        6.000        6.000        6.000        6.000       30.000
   430:       24.000       12.000       13.000        8.000        5.000
   435:       17.000        6.000       18.000       14.000       10.000
   440:        6.000       19.000       11.000        6.000        6.000
   445:        6.000        6.000        6.000        6.000        6.000
   450:       30.000       24.000       12.000       13.000        8.000
   455:        5.000       17.000        6.000       18.000        6.000
   460:       14.000       10.000       19.000       11.000        6.000
   465:       30.000       24.000       12.000       13.000        8.000
   470:        5.000       17.000        6.000       18.000        6.000
   475:       14.000       10.000        6.000       19.000       11.000
   480:        6.000        6.000        6.000        6.000        6.000
   485:        6.000       30.000       24.000       12.000       13.000
   490:        8.000        5.000       17.000       18.000        6.000
   495:       14.000       10.000       19.000       11.000        6.000
   500:        6.000        6.000        6.000        6.000        6.000
   505:       30.000       24.000       12.000       13.000        8.000
   510:        5.000       17.000       18.000       14.000       10.000
   515:       19.000       11.000        6.000       30.000       24.000
   520:       12.000       13.000        8.000        5.000       17.000
   525:       18.000       14.000       10.000       19.000       11.000
   530:        6.000        6.000        6.000        6.000        6.000
   535:        6.000        6.000       25.000       24.000       12.000
   540:       13.000        8.000        5.000       17.000       18.000
   545:       14.000       10.000       19.000       11.000        6.000
   550:        6.000        6.000        6.000        6.000        6.000
   555:        6.000        6.000        6.000        6.000        6.000
   560:        6.000        6.000        6.000        6.000        6.000
   565:        6.000        6.000        6.000        6.000        6.000
   570:        6.000        6.000        6.000        6.000        6.000
   575:        6.000        6.000      100.000
T:
     0:        0.000        0.000        0.000        0.000       19.370
     5:       40.070       40.210       40.350       42.210      135.970
    10:      270.400      290.630      360.630      377.420      377.750
    15:      433.230      433.420      433.450      449.610      461.650
    20:      461.670      637.810      638.400      662.140      662.190
    25:      662.210      879.480      898.850     1012.790     1012.950
    30:     1013.130     1022.190     1032.380     1038.730     1040.290
    35:     1041.060     1045.730     1045.870     1060.770     1060.830
    40:     1100.390     1108.770     1140.970     1141.180     1141.300
    45:     1141.730     1141.800     1224.980     1225.110     1225.310
    50:     1225.680     1253.810     1575.510     1575.750     1576.370
    55:     1582.300     1594.260     1594.600     1596.070     1598.620
    60:     1615.150     1616.240     1655.630     1655.940     1656.160
    65:     1656.460     1659.210     1659.600     1659.650     1682.880
    70:     1692.760     1692.920     1716.240     1730.390     1730.630
    75:     1731.330     1732.480     1749.460     1749.680     1790.610
    80:     1799.390     1799.660     1800.120     1802.130     1802.420
    85:     1804.580     1811.160     1854.560     1854.930     1861.730
    90:     1861.780     1862.060     1875.790     1877.390     1878.010
    95:     1883.940     1884.180     1898.290     2029.850     2313.760
   100:     2314.280     2316.270     2320.140     2320.440     2320.620
   105:     2321.610     2350.730     2372.650     2399.990     2400.000
   110:     2400.000     2400.000     2400.000     2400.000     2400.000
   115:     2403.620     2404.000     2405.000     2405.000     2407.290
   120:     2409.220     2409.560     2409.990     2410.000     2411.850
   125:     2420.600     2442.310     2443.940     2466.500     2510.790
   130:     2510.880     2510.960     2515.570     2516.650     2519.500
   135:     2520.050     2535.270     2535.320     2540.650     2540.810
   140:     2562.250     2602.260     2670.270     2680.600     2698.680
   145:     2698.790     2709.710     2719.820     2766.820     2766.930
   150:     2767.220     2798.110     2798.730     2810.980     2811.060
   155:     2811.150     2860.760     2863.790     3163.110     3163.420
   160:     3164.110     3175.550     3175.660     3203.590     3203.900
   165:     3207.730     3233.620     3246.030     3247.010     3289.310
   170:     3346.350     3391.120     3391.230     3392.070     3423.890
   175:     3424.040     3424.850     3428.480     3447.470     3453.380
   180:     3453.500     3454.230     3454.710     3457.550     3491.400
   185:     3491.600     3511.170     3518.350     3519.280     3519.370
   190:     3574.960     3641.590     3641.700     3641.990     3643.550
   195:     3671.750     3672.010     3676.410     3706.180     3716.440
   200:     3716.480     3716.650     3733.160     3769.650     3769.650
   205:     3769.650     3769.660     3769.660     3769.660     3769.660
   210:     3769.660     3769.660     3773.660     3774.660     3774.660
   215:     3778.430     3779.650     3779.660     3781.890     3784.130
   220:     3851.990     3856.320     3871.050     3918.830     3936.680
   225:     3961.220     3961.460     3976.670     3976.830     3984.520
   230:     4045.010     4045.050     4049.270     4049.900     4050.200
   235:     4057.570     4069.860     4086.770     4087.400     4088.650
   240:     4089.230     4093.100     4094.930     4504.830     4514.930
   245:     4542.640     4542.700     4544.730     4598.240     4601.290
   250:     4602.480     4699.200     4791.700     4792.360     4796.880
   255:     4815.730     4880.070     4978.480     4981.720     5016.420
   260:     5080.290     5080.420     5086.380     5087.040     5119.210
   265:     5119.560     5143.850     5151.050     5152.740     5175.590
   270:     5193.130     5193.330     5478.060     5493.020     5493.950
   275:     5496.340     5496.590     5552.750     5620.750     5620.820
   280:     5652.100     5652.730     5727.910     5728.090     5738.560
   285:     5738.870     5739.130     5739.340     5739.650     5740.690
   290:     5745.380     5746.440     5746.840     5747.960     5751.970
   295:     5752.430     5752.570     5752.810     5752.970     5753.560
   300:     5763.030     5765.810     5771.110     5864.840     5898.290
   305:     5910.880     5912.700     5913.030     5963.470     5963.660
   310:     5966.010     5989.440     5989.470     6013.870     6014.050
   315:     6016.870     6079.280     6079.360     6082.620     6091.140
   320:     6091.790     6103.750     6103.900     6179.650     6179.660
   325:     6179.660     6179.660     6179.660     6179.660     6179.660
   330:     6183.660     6184.660     6184.660     6189.650     6189.660
   335:     6200.570     6205.450     6210.710     6216.110     6220.140
   340:     6221.700     6235.050     6235.160     6248.900     6248.940
   345:     6249.500     6263.050     6288.200     6288.200     6288.200
   350:     6288.210     6288.210     6288.210     6288.210     6288.210
   355:     6288.210     6289.290     6289.290     6289.770     6289.770
   360:     6290.280     6290.280     6291.020     6291.020     6291.570
   365:     6291.570     6292.090     6292.090     6292.210     6292.660
   370:     6292.660     6293.180     6293.180     6293.210     6293.210
   375:     6297.560     6297.560     6298.200     6298.210     6300.750
   380:     6300.750     6300.750     6300.760     6300.760     6300.760
   385:     6300.760     6300.760     6300.760     6301.360     6301.360
   390:     6301.890     6301.890     6302.440     6302.440     6302.940
   395:     6302.940     6303.470     6303.470     6304.250     6304.250
   400:     6304.720     6304.720     6304.760     6305.460     6305.460
   405:     6305.760     6305.760     6305.900     6305.900     6306.410
   410:     6306.410     6310.750     6310.760     6329.060     6360.920
   415:     6361.220     6424.430     6424.520     6426.740     6429.280
   420:     6456.950     6459.620     6463.380     6463.420     6513.150
   425:     6513.280     6544.600     6544.710     6565.760     6585.810
   430:     6585.810     6585.810     6585.810     6585.810     6585.810
   435:     6585.810     6588.330     6589.810     6590.810     6590.810
   440:     6591.710     6595.800     6595.810     6599.540     6604.000
   445:     6622.820     6645.890     6655.750     6660.790     6661.850
   450:     6686.850     6686.850     6686.850     6686.850     6686.850
   455:     6686.850     6686.850     6690.820     6690.850     6691.720
   460:     6691.850     6691.850     6696.840     6696.850     6781.010
   465:     6827.320     6827.320     6827.320     6827.320     6827.320
   470:     6827.320     6827.320     6827.720     6831.320     6832.180
   475:     6832.320     6832.320     6834.820     6837.310     6837.320
   480:     6858.360     6876.850     7002.560     7008.120     7011.780
   485:     7177.980     7663.660     7663.660     7663.660     7663.660
   490:     7663.660     7663.660     7663.660     7667.660     7667.990
   495:     7668.660     7668.660     7673.650     7673.660     7696.500
   500:     7702.450     7708.890     8120.920     8121.190     8121.420
   505:     8299.020     8299.020     8299.020     8299.020     8299.020
   510:     8299.020     8299.020     8303.020     8304.020     8304.020
   515:     8309.010     8309.020     8488.370     8492.340     8492.340
   520:     8492.340     8492.340     8492.340     8492.340     8492.340
   525:     8496.340     8497.340     8497.340     8502.330     8502.340
   530:     8521.780     8525.560     8528.580     8532.090     8532.340
   535:     8569.680     8655.490     8710.750     8710.760     8710.760
   540:     8710.760     8710.760     8710.760     8710.760     8714.760
   545:     8715.760     8715.760     8720.750     8720.760     9044.640
   550:     9049.650     9050.680     9122.000     9125.470     9125.920
   555:     9126.490     9127.470     9422.810     9423.880     9425.170
   560:     9425.650     9426.090     9484.130     9533.790     9533.930
   565:     9552.430     9553.450     9567.150     9579.250     9637.530
   570:     9637.740     9710.200     9732.010     9732.140     9762.000
   575:    10374.380    10375.140    10800.000
