File: C:\MED-PC\Data\2024-10-31_12h57m_Subject 52.txt


Start Date: 10/31/24
End Date: 10/31/24
Subject: 52
Experiment: OralFentSA
Group: One
Box: 8
Start Time: 12:57:36
End Time: 15:57:50
MSN: 20241014_Golden_Liq_SelfAdmin
F:       0.000
G:    1966.000
H:   10800.000
I:       0.000
J:       0.000
K:       0.000
L:       0.000
M:       0.000
N:       0.000
O:       0.000
P:       0.000
Q:       0.000
R:       0.000
S:       0.000
U:       0.000
V:       0.000
W:       0.000
X:       0.000
Y:       0.000
Z:       0.000
A:
     0:        0.000        0.000      180.000        4.000        0.000
     5:        5.000        0.000        5.000        0.000        0.000
    10:        1.000        0.000       10.000   100000.000       22.400
    15:        9.000      640.000        0.000        0.000        0.000
    20:        0.000
B:
     0:        0.000        0.000        0.000      400.000        0.000
     5:      500.000        0.000      500.000        0.000        0.000
    10:        0.000        0.000     1000.000 10000000.000        0.000
    15:        0.000        0.000        0.000        0.000        0.000
    20:        0.000
C:
     0:      107.000      108.000       75.000      151.000      301.000
     5:    10772.580        2.980       37.000     2150.180       58.113
    10:      151.000       75.000        0.000        0.000        0.000
    15:        0.000        0.000        0.000        0.000        0.000
    20:        0.000
D:
     0:        3.370       48.200       36.340       30.520       12.320
     5:       30.290       39.960       53.960       48.190       45.980
    10:       60.150       10.680       25.300      336.010       96.970
    15:       23.590       63.490       52.480        4.150        2.060
    20:       12.760       49.280       75.690      178.900       83.460
    25:        1.160        3.620      441.500        9.280        9.640
    30:       21.690      184.400        2.450        3.330       35.650
    35:       10.380        2.980
E:
     0:       19.000       11.000       26.000       27.000        6.000
     5:        6.000        6.000        6.000        6.000        6.000
    10:        6.000        6.000        6.000        6.000        6.000
    15:        6.000        1.000        2.000        4.000       22.000
    20:       24.000       12.000       13.000        8.000        5.000
    25:       17.000        6.000       18.000        6.000       14.000
    30:       10.000        6.000       19.000       11.000        6.000
    35:        6.000        6.000        6.000        6.000        6.000
    40:        6.000        6.000        6.000        6.000        6.000
    45:        6.000        6.000        2.000        4.000       22.000
    50:       24.000       12.000       13.000        8.000        5.000
    55:       17.000       18.000       14.000       10.000       19.000
    60:       11.000        6.000        6.000        6.000        6.000
    65:        6.000        1.000        2.000        4.000       22.000
    70:       24.000       12.000       13.000        8.000        5.000
    75:       17.000       18.000       14.000       10.000       19.000
    80:       11.000        2.000        4.000       22.000       24.000
    85:       12.000       13.000        8.000        5.000       17.000
    90:       18.000       14.000       10.000       19.000       11.000
    95:        1.000        6.000        6.000        6.000        6.000
   100:        6.000        6.000        6.000        6.000        2.000
   105:        4.000       22.000       24.000       12.000       13.000
   110:        8.000        5.000       17.000       18.000       14.000
   115:       10.000       19.000       11.000        6.000        6.000
   120:        6.000        6.000        6.000        6.000        6.000
   125:        6.000        6.000        6.000        6.000        6.000
   130:        6.000        6.000        6.000        6.000        6.000
   135:        6.000        6.000        6.000        6.000        6.000
   140:        1.000        6.000        2.000        4.000       22.000
   145:       24.000       12.000       13.000        8.000        5.000
   150:       17.000       18.000       14.000       10.000       19.000
   155:       11.000        2.000        4.000       22.000       24.000
   160:       12.000       13.000        8.000        5.000       17.000
   165:       18.000       14.000       10.000       19.000       11.000
   170:        6.000        6.000        1.000        2.000        4.000
   175:       22.000       24.000       12.000       13.000        8.000
   180:        5.000       17.000       18.000       14.000       10.000
   185:       19.000       11.000        2.000        4.000       22.000
   190:       24.000       12.000       13.000        8.000        5.000
   195:       17.000       18.000       14.000       10.000       19.000
   200:       11.000        6.000        6.000        6.000        6.000
   205:        6.000        6.000        6.000        6.000        6.000
   210:        6.000        6.000        6.000        6.000        6.000
   215:        6.000        6.000        6.000        6.000        6.000
   220:        6.000        6.000        6.000        6.000        6.000
   225:        6.000        6.000        6.000        6.000        2.000
   230:        4.000       22.000       24.000       12.000       13.000
   235:        8.000        5.000       17.000       18.000       14.000
   240:       10.000       20.000       19.000       11.000        1.000
   245:        6.000        6.000        1.000        2.000        4.000
   250:       22.000       24.000       12.000       13.000        8.000
   255:        5.000       17.000       21.000       22.000       18.000
   260:       14.000       10.000       19.000       11.000        6.000
   265:        6.000        6.000        2.000        4.000       22.000
   270:       24.000       12.000       13.000        8.000        5.000
   275:       17.000       18.000       14.000       10.000       19.000
   280:       11.000        6.000        6.000        6.000        1.000
   285:        1.000        6.000        6.000        6.000        6.000
   290:        6.000        2.000        4.000       22.000       24.000
   295:       12.000       13.000        8.000        5.000       17.000
   300:       18.000       14.000       10.000       19.000       11.000
   305:        1.000        6.000        6.000        6.000        6.000
   310:        6.000        6.000        6.000        6.000        6.000
   315:        6.000        6.000        6.000        6.000        6.000
   320:        6.000        6.000        6.000        6.000        2.000
   325:        4.000       22.000       24.000       12.000       13.000
   330:        8.000        5.000       17.000       18.000       14.000
   335:       10.000       21.000       22.000       19.000       11.000
   340:        1.000        6.000        2.000        4.000       22.000
   345:       24.000       12.000       13.000        8.000        5.000
   350:       17.000       18.000       14.000       10.000       19.000
   355:       11.000        1.000        1.000        2.000        4.000
   360:       22.000       24.000       12.000       13.000        8.000
   365:        5.000       17.000       18.000       14.000       10.000
   370:       19.000       11.000        2.000        4.000       22.000
   375:       24.000       12.000       13.000        8.000        5.000
   380:       17.000       18.000       14.000       10.000       19.000
   385:       11.000        1.000        2.000        4.000       22.000
   390:       24.000       12.000       13.000        8.000        5.000
   395:       17.000       18.000       14.000       10.000       19.000
   400:       11.000        6.000        6.000        6.000        6.000
   405:        6.000        6.000        6.000        6.000        6.000
   410:        2.000        4.000       22.000       24.000       12.000
   415:       13.000        8.000        5.000       17.000       18.000
   420:       14.000       10.000       19.000       11.000        2.000
   425:        4.000       22.000       24.000       12.000       13.000
   430:        8.000        5.000       17.000       18.000       14.000
   435:       10.000       19.000       11.000        6.000        2.000
   440:        4.000       22.000       24.000       12.000       13.000
   445:        8.000        5.000       17.000       18.000       14.000
   450:       10.000       19.000       11.000        1.000        1.000
   455:        1.000        1.000        1.000        1.000        6.000
   460:        6.000        6.000        6.000        6.000        6.000
   465:        6.000        6.000        6.000        6.000        6.000
   470:        6.000        6.000        6.000        6.000        6.000
   475:        2.000        4.000       22.000       24.000       12.000
   480:       13.000        8.000        5.000       17.000       18.000
   485:       14.000       10.000       19.000       11.000        2.000
   490:        4.000       22.000       24.000       12.000       13.000
   495:        8.000        5.000       17.000       21.000       22.000
   500:       18.000       14.000       10.000       19.000       11.000
   505:        1.000        1.000        6.000        6.000        6.000
   510:        6.000        6.000        1.000        1.000        2.000
   515:        4.000       22.000       24.000       12.000       13.000
   520:        8.000        5.000       17.000       18.000       14.000
   525:       10.000       19.000       11.000        2.000        4.000
   530:       22.000       24.000       12.000       13.000        8.000
   535:        5.000       17.000       18.000       14.000       10.000
   540:       19.000       11.000        1.000        2.000        4.000
   545:       22.000       24.000       12.000       13.000        8.000
   550:        5.000       17.000       21.000       22.000       18.000
   555:       14.000       10.000       19.000       11.000        2.000
   560:        4.000       22.000       24.000       12.000       13.000
   565:        8.000        5.000       17.000       18.000       14.000
   570:       10.000       19.000       11.000        2.000        4.000
   575:       22.000       24.000       12.000       13.000        8.000
   580:        5.000       17.000       18.000       14.000       10.000
   585:       21.000       22.000       19.000       11.000        6.000
   590:        1.000        2.000        4.000       22.000       24.000
   595:       12.000       13.000        8.000        5.000       17.000
   600:       18.000       14.000       10.000       19.000       11.000
   605:        2.000        4.000       22.000       24.000       12.000
   610:       13.000        8.000        5.000       17.000       18.000
   615:       21.000       22.000       14.000       10.000       19.000
   620:       11.000        2.000        4.000       22.000       24.000
   625:       12.000       13.000        8.000        5.000       17.000
   630:       18.000       14.000       10.000       21.000       22.000
   635:       19.000       11.000        6.000        6.000        6.000
   640:        1.000        2.000        4.000       22.000       24.000
   645:       12.000       13.000        8.000        5.000       17.000
   650:       18.000       14.000       10.000       19.000       11.000
   655:        2.000        4.000       22.000       24.000       12.000
   660:       13.000        8.000        5.000       17.000       18.000
   665:       14.000       10.000       19.000       11.000        2.000
   670:        4.000       22.000       24.000       12.000       13.000
   675:        8.000        5.000       17.000       18.000       14.000
   680:       10.000       19.000       11.000        2.000        4.000
   685:       22.000       24.000       12.000       13.000        8.000
   690:        5.000       17.000       18.000       14.000       10.000
   695:       19.000       11.000        2.000        4.000       22.000
   700:       24.000       12.000       13.000        8.000        5.000
   705:       17.000       18.000       14.000       10.000       19.000
   710:       11.000        1.000        6.000        6.000        6.000
   715:        6.000        6.000        6.000        6.000        6.000
   720:        2.000        4.000       22.000       24.000       12.000
   725:       13.000        8.000        5.000       17.000       18.000
   730:       21.000       22.000       14.000       10.000       19.000
   735:       11.000        1.000        2.000        4.000       22.000
   740:       24.000       12.000       13.000        8.000        5.000
   745:       17.000       18.000        6.000       14.000       10.000
   750:        6.000        6.000        6.000        6.000        6.000
   755:        6.000        6.000        6.000        6.000        6.000
   760:       19.000       11.000        2.000        4.000       22.000
   765:       24.000       12.000       13.000        8.000        5.000
   770:       17.000        6.000       18.000       14.000       10.000
   775:        6.000       19.000       11.000        6.000        6.000
   780:        6.000        2.000        4.000       22.000       24.000
   785:       12.000       13.000        8.000        5.000       17.000
   790:       18.000       14.000       10.000       19.000       11.000
   795:        2.000        4.000       22.000       24.000       12.000
   800:       13.000        8.000        5.000       17.000       18.000
   805:       14.000       10.000       19.000       11.000        1.000
   810:        2.000        4.000       22.000       24.000       12.000
   815:       13.000        8.000        5.000       17.000       18.000
   820:       14.000       10.000       19.000       11.000        6.000
   825:        6.000        6.000        6.000        6.000        6.000
   830:        6.000        2.000        4.000       22.000       24.000
   835:       12.000       13.000        8.000        5.000       17.000
   840:       18.000       14.000       10.000       19.000       11.000
   845:        2.000        4.000       22.000       24.000       12.000
   850:       13.000        8.000        5.000       17.000       18.000
   855:       14.000       10.000       19.000       11.000        2.000
   860:        4.000       22.000       24.000       12.000       13.000
   865:        8.000        5.000       17.000       18.000       14.000
   870:       10.000       19.000       11.000        6.000        6.000
   875:        6.000        6.000        6.000        6.000        2.000
   880:        4.000       22.000       24.000       12.000       13.000
   885:        8.000        5.000       17.000       18.000       14.000
   890:       10.000       19.000       11.000        2.000        4.000
   895:       22.000       24.000       12.000       13.000        8.000
   900:        5.000       17.000       18.000       14.000       10.000
   905:       19.000       11.000        6.000        6.000        6.000
   910:        6.000        6.000        6.000        6.000        6.000
   915:        6.000        6.000        6.000        6.000        6.000
   920:        6.000        2.000        4.000       22.000       24.000
   925:       12.000       13.000        8.000        5.000       17.000
   930:       18.000       21.000       22.000       14.000       10.000
   935:       19.000       11.000        2.000        4.000       22.000
   940:       24.000       12.000       13.000        8.000        5.000
   945:       17.000       21.000       22.000       21.000       22.000
   950:       18.000       14.000       10.000       19.000       11.000
   955:        6.000        6.000        6.000        6.000        2.000
   960:        4.000       22.000       24.000       12.000       13.000
   965:        8.000        5.000       17.000       21.000       22.000
   970:       18.000       14.000       10.000       21.000       22.000
   975:       19.000       11.000        1.000        1.000        6.000
   980:        6.000        6.000        1.000        2.000        4.000
   985:       22.000       24.000       12.000       13.000        8.000
   990:        5.000       17.000       18.000       14.000       10.000
   995:       19.000       11.000        2.000        4.000       22.000
  1000:       24.000       12.000       13.000        8.000        5.000
  1005:       17.000       18.000       14.000       10.000       19.000
  1010:       11.000        2.000        4.000       22.000       24.000
  1015:       12.000       13.000        8.000        5.000       17.000
  1020:        6.000       18.000       14.000       10.000       19.000
  1025:       11.000        2.000        4.000       22.000       24.000
  1030:       12.000       13.000        8.000        5.000       17.000
  1035:       21.000       22.000       18.000       14.000       10.000
  1040:       19.000       11.000        1.000        1.000        2.000
  1045:        4.000       22.000       24.000       12.000       13.000
  1050:        8.000        5.000       17.000       18.000       14.000
  1055:       10.000       19.000       11.000        2.000        4.000
  1060:       22.000       24.000       12.000       13.000        8.000
  1065:        5.000       17.000       18.000       21.000       22.000
  1070:       14.000       10.000       19.000       11.000        2.000
  1075:        4.000       22.000       24.000       12.000       13.000
  1080:        8.000        5.000       17.000       18.000       14.000
  1085:       10.000       19.000       11.000        2.000        4.000
  1090:       22.000       24.000       12.000       13.000        8.000
  1095:        5.000       17.000        6.000       18.000       14.000
  1100:       10.000       19.000       11.000        1.000        1.000
  1105:        6.000        6.000        2.000        4.000       22.000
  1110:       24.000       12.000       13.000        8.000        5.000
  1115:       17.000       18.000       14.000       10.000       19.000
  1120:       11.000        1.000        2.000        4.000       22.000
  1125:       24.000       12.000       13.000        8.000        5.000
  1130:       17.000       18.000       14.000       10.000       19.000
  1135:       11.000        2.000        4.000       22.000       24.000
  1140:       12.000       13.000        8.000        5.000       17.000
  1145:       18.000       14.000       10.000       19.000       11.000
  1150:        2.000        4.000       22.000       24.000       12.000
  1155:       13.000        8.000        5.000       17.000       18.000
  1160:       14.000       10.000       19.000       11.000        2.000
  1165:        4.000       22.000       24.000       12.000       13.000
  1170:        8.000        5.000       17.000       18.000       14.000
  1175:       10.000       19.000       11.000        1.000        2.000
  1180:        4.000       22.000       24.000       12.000       13.000
  1185:        8.000        5.000       17.000       18.000       14.000
  1190:       10.000       19.000       11.000        2.000        4.000
  1195:       22.000       24.000       12.000       13.000        8.000
  1200:        5.000       17.000       18.000       14.000       10.000
  1205:       19.000       11.000        1.000        1.000        1.000
  1210:        6.000        6.000        6.000        1.000        6.000
  1215:        1.000        1.000        1.000        2.000        4.000
  1220:       22.000       24.000       12.000       13.000        8.000
  1225:        5.000       17.000       21.000       22.000       18.000
  1230:       14.000       10.000       21.000       22.000       21.000
  1235:       22.000       21.000       22.000       21.000       22.000
  1240:       21.000       22.000       21.000       22.000       21.000
  1245:       22.000       19.000       11.000        2.000        4.000
  1250:       22.000       24.000       12.000       13.000        8.000
  1255:        5.000       17.000       21.000       22.000       18.000
  1260:       14.000       10.000       21.000       22.000       19.000
  1265:       11.000        2.000        4.000       22.000       24.000
  1270:       12.000       13.000        8.000        5.000       17.000
  1275:       21.000       22.000       21.000       22.000       18.000
  1280:       14.000       10.000        6.000        6.000        6.000
  1285:       19.000       11.000        6.000        6.000        6.000
  1290:        6.000        6.000        6.000        6.000        6.000
  1295:        6.000        6.000        6.000        6.000        6.000
  1300:        6.000        6.000        6.000        6.000        6.000
  1305:        6.000        6.000        6.000        6.000        6.000
  1310:        6.000        6.000        6.000        6.000        1.000
  1315:        1.000        1.000        1.000        1.000        1.000
  1320:        2.000        4.000       22.000       24.000       12.000
  1325:       13.000        8.000        5.000       17.000       21.000
  1330:       22.000       18.000       21.000       22.000       14.000
  1335:       10.000       21.000       22.000        6.000        6.000
  1340:       19.000       11.000        6.000        6.000        6.000
  1345:        6.000        6.000        6.000        6.000        6.000
  1350:        1.000        2.000        4.000       22.000       24.000
  1355:       12.000       13.000        8.000        5.000       17.000
  1360:       18.000       21.000       22.000       14.000       10.000
  1365:       21.000       22.000       21.000       22.000       19.000
  1370:       11.000        1.000        2.000        4.000       22.000
  1375:       24.000       12.000       13.000        8.000        5.000
  1380:       17.000       21.000       22.000       18.000       14.000
  1385:       10.000       19.000       11.000        2.000        4.000
  1390:       22.000       24.000       12.000       13.000        8.000
  1395:        5.000       17.000       18.000       21.000       22.000
  1400:       14.000       10.000       19.000       11.000        2.000
  1405:        4.000       22.000       24.000       12.000       13.000
  1410:        8.000        5.000       17.000       20.000       18.000
  1415:       14.000       10.000       19.000       11.000        2.000
  1420:        4.000       22.000       24.000       12.000       13.000
  1425:        8.000        5.000       17.000       18.000       14.000
  1430:       10.000       19.000       11.000        2.000        4.000
  1435:       22.000       24.000       12.000       13.000        8.000
  1440:        5.000       17.000       20.000       18.000       14.000
  1445:       10.000       19.000       11.000        6.000        1.000
  1450:        2.000        4.000       22.000       24.000       12.000
  1455:       13.000        8.000        5.000       17.000       18.000
  1460:       14.000       10.000       19.000       11.000        2.000
  1465:        4.000       22.000       24.000       12.000       13.000
  1470:        8.000        5.000       17.000       21.000       22.000
  1475:       18.000       14.000       10.000       19.000       11.000
  1480:        2.000        4.000       22.000       24.000       12.000
  1485:       13.000        8.000        5.000       17.000       18.000
  1490:       14.000       10.000       19.000       11.000        2.000
  1495:        4.000       22.000       24.000       12.000       13.000
  1500:        8.000        5.000       17.000       18.000       14.000
  1505:       10.000       20.000       19.000       11.000        2.000
  1510:        4.000       22.000       24.000       12.000       13.000
  1515:        8.000        5.000       17.000       18.000       14.000
  1520:       10.000       20.000       19.000       11.000        2.000
  1525:        4.000       22.000       24.000       12.000       13.000
  1530:        8.000        5.000       17.000       18.000       14.000
  1535:       10.000       19.000       11.000        2.000        4.000
  1540:       22.000       24.000       12.000       13.000        8.000
  1545:        5.000       17.000       18.000       14.000       10.000
  1550:       19.000       11.000        1.000        2.000        4.000
  1555:       22.000       24.000       12.000       13.000        8.000
  1560:        5.000       17.000       18.000       21.000       22.000
  1565:       14.000       10.000       19.000       11.000        2.000
  1570:        4.000       22.000       24.000       12.000       13.000
  1575:        8.000        5.000       17.000       18.000       14.000
  1580:       10.000       19.000       11.000        2.000        4.000
  1585:       22.000       24.000       12.000       13.000        8.000
  1590:        5.000       17.000       18.000       14.000       10.000
  1595:       19.000       11.000        1.000        6.000        1.000
  1600:        2.000        4.000       22.000       24.000       12.000
  1605:       13.000        8.000        5.000       17.000       21.000
  1610:       22.000       18.000       14.000       10.000       21.000
  1615:       22.000       19.000       11.000        2.000        4.000
  1620:       22.000       24.000       12.000       13.000        8.000
  1625:        5.000       17.000        6.000        6.000       18.000
  1630:        6.000       14.000       10.000       19.000       11.000
  1635:        2.000        4.000       22.000       24.000       12.000
  1640:       13.000        8.000        5.000       17.000       18.000
  1645:       14.000       10.000       21.000       22.000       19.000
  1650:       11.000        2.000        4.000       22.000       24.000
  1655:       12.000       13.000        8.000        5.000       17.000
  1660:       18.000       14.000       10.000       19.000       11.000
  1665:        2.000        4.000       22.000       24.000       12.000
  1670:       13.000        8.000        5.000       17.000       18.000
  1675:       14.000       10.000       19.000       11.000        2.000
  1680:        4.000       22.000       24.000       12.000       13.000
  1685:        8.000        5.000       17.000       18.000       14.000
  1690:       10.000       19.000       11.000        1.000        1.000
  1695:        1.000        2.000        4.000       22.000       24.000
  1700:       12.000       13.000        8.000        5.000       17.000
  1705:        6.000        6.000       18.000       14.000       10.000
  1710:       19.000       11.000        2.000        4.000       22.000
  1715:       24.000       12.000       13.000        8.000        5.000
  1720:       17.000       18.000       14.000       10.000       19.000
  1725:       11.000        6.000        6.000        6.000        6.000
  1730:        6.000        6.000        2.000        4.000       22.000
  1735:       24.000       12.000       13.000        8.000        5.000
  1740:       17.000       18.000       14.000       10.000       21.000
  1745:       22.000       19.000       11.000        2.000        4.000
  1750:       22.000       24.000       12.000       13.000        8.000
  1755:        5.000       17.000       18.000       14.000       10.000
  1760:       19.000       11.000        6.000        2.000        4.000
  1765:       22.000       24.000       12.000       13.000        8.000
  1770:        5.000       17.000       18.000       14.000       10.000
  1775:       19.000       11.000        1.000        2.000        4.000
  1780:       22.000       24.000       12.000       13.000        8.000
  1785:        5.000       17.000       18.000       14.000       10.000
  1790:       19.000       11.000        2.000        4.000       22.000
  1795:       24.000       12.000       13.000        8.000        5.000
  1800:       17.000       18.000       14.000       10.000       19.000
  1805:       11.000        1.000        2.000        4.000       22.000
  1810:       24.000       12.000       13.000        8.000        5.000
  1815:       17.000       21.000       22.000       18.000       14.000
  1820:       10.000       19.000       11.000        2.000        4.000
  1825:       22.000       24.000       12.000       13.000        8.000
  1830:        5.000       17.000       18.000       14.000       10.000
  1835:       19.000       11.000        2.000        4.000       22.000
  1840:       24.000       12.000       13.000        8.000        5.000
  1845:       17.000       18.000       14.000       10.000       19.000
  1850:       11.000        2.000        4.000       22.000       24.000
  1855:       12.000       13.000        8.000        5.000       17.000
  1860:        6.000       18.000       14.000       10.000        6.000
  1865:        6.000        6.000        6.000        6.000        6.000
  1870:        6.000        6.000        6.000        6.000        6.000
  1875:        6.000        6.000        6.000        6.000        6.000
  1880:       19.000       11.000        6.000        6.000        6.000
  1885:        1.000        2.000        4.000       22.000       24.000
  1890:       12.000       13.000        8.000        5.000       17.000
  1895:       18.000       14.000       10.000       19.000       11.000
  1900:        2.000        4.000       22.000       24.000       12.000
  1905:       13.000        8.000        5.000       17.000       18.000
  1910:       21.000       22.000       14.000       10.000       19.000
  1915:       11.000        2.000        4.000       22.000       24.000
  1920:       12.000       13.000        8.000        5.000       17.000
  1925:       18.000       14.000       10.000       19.000       11.000
  1930:        1.000        1.000        1.000        1.000        1.000
  1935:        2.000        4.000       22.000       24.000       12.000
  1940:       13.000        8.000        5.000       17.000       18.000
  1945:       14.000       10.000       19.000       11.000        1.000
  1950:        2.000        4.000       22.000       24.000       12.000
  1955:       13.000        8.000        5.000       17.000       21.000
  1960:       22.000       18.000       14.000       10.000       19.000
  1965:       11.000      100.000
T:
     0:        0.000        0.000        0.000        0.000       13.150
     5:       13.580       13.710       13.750       13.810       13.860
    10:       13.890       15.360       15.430       15.530       15.760
    15:       15.870       28.990       34.980       34.980       34.980
    20:       34.990       34.990       34.990       34.990       34.990
    25:       34.990       38.360       38.990       39.330       39.990
    30:       39.990       40.970       44.980       44.990       51.210
    35:       52.590       52.680       52.850       53.730       53.830
    40:       53.940       54.780       55.260       55.710       56.640
    45:       60.600       60.940       68.680       68.680       68.680
    50:       68.690       68.690       68.690       68.690       68.690
    55:       68.690       72.690       73.690       73.690       78.680
    60:       78.690      116.890      121.750      122.000      123.700
    65:      127.970      139.510      172.090      172.090      172.090
    70:      172.100      172.100      172.100      172.100      172.100
    75:      172.100      176.100      177.100      177.100      182.090
    80:      182.100      224.290      224.290      224.290      224.300
    85:      224.300      224.300      224.300      224.300      224.300
    90:      228.300      229.300      229.300      234.290      234.300
    95:      249.730      260.640      264.010      264.730      265.060
   100:      265.240      265.300      267.290      268.530      278.990
   105:      278.990      278.990      279.000      279.000      279.000
   110:      279.000      279.000      279.000      283.000      284.000
   115:      284.000      288.990      289.000      309.520      311.790
   120:      311.890      311.910      312.370      313.030      313.340
   125:      313.470      313.570      313.880      314.150      314.390
   130:      314.420      315.000      315.490      315.920      355.230
   135:      356.500      356.560      356.870      395.300      463.800
   140:      478.230      481.910      483.170      483.170      483.170
   145:      483.180      483.180      483.180      483.180      483.180
   150:      483.180      487.180      488.180      488.180      493.170
   155:      493.180      570.490      570.490      570.490      570.500
   160:      570.500      570.500      570.500      570.500      570.500
   165:      574.500      575.500      575.500      580.490      580.500
   170:      582.820      593.740      640.980      716.750      716.750
   175:      716.750      716.760      716.760      716.760      716.760
   180:      716.760      716.760      720.760      721.760      721.760
   185:      726.750      726.760      868.830      868.830      868.830
   190:      868.840      868.840      868.840      868.840      868.840
   195:      868.840      872.840      873.840      873.840      878.830
   200:      878.840      899.130      900.720      900.780      900.830
   205:      900.960      901.020      903.720      903.850      905.050
   210:      905.610      906.590      906.810      919.740      921.830
   215:      922.010      922.100      922.640      922.800      923.510
   220:      923.560      923.980      924.550      925.280      926.000
   225:      928.260      928.420      928.750      929.510      939.790
   230:      939.790      939.790      939.800      939.800      939.800
   235:      939.800      939.800      939.800      943.800      944.800
   240:      944.800      947.240      949.790      949.800      950.750
   245:      979.760      985.900      997.670     1000.550     1000.550
   250:     1000.550     1000.560     1000.560     1000.560     1000.560
   255:     1000.560     1000.560     1002.990     1002.990     1004.560
   260:     1005.560     1005.560     1010.550     1010.560     1054.520
   265:     1056.970     1057.490     1072.210     1072.210     1072.210
   270:     1072.220     1072.220     1072.220     1072.220     1072.220
   275:     1072.220     1076.220     1077.220     1077.220     1082.210
   280:     1082.220     1120.410     1128.960     1131.340     1156.540
   285:     1167.270     1242.490     1243.680     1244.300     1310.910
   290:     1310.950     1515.970     1515.970     1515.970     1515.980
   295:     1515.980     1515.980     1515.980     1515.980     1515.980
   300:     1519.980     1520.980     1520.980     1525.970     1525.980
   305:     1534.300     1561.960     1562.080     1562.150     1562.230
   310:     1562.330     1562.360     1562.410     1562.440     1562.570
   315:     1562.760     1562.850     1562.950     1563.060     1563.380
   320:     1565.210     1565.280     1565.360     1572.460     1578.430
   325:     1578.430     1578.430     1578.440     1578.440     1578.440
   330:     1578.440     1578.440     1578.440     1582.440     1583.440
   335:     1583.440     1583.880     1583.880     1588.430     1588.440
   340:     1619.350     1638.590     1644.780     1644.780     1644.780
   345:     1644.790     1644.790     1644.790     1644.790     1644.790
   350:     1644.790     1648.790     1649.790     1649.790     1654.780
   355:     1654.790     1661.230     1680.160     1721.960     1721.960
   360:     1721.960     1721.970     1721.970     1721.970     1721.970
   365:     1721.970     1721.970     1725.970     1726.970     1726.970
   370:     1731.960     1731.970     1745.130     1745.130     1745.130
   375:     1745.140     1745.140     1745.140     1745.140     1745.140
   380:     1745.140     1749.140     1750.140     1750.140     1755.130
   385:     1755.140     1763.680     1817.830     1817.830     1817.830
   390:     1817.840     1817.840     1817.840     1817.840     1817.840
   395:     1817.840     1821.840     1822.840     1822.840     1827.830
   400:     1827.840     1828.520     1829.530     1829.850     1830.050
   405:     1830.360     1833.240     1833.410     1833.550     1833.710
   410:     1839.980     1839.980     1839.980     1839.990     1839.990
   415:     1839.990     1839.990     1839.990     1839.990     1843.990
   420:     1844.990     1844.990     1849.980     1849.990     1852.460
   425:     1852.460     1852.460     1852.470     1852.470     1852.470
   430:     1852.470     1852.470     1852.470     1856.470     1857.470
   435:     1857.470     1862.460     1862.470     1877.770     1910.310
   440:     1910.310     1910.310     1910.320     1910.320     1910.320
   445:     1910.320     1910.320     1910.320     1914.320     1915.320
   450:     1915.320     1920.310     1920.320     2180.870     2185.550
   455:     2189.840     2193.620     2218.920     2242.670     2246.330
   460:     2248.450     2248.520     2248.570     2248.610     2248.840
   465:     2248.950     2249.070     2249.240     2249.780     2250.010
   470:     2262.990     2265.870     2265.960     2266.140     2266.380
   475:     2311.770     2311.770     2311.770     2311.780     2311.780
   480:     2311.780     2311.780     2311.780     2311.780     2315.780
   485:     2316.780     2316.780     2321.770     2321.780     2325.990
   490:     2325.990     2325.990     2326.000     2326.000     2326.000
   495:     2326.000     2326.000     2326.000     2329.530     2329.530
   500:     2330.000     2331.000     2331.000     2335.990     2336.000
   505:     2344.450     2357.910     2422.970     2474.060     2474.180
   510:     2476.100     2476.310     2492.430     2509.770     2550.040
   515:     2550.040     2550.040     2550.050     2550.050     2550.050
   520:     2550.050     2550.050     2550.050     2554.050     2555.050
   525:     2555.050     2560.040     2560.050     2585.880     2585.880
   530:     2585.880     2585.890     2585.890     2585.890     2585.890
   535:     2585.890     2585.890     2589.890     2590.890     2590.890
   540:     2595.880     2595.890     2631.410     2664.780     2664.780
   545:     2664.780     2664.790     2664.790     2664.790     2664.790
   550:     2664.790     2664.790     2665.390     2665.390     2668.790
   555:     2669.790     2669.790     2674.780     2674.790     3031.250
   560:     3031.250     3031.250     3031.260     3031.260     3031.260
   565:     3031.260     3031.260     3031.260     3035.260     3036.260
   570:     3036.260     3041.250     3041.260     3061.670     3061.670
   575:     3061.670     3061.680     3061.680     3061.680     3061.680
   580:     3061.680     3061.680     3065.680     3066.680     3066.680
   585:     3067.710     3067.710     3071.670     3071.680     3085.270
   590:     3092.370     3138.280     3138.280     3138.280     3138.290
   595:     3138.290     3138.290     3138.290     3138.290     3138.290
   600:     3142.290     3143.290     3143.290     3148.280     3148.290
   605:     3173.000     3173.000     3173.000     3173.010     3173.010
   610:     3173.010     3173.010     3173.010     3173.010     3177.010
   615:     3177.250     3177.250     3178.010     3178.010     3183.000
   620:     3183.010     3194.010     3194.010     3194.010     3194.020
   625:     3194.020     3194.020     3194.020     3194.020     3194.020
   630:     3198.020     3199.020     3199.020     3199.980     3199.980
   635:     3204.010     3204.020     3257.510     3258.400     3258.980
   640:     3285.640     3299.230     3299.230     3299.230     3299.240
   645:     3299.240     3299.240     3299.240     3299.240     3299.240
   650:     3303.240     3304.240     3304.240     3309.230     3309.240
   655:     3312.350     3312.350     3312.350     3312.360     3312.360
   660:     3312.360     3312.360     3312.360     3312.360     3316.360
   665:     3317.360     3317.360     3322.350     3322.360     3454.970
   670:     3454.970     3454.970     3454.980     3454.980     3454.980
   675:     3454.980     3454.980     3454.980     3458.980     3459.980
   680:     3459.980     3464.970     3464.980     3521.360     3521.360
   685:     3521.360     3521.370     3521.370     3521.370     3521.370
   690:     3521.370     3521.370     3525.370     3526.370     3526.370
   695:     3531.360     3531.370     3669.150     3669.150     3669.150
   700:     3669.160     3669.160     3669.160     3669.160     3669.160
   705:     3669.160     3673.160     3674.160     3674.160     3679.150
   710:     3679.160     3706.310     3721.640     3722.350     3722.400
   715:     3722.420     3722.500     3722.600     3722.660     3722.700
   720:     3763.010     3763.010     3763.010     3763.020     3763.020
   725:     3763.020     3763.020     3763.020     3763.020     3767.020
   730:     3767.940     3767.940     3768.020     3768.020     3773.010
   735:     3773.020     3800.060     3813.310     3813.310     3813.310
   740:     3813.320     3813.320     3813.320     3813.320     3813.320
   745:     3813.320     3817.320     3817.470     3818.320     3818.320
   750:     3818.650     3818.700     3818.880     3819.200     3819.260
   755:     3819.300     3819.440     3819.530     3819.750     3819.850
   760:     3823.310     3823.320     3823.730     3823.730     3823.730
   765:     3823.740     3823.740     3823.740     3823.740     3823.740
   770:     3823.740     3825.800     3827.740     3828.740     3828.740
   775:     3829.800     3833.730     3833.740     4115.930     4116.160
   780:     4116.510     4224.100     4224.100     4224.100     4224.110
   785:     4224.110     4224.110     4224.110     4224.110     4224.110
   790:     4228.110     4229.110     4229.110     4234.100     4234.110
   795:     4238.610     4238.610     4238.610     4238.620     4238.620
   800:     4238.620     4238.620     4238.620     4238.620     4242.620
   805:     4243.620     4243.620     4248.610     4248.620     4264.960
   810:     4363.180     4363.180     4363.180     4363.190     4363.190
   815:     4363.190     4363.190     4363.190     4363.190     4367.190
   820:     4368.190     4368.190     4373.180     4373.190     4375.950
   825:     4376.050     4376.110     4376.140     4376.200     4376.290
   830:     4376.520     4382.180     4382.180     4382.180     4382.190
   835:     4382.190     4382.190     4382.190     4382.190     4382.190
   840:     4386.190     4387.190     4387.190     4392.180     4392.190
   845:     4395.850     4395.850     4395.850     4395.860     4395.860
   850:     4395.860     4395.860     4395.860     4395.860     4399.860
   855:     4400.860     4400.860     4405.850     4405.860     4520.860
   860:     4520.860     4520.860     4520.870     4520.870     4520.870
   865:     4520.870     4520.870     4520.870     4524.870     4525.870
   870:     4525.870     4530.860     4530.870     4570.150     4571.010
   875:     4571.090     4571.150     4571.370     4574.840     4581.340
   880:     4581.340     4581.340     4581.350     4581.350     4581.350
   885:     4581.350     4581.350     4581.350     4585.350     4586.350
   890:     4586.350     4591.340     4591.350     4672.790     4672.790
   895:     4672.790     4672.800     4672.800     4672.800     4672.800
   900:     4672.800     4672.800     4676.800     4677.800     4677.800
   905:     4682.790     4682.800     4748.490     4748.640     4748.930
   910:     4748.970     4749.110     4749.400     4749.510     4749.570
   915:     4749.950     4750.090     4764.970     4765.230     4765.270
   920:     4765.920     4770.540     4770.540     4770.540     4770.550
   925:     4770.550     4770.550     4770.550     4770.550     4770.550
   930:     4774.550     4775.220     4775.220     4775.550     4775.550
   935:     4780.540     4780.550     4781.090     4781.090     4781.090
   940:     4781.100     4781.100     4781.100     4781.100     4781.100
   945:     4781.100     4783.430     4783.430     4783.620     4783.620
   950:     4785.100     4786.100     4786.100     4791.090     4791.100
   955:     4960.000     4960.340     4960.830     5037.050     5043.490
   960:     5043.490     5043.490     5043.500     5043.500     5043.500
   965:     5043.500     5043.500     5043.500     5047.210     5047.210
   970:     5047.500     5048.500     5048.500     5053.200     5053.200
   975:     5053.490     5053.500     5079.290     5087.240     5126.960
   980:     5127.290     5127.630     5180.740     5366.790     5366.790
   985:     5366.790     5366.800     5366.800     5366.800     5366.800
   990:     5366.800     5366.800     5370.800     5371.800     5371.800
   995:     5376.790     5376.800     5393.410     5393.410     5393.410
  1000:     5393.420     5393.420     5393.420     5393.420     5393.420
  1005:     5393.420     5397.420     5398.420     5398.420     5403.410
  1010:     5403.420     5406.520     5406.520     5406.520     5406.530
  1015:     5406.530     5406.530     5406.530     5406.530     5406.530
  1020:     5407.690     5410.530     5411.530     5411.530     5416.520
  1025:     5416.530     5438.110     5438.110     5438.110     5438.120
  1030:     5438.120     5438.120     5438.120     5438.120     5438.120
  1035:     5439.440     5439.440     5442.120     5443.120     5443.120
  1040:     5448.110     5448.120     5466.900     5468.530     5519.230
  1045:     5519.230     5519.230     5519.240     5519.240     5519.240
  1050:     5519.240     5519.240     5519.240     5523.240     5524.240
  1055:     5524.240     5529.230     5529.240     5561.630     5561.630
  1060:     5561.630     5561.640     5561.640     5561.640     5561.640
  1065:     5561.640     5561.640     5565.640     5565.870     5565.870
  1070:     5566.640     5566.640     5571.630     5571.640     5579.400
  1075:     5579.400     5579.400     5579.410     5579.410     5579.410
  1080:     5579.410     5579.410     5579.410     5583.410     5584.410
  1085:     5584.410     5589.400     5589.410     5856.790     5856.790
  1090:     5856.790     5856.800     5856.800     5856.800     5856.800
  1095:     5856.800     5856.800     5860.420     5860.800     5861.800
  1100:     5861.800     5866.790     5866.800     5868.530     5872.810
  1105:     6001.050     6001.130     6028.430     6028.430     6028.430
  1110:     6028.440     6028.440     6028.440     6028.440     6028.440
  1115:     6028.440     6032.440     6033.440     6033.440     6038.430
  1120:     6038.440     6040.020     6085.000     6085.000     6085.000
  1125:     6085.010     6085.010     6085.010     6085.010     6085.010
  1130:     6085.010     6089.010     6090.010     6090.010     6095.000
  1135:     6095.010     6326.780     6326.780     6326.780     6326.790
  1140:     6326.790     6326.790     6326.790     6326.790     6326.790
  1145:     6330.790     6331.790     6331.790     6336.780     6336.790
  1150:     6372.410     6372.410     6372.410     6372.420     6372.420
  1155:     6372.420     6372.420     6372.420     6372.420     6376.420
  1160:     6377.420     6377.420     6382.410     6382.420     6423.920
  1165:     6423.920     6423.920     6423.930     6423.930     6423.930
  1170:     6423.930     6423.930     6423.930     6427.930     6428.930
  1175:     6428.930     6433.920     6433.930     6435.410     6584.510
  1180:     6584.510     6584.510     6584.520     6584.520     6584.520
  1185:     6584.520     6584.520     6584.520     6588.520     6589.520
  1190:     6589.520     6594.510     6594.520     6635.080     6635.080
  1195:     6635.080     6635.090     6635.090     6635.090     6635.090
  1200:     6635.090     6635.090     6639.090     6640.090     6640.090
  1205:     6645.080     6645.090     6662.970     6667.050     6715.030
  1210:     7076.590     7116.730     7182.840     7358.790     7372.510
  1215:     7406.830     7410.680     7414.100     7482.820     7482.820
  1220:     7482.820     7482.830     7482.830     7482.830     7482.830
  1225:     7482.830     7482.830     7486.070     7486.070     7486.830
  1230:     7487.830     7487.830     7488.030     7488.030     7488.920
  1235:     7488.920     7489.230     7489.230     7490.530     7490.530
  1240:     7492.170     7492.170     7492.450     7492.450     7492.720
  1245:     7492.720     7492.820     7492.830     7493.540     7493.540
  1250:     7493.540     7493.550     7493.550     7493.550     7493.550
  1255:     7493.550     7493.550     7496.310     7496.310     7497.550
  1260:     7498.550     7498.550     7501.910     7501.910     7503.540
  1265:     7503.550     7505.490     7505.490     7505.490     7505.500
  1270:     7505.500     7505.500     7505.500     7505.500     7505.500
  1275:     7507.270     7507.270     7508.930     7508.930     7509.500
  1280:     7510.500     7510.500     7514.780     7515.420     7515.450
  1285:     7515.490     7515.500     7515.540     7515.830     7515.900
  1290:     7516.000     7516.330     7516.530     7516.840     7516.960
  1295:     7517.770     7518.060     7518.310     7518.390     7518.670
  1300:     7519.030     7519.180     7519.920     7522.470     7522.530
  1305:     7524.190     7524.220     7524.440     7567.070     7569.480
  1310:     7569.700     7569.720     7569.780     7570.580     7582.210
  1315:     7586.220     7590.120     7590.840     7594.050     7594.310
  1320:     7607.610     7607.610     7607.610     7607.620     7607.620
  1325:     7607.620     7607.620     7607.620     7607.620     7609.750
  1330:     7609.750     7611.620     7612.080     7612.080     7612.620
  1335:     7612.620     7613.160     7613.160     7617.260     7617.420
  1340:     7617.610     7617.620     7618.110     7618.150     7618.710
  1345:     7618.800     7618.880     7618.990     7619.130     7619.290
  1350:     7653.470     7657.700     7657.700     7657.700     7657.710
  1355:     7657.710     7657.710     7657.710     7657.710     7657.710
  1360:     7661.710     7662.250     7662.250     7662.710     7662.710
  1365:     7663.630     7663.630     7666.320     7666.320     7667.700
  1370:     7667.710     7709.730     7719.600     7719.600     7719.600
  1375:     7719.610     7719.610     7719.610     7719.610     7719.610
  1380:     7719.610     7721.540     7721.540     7723.610     7724.610
  1385:     7724.610     7729.600     7729.610     7747.790     7747.790
  1390:     7747.790     7747.800     7747.800     7747.800     7747.800
  1395:     7747.800     7747.800     7751.800     7752.390     7752.390
  1400:     7752.800     7752.800     7757.790     7757.800     7773.930
  1405:     7773.930     7773.930     7773.940     7773.940     7773.940
  1410:     7773.940     7773.940     7773.940     7775.740     7777.940
  1415:     7778.940     7778.940     7783.930     7783.940     7813.800
  1420:     7813.800     7813.800     7813.810     7813.810     7813.810
  1425:     7813.810     7813.810     7813.810     7817.810     7818.810
  1430:     7818.810     7823.800     7823.810     7890.770     7890.770
  1435:     7890.770     7890.780     7890.780     7890.780     7890.780
  1440:     7890.780     7890.780     7893.820     7894.780     7895.780
  1445:     7895.780     7900.770     7900.780     7912.470     7982.360
  1450:     7989.790     7989.790     7989.790     7989.800     7989.800
  1455:     7989.800     7989.800     7989.800     7989.800     7993.800
  1460:     7994.800     7994.800     7999.790     7999.800     8024.980
  1465:     8024.980     8024.980     8024.990     8024.990     8024.990
  1470:     8024.990     8024.990     8024.990     8028.270     8028.270
  1475:     8028.990     8029.990     8029.990     8034.980     8034.990
  1480:     8118.530     8118.530     8118.530     8118.540     8118.540
  1485:     8118.540     8118.540     8118.540     8118.540     8122.540
  1490:     8123.540     8123.540     8128.530     8128.540     8263.340
  1495:     8263.340     8263.340     8263.350     8263.350     8263.350
  1500:     8263.350     8263.350     8263.350     8267.350     8268.350
  1505:     8268.350     8268.630     8273.340     8273.350     8336.320
  1510:     8336.320     8336.320     8336.330     8336.330     8336.330
  1515:     8336.330     8336.330     8336.330     8340.330     8341.330
  1520:     8341.330     8344.080     8346.320     8346.330     8361.160
  1525:     8361.160     8361.160     8361.170     8361.170     8361.170
  1530:     8361.170     8361.170     8361.170     8365.170     8366.170
  1535:     8366.170     8371.160     8371.170     8462.690     8462.690
  1540:     8462.690     8462.700     8462.700     8462.700     8462.700
  1545:     8462.700     8462.700     8466.700     8467.700     8467.700
  1550:     8472.690     8472.700     8472.820     8475.430     8475.430
  1555:     8475.430     8475.440     8475.440     8475.440     8475.440
  1560:     8475.440     8475.440     8479.440     8480.350     8480.350
  1565:     8480.440     8480.440     8485.430     8485.440     8487.400
  1570:     8487.400     8487.400     8487.410     8487.410     8487.410
  1575:     8487.410     8487.410     8487.410     8491.410     8492.410
  1580:     8492.410     8497.400     8497.410     8541.620     8541.620
  1585:     8541.620     8541.630     8541.630     8541.630     8541.630
  1590:     8541.630     8541.630     8545.630     8546.630     8546.630
  1595:     8551.620     8551.630     8609.620     8726.030     8766.240
  1600:     8783.330     8783.330     8783.330     8783.340     8783.340
  1605:     8783.340     8783.340     8783.340     8783.340     8786.100
  1610:     8786.100     8787.340     8788.340     8788.340     8792.770
  1615:     8792.770     8793.330     8793.340     8808.230     8808.230
  1620:     8808.230     8808.240     8808.240     8808.240     8808.240
  1625:     8808.240     8808.240     8810.690     8810.810     8812.240
  1630:     8812.330     8813.240     8813.240     8818.230     8818.240
  1635:     8903.190     8903.190     8903.190     8903.200     8903.200
  1640:     8903.200     8903.200     8903.200     8903.200     8907.200
  1645:     8908.200     8908.200     8909.160     8909.160     8913.190
  1650:     8913.200     8921.030     8921.030     8921.030     8921.040
  1655:     8921.040     8921.040     8921.040     8921.040     8921.040
  1660:     8925.040     8926.040     8926.040     8931.030     8931.040
  1665:     9053.470     9053.470     9053.470     9053.480     9053.480
  1670:     9053.480     9053.480     9053.480     9053.480     9057.480
  1675:     9058.480     9058.480     9063.470     9063.480     9225.720
  1680:     9225.720     9225.720     9225.730     9225.730     9225.730
  1685:     9225.730     9225.730     9225.730     9229.730     9230.730
  1690:     9230.730     9235.720     9235.730     9464.900     9567.910
  1695:     9580.890     9649.050     9649.050     9649.050     9649.060
  1700:     9649.060     9649.060     9649.060     9649.060     9649.060
  1705:     9652.390     9652.430     9653.060     9654.060     9654.060
  1710:     9659.050     9659.060     9691.830     9691.830     9691.830
  1715:     9691.840     9691.840     9691.840     9691.840     9691.840
  1720:     9691.840     9695.840     9696.840     9696.840     9701.830
  1725:     9701.840     9727.490     9727.560     9727.700     9727.750
  1730:     9727.890     9728.020     9806.700     9806.700     9806.700
  1735:     9806.710     9806.710     9806.710     9806.710     9806.710
  1740:     9806.710     9810.710     9811.710     9811.710     9815.650
  1745:     9815.650     9816.700     9816.710     9820.750     9820.750
  1750:     9820.750     9820.760     9820.760     9820.760     9820.760
  1755:     9820.760     9820.760     9824.760     9825.760     9825.760
  1760:     9830.750     9830.760     9831.140     9883.120     9883.120
  1765:     9883.120     9883.130     9883.130     9883.130     9883.130
  1770:     9883.130     9883.130     9887.130     9888.130     9888.130
  1775:     9893.120     9893.130     9895.870    10082.210    10082.210
  1780:    10082.210    10082.220    10082.220    10082.220    10082.220
  1785:    10082.220    10082.220    10086.220    10087.220    10087.220
  1790:    10092.210    10092.220    10337.680    10337.680    10337.680
  1795:    10337.690    10337.690    10337.690    10337.690    10337.690
  1800:    10337.690    10341.690    10342.690    10342.690    10347.680
  1805:    10347.690    10356.170    10391.850    10391.850    10391.850
  1810:    10391.860    10391.860    10391.860    10391.860    10391.860
  1815:    10391.860    10393.150    10393.150    10395.860    10396.860
  1820:    10396.860    10401.850    10401.860    10533.720    10533.720
  1825:    10533.720    10533.730    10533.730    10533.730    10533.730
  1830:    10533.730    10533.730    10537.730    10538.730    10538.730
  1835:    10543.720    10543.730    10569.840    10569.840    10569.840
  1840:    10569.850    10569.850    10569.850    10569.850    10569.850
  1845:    10569.850    10573.850    10574.850    10574.850    10579.840
  1850:    10579.850    10588.210    10588.210    10588.210    10588.220
  1855:    10588.220    10588.220    10588.220    10588.220    10588.220
  1860:    10591.200    10592.220    10593.220    10593.220    10593.700
  1865:    10594.180    10594.270    10594.310    10594.410    10594.450
  1870:    10594.780    10595.650    10595.710    10595.750    10596.070
  1875:    10596.170    10596.250    10596.370    10596.390    10596.440
  1880:    10598.210    10598.220    10599.930    10600.020    10600.170
  1885:    10633.140    10641.240    10641.240    10641.240    10641.250
  1890:    10641.250    10641.250    10641.250    10641.250    10641.250
  1895:    10645.250    10646.250    10646.250    10651.240    10651.250
  1900:    10651.260    10651.260    10651.260    10651.270    10651.270
  1905:    10651.270    10651.270    10651.270    10651.270    10655.270
  1910:    10655.700    10655.700    10656.270    10656.270    10661.260
  1915:    10661.270    10661.750    10661.750    10661.750    10661.760
  1920:    10661.760    10661.760    10661.760    10661.760    10661.760
  1925:    10665.760    10666.760    10666.760    10671.750    10671.760
  1930:    10695.980    10697.320    10708.640    10720.850    10723.660
  1935:    10739.760    10739.760    10739.760    10739.770    10739.770
  1940:    10739.770    10739.770    10739.770    10739.770    10743.770
  1945:    10744.770    10744.770    10749.760    10749.770    10768.070
  1950:    10772.570    10772.570    10772.570    10772.580    10772.580
  1955:    10772.580    10772.580    10772.580    10772.580    10776.430
  1960:    10776.430    10776.580    10777.580    10777.580    10782.570
  1965:    10782.580    10800.000
