File: C:\MED-PC\Data\2024-11-04_16h14m_Subject 56.txt


Start Date: 11/04/24
End Date: 11/04/24
Subject: 56
Experiment: OralFentSA
Group: One
Box: 12
Start Time: 16:14:22
End Time: 19:15:40
MSN: 20241014_Golden_Liq_SelfAdmin
F:       0.000
G:    1578.000
H:   10800.000
I:       0.000
J:       0.000
K:       0.000
L:       0.000
M:       0.000
N:       0.000
O:       0.000
P:       0.000
Q:       0.000
R:       0.000
S:       0.000
U:       0.000
V:       0.000
W:       0.000
X:       0.000
Y:       0.000
Z:       0.000
A:
     0:        0.000        0.000      180.000        4.000        0.000
     5:        5.000        0.000        5.000        0.000        0.000
    10:        1.000        0.000       10.000   100000.000       37.000
    15:       11.000      640.000        0.000        0.000        0.000
    20:        0.000
B:
     0:        0.000        0.000        0.000      400.000        0.000
     5:      500.000        0.000      500.000        0.000        0.000
    10:        0.000        0.000     1000.000 10000000.000        0.000
    15:        0.000        0.000        0.000        0.000        0.000
    20:        0.000
C:
     0:       77.000       78.000      115.000       95.000      345.000
     5:    10599.630      198.710       57.000     2920.500       51.237
    10:       95.000      115.000        0.000        0.000        0.000
    15:        0.000        0.000        0.000        0.000        0.000
    20:        0.000
D:
     0:        7.910       10.710       17.010       62.530       13.780
     5:        5.030        2.060       32.630        8.470       19.700
    10:       28.800        5.130      106.630       12.710       50.010
    15:        4.240       23.400       11.500      167.410        2.980
    20:        9.030       33.150        9.850       17.180       96.400
    25:       13.420       55.330       19.480       53.480        6.020
    30:        3.040        4.240       68.110       33.510       74.650
    35:      192.630       66.170       28.010        8.850       13.040
    40:       50.430        1.940       53.680       70.060       18.920
    45:      122.820       61.830      291.850       35.230      419.980
    50:       12.370       14.610       29.180       22.590      112.180
    55:        5.890      198.710
E:
     0:       19.000       11.000       26.000       27.000        6.000
     5:        6.000        6.000        2.000        4.000       22.000
    10:       24.000       12.000       13.000        8.000        5.000
    15:       17.000       18.000       14.000       10.000        6.000
    20:        6.000       19.000       11.000        2.000        4.000
    25:       22.000       24.000       12.000       13.000        8.000
    30:        5.000       17.000       21.000       22.000       18.000
    35:       14.000       10.000       19.000       11.000        6.000
    40:        6.000        6.000        6.000        6.000        6.000
    45:        6.000        6.000        6.000        1.000        1.000
    50:        1.000        1.000        2.000        4.000       22.000
    55:       24.000       12.000       13.000        8.000        5.000
    60:       17.000       18.000       14.000       10.000       19.000
    65:       11.000        2.000        4.000       22.000       24.000
    70:       12.000       13.000        8.000        5.000       17.000
    75:       18.000       14.000       10.000       19.000       11.000
    80:        6.000        6.000        6.000        6.000        6.000
    85:        6.000        6.000        6.000        6.000        6.000
    90:        6.000        6.000        6.000        6.000        6.000
    95:        6.000        6.000        6.000        6.000        6.000
   100:        6.000        6.000        6.000        6.000        6.000
   105:        6.000        6.000        6.000        2.000        4.000
   110:       22.000       24.000       12.000       13.000        8.000
   115:        5.000       17.000       18.000       14.000       10.000
   120:       19.000       11.000        2.000        4.000       22.000
   125:       24.000       12.000       13.000        8.000        5.000
   130:       17.000       18.000       14.000       10.000       19.000
   135:       11.000        6.000        6.000        6.000        6.000
   140:        6.000        6.000        1.000        1.000        1.000
   145:        6.000        6.000        6.000        6.000        6.000
   150:        6.000        6.000        6.000        6.000        6.000
   155:        6.000        6.000        6.000        6.000        2.000
   160:        4.000       22.000       24.000       12.000       13.000
   165:        8.000        5.000       17.000       18.000       14.000
   170:       10.000       19.000       11.000        6.000        6.000
   175:        2.000        4.000       22.000       24.000       12.000
   180:       13.000        8.000        5.000       17.000       18.000
   185:       14.000       10.000       19.000       11.000        1.000
   190:        2.000        4.000       22.000       24.000       12.000
   195:       13.000        8.000        5.000       17.000       18.000
   200:       14.000       10.000       21.000       22.000       21.000
   205:       22.000       19.000       11.000        2.000        4.000
   210:       22.000       24.000       12.000       13.000        8.000
   215:        5.000       17.000       18.000       14.000       10.000
   220:        6.000        6.000        6.000        6.000       19.000
   225:       11.000        6.000        2.000        4.000       22.000
   230:       24.000       12.000       13.000        8.000        5.000
   235:       17.000       18.000       14.000       10.000       19.000
   240:       11.000        2.000        4.000       22.000       24.000
   245:       12.000       13.000        8.000        5.000       17.000
   250:       18.000       14.000       10.000       20.000       19.000
   255:       11.000        1.000        1.000        1.000        2.000
   260:        4.000       22.000       24.000       12.000       13.000
   265:        8.000        5.000       17.000        6.000        6.000
   270:       18.000       14.000       10.000        6.000       19.000
   275:       11.000        2.000        4.000       22.000       24.000
   280:       12.000       13.000        8.000        5.000       17.000
   285:       21.000       22.000       21.000       22.000       18.000
   290:       14.000       10.000       20.000       19.000       11.000
   295:        1.000        2.000        4.000       22.000       24.000
   300:       12.000       13.000        8.000        5.000       17.000
   305:       18.000       14.000       10.000       19.000       11.000
   310:        6.000        2.000        4.000       22.000       24.000
   315:       12.000       13.000        8.000        5.000       17.000
   320:       18.000       14.000       10.000        6.000        6.000
   325:       19.000       11.000        1.000        6.000        6.000
   330:        6.000        6.000        6.000        6.000        6.000
   335:        1.000        6.000        6.000        6.000        6.000
   340:        6.000        2.000        4.000       22.000       24.000
   345:       12.000       13.000        8.000        5.000       17.000
   350:       18.000       14.000       10.000       20.000       19.000
   355:       11.000        1.000        1.000        1.000        1.000
   360:        6.000        6.000        6.000        6.000        6.000
   365:        6.000        6.000        6.000        6.000        6.000
   370:        6.000        1.000        2.000        4.000       22.000
   375:       24.000       12.000       13.000        8.000        5.000
   380:       17.000       21.000       22.000       18.000       14.000
   385:       10.000       19.000       11.000        2.000        4.000
   390:       22.000       24.000       12.000       13.000        8.000
   395:        5.000       17.000       18.000       14.000       10.000
   400:       19.000       11.000        1.000        6.000        6.000
   405:        6.000        6.000        6.000        6.000        6.000
   410:        6.000        6.000        6.000        6.000        6.000
   415:        6.000        6.000        6.000        6.000        6.000
   420:        1.000        6.000        6.000        6.000        6.000
   425:        6.000        6.000        1.000        6.000        6.000
   430:        2.000        4.000       22.000       24.000       12.000
   435:       13.000        8.000        5.000       17.000       18.000
   440:       14.000       10.000        6.000        6.000        6.000
   445:       20.000       19.000       11.000        1.000        6.000
   450:        6.000        6.000        6.000        1.000        6.000
   455:        2.000        4.000       22.000       24.000       12.000
   460:       13.000        8.000        5.000       17.000       18.000
   465:       14.000       10.000       19.000       11.000        2.000
   470:        4.000       22.000       24.000       12.000       13.000
   475:        8.000        5.000       17.000       18.000       14.000
   480:       10.000       19.000       11.000        1.000        1.000
   485:        6.000        6.000        6.000        1.000        2.000
   490:        4.000       22.000       24.000       12.000       13.000
   495:        8.000        5.000       17.000       18.000       14.000
   500:       10.000       19.000       11.000        6.000        6.000
   505:        6.000        6.000        6.000        6.000        6.000
   510:        6.000        6.000        6.000        6.000        6.000
   515:        6.000        6.000        2.000        4.000       22.000
   520:       24.000       12.000       13.000        8.000        5.000
   525:       17.000       18.000       14.000       10.000       19.000
   530:       11.000        6.000        6.000        6.000        6.000
   535:        6.000        6.000        1.000        6.000        6.000
   540:        6.000        1.000        1.000        1.000        1.000
   545:        6.000        6.000        6.000        6.000        2.000
   550:        4.000       22.000       24.000       12.000       13.000
   555:        8.000        5.000       17.000       18.000        6.000
   560:       14.000       10.000        6.000        6.000        6.000
   565:       19.000       11.000        2.000        4.000       22.000
   570:       24.000       12.000       13.000        8.000        5.000
   575:       17.000       18.000       14.000       10.000       19.000
   580:       11.000        1.000        2.000        4.000       22.000
   585:       24.000       12.000       13.000        8.000        5.000
   590:       17.000       18.000       14.000       10.000       19.000
   595:       11.000        6.000        6.000        6.000        6.000
   600:        6.000        1.000        6.000        6.000        6.000
   605:        6.000        2.000        4.000       22.000       24.000
   610:       12.000       13.000        8.000        5.000       17.000
   615:       18.000       14.000       10.000       19.000       11.000
   620:        6.000        1.000        6.000        6.000        6.000
   625:        6.000        6.000        2.000        4.000       22.000
   630:       24.000       12.000       13.000        8.000        5.000
   635:       17.000       18.000       14.000       10.000       19.000
   640:       11.000        1.000        1.000        1.000        6.000
   645:        6.000        6.000        6.000        1.000        6.000
   650:        2.000        4.000       22.000       24.000       12.000
   655:       13.000        8.000        5.000       17.000        6.000
   660:       18.000       14.000       10.000        6.000        6.000
   665:       19.000       11.000        6.000        1.000        6.000
   670:        2.000        4.000       22.000       24.000       12.000
   675:       13.000        8.000        5.000       17.000       18.000
   680:       14.000       10.000        6.000        6.000       19.000
   685:       11.000        1.000        1.000        6.000        6.000
   690:        6.000        6.000        6.000        6.000        6.000
   695:        6.000        2.000        4.000       22.000       24.000
   700:       12.000       13.000        8.000        5.000       17.000
   705:       18.000       14.000       10.000       19.000       11.000
   710:        1.000        6.000        1.000        6.000        2.000
   715:        4.000       22.000       24.000       12.000       13.000
   720:        8.000        5.000       17.000       18.000       14.000
   725:       10.000        6.000       19.000       11.000        1.000
   730:        6.000        6.000        6.000        1.000        1.000
   735:        6.000        6.000        1.000        1.000        2.000
   740:        4.000       22.000       24.000       12.000       13.000
   745:        8.000        5.000       17.000       18.000       14.000
   750:       10.000       21.000       22.000       19.000       11.000
   755:        6.000        1.000        6.000        6.000        1.000
   760:        1.000        6.000        6.000        6.000        6.000
   765:        6.000        1.000        1.000        2.000        4.000
   770:       22.000       24.000       12.000       13.000        8.000
   775:        5.000       17.000       18.000       14.000       10.000
   780:       21.000       22.000       19.000       11.000        6.000
   785:        6.000        1.000        2.000        4.000       22.000
   790:       24.000       12.000       13.000        8.000        5.000
   795:       17.000       18.000       14.000       10.000       19.000
   800:       11.000        6.000        6.000        6.000        2.000
   805:        4.000       22.000       24.000       12.000       13.000
   810:        8.000        5.000       17.000       18.000       14.000
   815:       10.000       19.000       11.000        1.000        2.000
   820:        4.000       22.000       24.000       12.000       13.000
   825:        8.000        5.000       17.000       21.000       22.000
   830:       21.000       22.000       18.000       14.000       10.000
   835:       19.000       11.000        2.000        4.000       22.000
   840:       24.000       12.000       13.000        8.000        5.000
   845:       17.000       21.000       22.000       18.000       14.000
   850:       10.000       19.000       11.000        1.000        1.000
   855:        6.000        6.000        6.000        1.000        6.000
   860:        2.000        4.000       22.000       24.000       12.000
   865:       13.000        8.000        5.000       17.000       18.000
   870:       14.000       10.000       21.000       22.000       19.000
   875:       11.000        6.000        1.000        2.000        4.000
   880:       22.000       24.000       12.000       13.000        8.000
   885:        5.000       17.000       18.000       14.000       10.000
   890:       19.000       11.000        1.000        2.000        4.000
   895:       22.000       24.000       12.000       13.000        8.000
   900:        5.000       17.000       18.000       14.000       10.000
   905:       19.000       11.000        6.000        2.000        4.000
   910:       22.000       24.000       12.000       13.000        8.000
   915:        5.000       17.000       18.000       14.000       10.000
   920:       19.000       11.000        2.000        4.000       22.000
   925:       24.000       12.000       13.000        8.000        5.000
   930:       17.000       18.000       14.000       10.000        6.000
   935:       19.000       11.000        2.000        4.000       22.000
   940:       24.000       12.000       13.000        8.000        5.000
   945:       17.000        6.000       18.000       14.000       10.000
   950:       20.000       19.000       11.000        1.000        1.000
   955:        1.000        2.000        4.000       22.000       24.000
   960:       12.000       13.000        8.000        5.000       17.000
   965:       18.000        6.000       14.000       10.000       19.000
   970:       11.000        6.000        6.000        1.000        6.000
   975:        6.000        6.000        6.000        6.000        1.000
   980:        6.000        6.000        6.000        6.000        6.000
   985:        6.000        6.000        6.000        6.000        6.000
   990:        6.000        6.000        1.000        6.000        6.000
   995:        2.000        4.000       22.000       24.000       12.000
  1000:       13.000        8.000        5.000       17.000       20.000
  1005:       18.000       14.000       10.000       19.000       11.000
  1010:        2.000        4.000       22.000       24.000       12.000
  1015:       13.000        8.000        5.000       17.000       18.000
  1020:       14.000       10.000       19.000       11.000        6.000
  1025:        6.000        6.000        1.000        2.000        4.000
  1030:       22.000       24.000       12.000       13.000        8.000
  1035:        5.000       17.000       18.000       14.000       10.000
  1040:       19.000       11.000        1.000        1.000        2.000
  1045:        4.000       22.000       24.000       12.000       13.000
  1050:        8.000        5.000       17.000       18.000       14.000
  1055:       10.000       19.000       11.000        2.000        4.000
  1060:       22.000       24.000       12.000       13.000        8.000
  1065:        5.000       17.000       18.000       14.000       10.000
  1070:       19.000       11.000        2.000        4.000       22.000
  1075:       24.000       12.000       13.000        8.000        5.000
  1080:       17.000       18.000       14.000       10.000       19.000
  1085:       11.000        6.000        6.000        6.000        6.000
  1090:        2.000        4.000       22.000       24.000       12.000
  1095:       13.000        8.000        5.000       17.000       18.000
  1100:       14.000       10.000       19.000       11.000        1.000
  1105:        6.000        1.000        2.000        4.000       22.000
  1110:       24.000       12.000       13.000        8.000        5.000
  1115:       17.000       21.000       22.000       18.000       14.000
  1120:       10.000       19.000       11.000        1.000        6.000
  1125:        6.000        2.000        4.000       22.000       24.000
  1130:       12.000       13.000        8.000        5.000       17.000
  1135:       18.000       14.000       10.000       19.000       11.000
  1140:        6.000        2.000        4.000       22.000       24.000
  1145:       12.000       13.000        8.000        5.000       17.000
  1150:       21.000       22.000       18.000       14.000       10.000
  1155:       19.000       11.000        6.000        6.000        1.000
  1160:        6.000        6.000        6.000        6.000        6.000
  1165:        6.000        6.000        6.000        6.000        6.000
  1170:        1.000        6.000        6.000        6.000        1.000
  1175:        2.000        4.000       22.000       24.000       12.000
  1180:       13.000        8.000        5.000       17.000       18.000
  1185:       14.000       10.000        6.000       19.000       11.000
  1190:        6.000        2.000        4.000       22.000       24.000
  1195:       12.000       13.000        8.000        5.000       17.000
  1200:       18.000       14.000       10.000       19.000       11.000
  1205:        6.000        6.000        6.000        2.000        4.000
  1210:       22.000       24.000       12.000       13.000        8.000
  1215:        5.000       17.000       18.000       14.000       10.000
  1220:       19.000       11.000        6.000        1.000        6.000
  1225:        6.000        1.000        2.000        4.000       22.000
  1230:       24.000       12.000       13.000        8.000        5.000
  1235:       17.000       20.000       18.000       14.000       10.000
  1240:       19.000       11.000        1.000        1.000        1.000
  1245:        1.000        1.000        1.000        1.000        1.000
  1250:        1.000        1.000        2.000        4.000       22.000
  1255:       24.000       12.000       13.000        8.000        5.000
  1260:       17.000        6.000       18.000       14.000       10.000
  1265:       19.000       11.000        2.000        4.000       22.000
  1270:       24.000       12.000       13.000        8.000        5.000
  1275:       17.000       18.000       14.000       10.000       21.000
  1280:       22.000       19.000       11.000        6.000        6.000
  1285:        6.000        6.000        6.000        2.000        4.000
  1290:       22.000       24.000       12.000       13.000        8.000
  1295:        5.000       17.000       21.000       22.000       18.000
  1300:       14.000       10.000       19.000       11.000        1.000
  1305:        1.000        6.000        6.000        6.000        2.000
  1310:        4.000       22.000       24.000       12.000       13.000
  1315:        8.000        5.000       17.000       18.000       14.000
  1320:       10.000       19.000       11.000        6.000        6.000
  1325:        6.000        2.000        4.000       22.000       24.000
  1330:       12.000       13.000        8.000        5.000       17.000
  1335:       18.000       14.000       10.000       19.000       11.000
  1340:        6.000        6.000        6.000        6.000        6.000
  1345:        1.000        6.000        6.000        2.000        4.000
  1350:       22.000       24.000       12.000       13.000        8.000
  1355:        5.000       17.000       18.000       14.000       10.000
  1360:       19.000       11.000        6.000        6.000        6.000
  1365:        2.000        4.000       22.000       24.000       12.000
  1370:       13.000        8.000        5.000       17.000       18.000
  1375:       14.000       10.000       19.000       11.000        1.000
  1380:        1.000        1.000        1.000        6.000        6.000
  1385:        6.000        1.000        2.000        4.000       22.000
  1390:       24.000       12.000       13.000        8.000        5.000
  1395:       17.000       18.000       14.000       10.000       19.000
  1400:       11.000        6.000        2.000        4.000       22.000
  1405:       24.000       12.000       13.000        8.000        5.000
  1410:       17.000       18.000       14.000       10.000       19.000
  1415:       11.000        1.000        1.000        1.000        6.000
  1420:        6.000        6.000        1.000        6.000        6.000
  1425:        2.000        4.000       22.000       24.000       12.000
  1430:       13.000        8.000        5.000       17.000       18.000
  1435:       14.000       10.000       19.000       11.000        6.000
  1440:        2.000        4.000       22.000       24.000       12.000
  1445:       13.000        8.000        5.000       17.000       18.000
  1450:       14.000       10.000       19.000       11.000        6.000
  1455:        1.000        6.000        6.000        1.000        2.000
  1460:        4.000       22.000       24.000       12.000       13.000
  1465:        8.000        5.000       17.000       18.000       14.000
  1470:       10.000       20.000       19.000       11.000        6.000
  1475:        1.000        6.000        6.000        6.000        6.000
  1480:        2.000        4.000       22.000       24.000       12.000
  1485:       13.000        8.000        5.000       17.000       21.000
  1490:       22.000       18.000       14.000       10.000       21.000
  1495:       22.000       19.000       11.000        2.000        4.000
  1500:       22.000       24.000       12.000       13.000        8.000
  1505:        5.000       17.000       18.000       14.000       10.000
  1510:       19.000       11.000        6.000        6.000        6.000
  1515:        6.000        6.000        6.000        6.000        6.000
  1520:        2.000        4.000       22.000       24.000       12.000
  1525:       13.000        8.000        5.000       17.000       18.000
  1530:       14.000       10.000       19.000       11.000        1.000
  1535:        1.000        6.000        1.000        6.000        6.000
  1540:        6.000        6.000        2.000        4.000       22.000
  1545:       24.000       12.000       13.000        8.000        5.000
  1550:       17.000       18.000       14.000       10.000        6.000
  1555:        6.000        6.000       19.000       11.000        2.000
  1560:        4.000       22.000       24.000       12.000       13.000
  1565:        8.000        5.000       17.000       18.000       14.000
  1570:       10.000       19.000       11.000        1.000        6.000
  1575:        6.000        6.000        6.000      100.000
T:
     0:        0.000        0.000        0.000        0.000       39.640
     5:       42.630       44.620       81.510       81.510       81.510
    10:       81.520       81.520       81.520       81.520       81.520
    15:       81.520       85.520       86.520       86.520       89.430
    20:       91.460       91.510       91.520      191.200      191.200
    25:      191.200      191.210      191.210      191.210      191.210
    30:      191.210      191.210      193.760      193.760      195.210
    35:      196.210      196.210      201.200      201.210      201.920
    40:      202.090      217.190      220.430      232.270      233.920
    45:      237.680      238.270      240.730      250.900      252.160
    50:      256.370      256.560      308.570      308.570      308.570
    55:      308.580      308.580      308.580      308.580      308.580
    60:      308.580      312.580      313.580      313.580      318.570
    65:      318.580      322.050      322.050      322.050      322.060
    70:      322.060      322.060      322.060      322.060      322.060
    75:      326.060      327.060      327.060      332.050      332.060
    80:      339.070      341.350      342.130      346.160      348.290
    85:      349.390      351.090      359.730      361.210      363.290
    90:      554.050      555.830      557.500      558.990      559.110
    95:      559.210      561.760      561.930      563.430      564.630
   100:      565.170      567.050      567.810      573.730      574.080
   105:      574.660      576.700      577.500      594.490      594.490
   110:      594.490      594.500      594.500      594.500      594.500
   115:      594.500      594.500      598.500      599.500      599.500
   120:      604.490      604.500      609.760      609.760      609.760
   125:      609.770      609.770      609.770      609.770      609.770
   130:      609.770      613.770      614.770      614.770      619.760
   135:      619.770      672.300      672.770      674.860      675.160
   140:      675.650      704.520      770.740      773.370      779.780
   145:      786.300      786.580      786.610      792.100      793.400
   150:      793.590      793.890      794.850      797.060      798.570
   155:      859.660      864.370      865.060      867.060      877.600
   160:      877.600      877.600      877.610      877.610      877.610
   165:      877.610      877.610      877.610      881.610      882.610
   170:      882.610      887.600      887.610      891.390      893.530
   175:      905.020      905.020      905.020      905.030      905.030
   180:      905.030      905.030      905.030      905.030      909.030
   185:      910.030      910.030      915.020      915.030      919.540
   190:      945.130      945.130      945.130      945.140      945.140
   195:      945.140      945.140      945.140      945.140      949.140
   200:      950.140      950.140      953.770      953.770      954.840
   205:      954.840      955.130      955.140      956.790      956.790
   210:      956.790      956.800      956.800      956.800      956.800
   215:      956.800      956.800      960.800      961.800      961.800
   220:      961.830      964.350      964.470      966.770      966.790
   225:      966.800     1019.050     1024.790     1024.790     1024.790
   230:     1024.800     1024.800     1024.800     1024.800     1024.800
   235:     1024.800     1028.800     1029.800     1029.800     1034.790
   240:     1034.800     1220.450     1220.450     1220.450     1220.460
   245:     1220.460     1220.460     1220.460     1220.460     1220.460
   250:     1224.460     1225.460     1225.460     1226.500     1230.450
   255:     1230.460     1230.590     1231.450     1234.200     1307.210
   260:     1307.210     1307.210     1307.220     1307.220     1307.220
   265:     1307.220     1307.220     1307.220     1309.280     1309.470
   270:     1311.220     1312.220     1312.220     1315.290     1317.210
   275:     1317.220     1340.860     1340.860     1340.860     1340.870
   280:     1340.870     1340.870     1340.870     1340.870     1340.870
   285:     1340.940     1340.940     1341.530     1341.530     1344.870
   290:     1345.870     1345.870     1346.250     1350.860     1350.870
   295:     1355.920     1386.650     1386.650     1386.650     1386.660
   300:     1386.660     1386.660     1386.660     1386.660     1386.660
   305:     1390.660     1391.660     1391.660     1396.650     1396.660
   310:     1419.290     1441.150     1441.150     1441.150     1441.160
   315:     1441.160     1441.160     1441.160     1441.160     1441.160
   320:     1445.160     1446.160     1446.160     1449.630     1449.790
   325:     1451.150     1451.160     1502.800     1642.440     1643.690
   330:     1647.010     1650.060     1733.590     1733.820     1737.920
   335:     1746.150     1750.100     1752.700     1753.970     1758.050
   340:     1767.790     1793.630     1793.630     1793.630     1793.640
   345:     1793.640     1793.640     1793.640     1793.640     1793.640
   350:     1797.640     1798.640     1798.640     1800.970     1803.630
   355:     1803.640     1809.070     1809.190     1809.460     1810.020
   360:     1813.340     1813.500     1817.700     1817.990     1820.680
   365:     1820.870     1820.900     1915.640     1917.440     1918.000
   370:     1918.260     1960.170     1964.240     1964.240     1964.240
   375:     1964.250     1964.250     1964.250     1964.250     1964.250
   380:     1964.250     1967.800     1967.800     1968.250     1969.250
   385:     1969.250     1974.240     1974.250     2016.540     2016.540
   390:     2016.540     2016.550     2016.550     2016.550     2016.550
   395:     2016.550     2016.550     2020.550     2021.550     2021.550
   400:     2026.540     2026.550     2040.480     2045.350     2046.100
   405:     2046.780     2046.880     2047.110     2047.630     2055.420
   410:     2055.530     2057.180     2057.340     2058.340     2058.540
   415:     2061.780     2105.880     2107.450     2108.230     2110.010
   420:     2183.970     2188.380     2188.740     2189.470     2201.210
   425:     2238.810     2242.940     2248.100     2368.740     2368.870
   430:     2378.040     2378.040     2378.040     2378.050     2378.050
   435:     2378.050     2378.050     2378.050     2378.050     2382.050
   440:     2383.050     2383.050     2383.180     2383.330     2384.110
   445:     2386.900     2388.040     2388.050     2430.390     2451.590
   450:     2466.180     2472.550     2482.990     2487.120     2505.780
   455:     2531.840     2531.840     2531.840     2531.850     2531.850
   460:     2531.850     2531.850     2531.850     2531.850     2535.850
   465:     2536.850     2536.850     2541.840     2541.850     2552.270
   470:     2552.270     2552.270     2552.280     2552.280     2552.280
   475:     2552.280     2552.280     2552.280     2556.280     2557.280
   480:     2557.280     2562.270     2562.280     2568.260     2584.080
   485:     2658.910     2663.310     2663.900     2676.800     2688.600
   490:     2688.600     2688.600     2688.610     2688.610     2688.610
   495:     2688.610     2688.610     2688.610     2692.610     2693.610
   500:     2693.610     2698.600     2698.610     2701.320     2705.880
   505:     2706.090     2706.540     2707.920     2712.970     2713.570
   510:     2715.110     2716.420     2716.710     2718.280     2718.360
   515:     2719.030     2720.980     2742.030     2742.030     2742.030
   520:     2742.040     2742.040     2742.040     2742.040     2742.040
   525:     2742.040     2746.040     2747.040     2747.040     2752.030
   530:     2752.040     2792.050     2796.370     2797.350     2824.230
   535:     2828.760     2828.860     2891.420     2913.240     2913.750
   540:     2920.670     2923.890     2928.780     2932.450     2992.060
   545:     3003.430     3004.180     3008.330     3008.390     3031.920
   550:     3031.920     3031.920     3031.930     3031.930     3031.930
   555:     3031.930     3031.930     3031.930     3035.930     3036.170
   560:     3036.930     3036.930     3037.430     3037.780     3038.640
   565:     3041.920     3041.930     3043.840     3043.840     3043.840
   570:     3043.850     3043.850     3043.850     3043.850     3043.850
   575:     3043.850     3047.850     3048.850     3048.850     3053.840
   580:     3053.850     3054.370     3058.360     3058.360     3058.360
   585:     3058.370     3058.370     3058.370     3058.370     3058.370
   590:     3058.370     3062.370     3063.370     3063.370     3068.360
   595:     3068.370     3081.770     3081.830     3082.000     3082.850
   600:     3082.950     3091.370     3095.120     3095.350     3113.850
   605:     3113.960     3127.040     3127.040     3127.040     3127.050
   610:     3127.050     3127.050     3127.050     3127.050     3127.050
   615:     3131.050     3132.050     3132.050     3137.040     3137.050
   620:     3138.550     3146.880     3241.240     3241.270     3241.420
   625:     3241.450     3253.040     3268.070     3268.070     3268.070
   630:     3268.080     3268.080     3268.080     3268.080     3268.080
   635:     3268.080     3272.080     3273.080     3273.080     3278.070
   640:     3278.080     3284.680     3329.370     3426.750     3435.490
   645:     3460.630     3460.940     3462.210     3466.100     3507.300
   650:     3513.240     3513.240     3513.240     3513.250     3513.250
   655:     3513.250     3513.250     3513.250     3513.250     3516.230
   660:     3517.250     3518.250     3518.250     3519.990     3521.450
   665:     3523.240     3523.250     3524.200     3529.680     3563.660
   670:     3583.340     3583.340     3583.340     3583.350     3583.350
   675:     3583.350     3583.350     3583.350     3583.350     3587.350
   680:     3588.350     3588.350     3592.380     3592.730     3593.340
   685:     3593.350     3600.140     3603.210     3607.150     3629.790
   690:     3655.930     3657.850     3658.780     3673.860     3684.720
   695:     3686.870     3697.070     3697.070     3697.070     3697.080
   700:     3697.080     3697.080     3697.080     3697.080     3697.080
   705:     3701.080     3702.080     3702.080     3707.070     3707.080
   710:     3717.040     3730.230     3747.950     3755.950     3807.380
   715:     3807.380     3807.380     3807.390     3807.390     3807.390
   720:     3807.390     3807.390     3807.390     3811.390     3812.390
   725:     3812.390     3817.240     3817.380     3817.390     3821.610
   730:     3935.780     3939.030     3940.320     3944.800     3946.520
   735:     3949.680     3993.620     4015.240     4018.080     4053.710
   740:     4053.710     4053.710     4053.720     4053.720     4053.720
   745:     4053.720     4053.720     4053.720     4057.720     4058.720
   750:     4058.720     4061.310     4061.310     4063.710     4063.720
   755:     4070.900     4076.760     4109.770     4111.770     4126.910
   760:     4138.680     4151.260     4200.380     4200.660     4204.290
   765:     4204.470     4287.150     4299.290     4308.220     4308.220
   770:     4308.220     4308.230     4308.230     4308.230     4308.230
   775:     4308.230     4308.230     4312.230     4313.230     4313.230
   780:     4313.600     4313.600     4318.220     4318.230     4404.630
   785:     4404.680     4410.650     4441.880     4441.880     4441.880
   790:     4441.890     4441.890     4441.890     4441.890     4441.890
   795:     4441.890     4445.890     4446.890     4446.890     4451.880
   800:     4451.890     4455.310     4455.520     4456.140     4489.340
   805:     4489.340     4489.340     4489.350     4489.350     4489.350
   810:     4489.350     4489.350     4489.350     4493.350     4494.350
   815:     4494.350     4499.340     4499.350     4542.330     4551.500
   820:     4551.500     4551.500     4551.510     4551.510     4551.510
   825:     4551.510     4551.510     4551.510     4552.790     4552.790
   830:     4553.770     4553.770     4555.510     4556.510     4556.510
   835:     4561.500     4561.510     4565.740     4565.740     4565.740
   840:     4565.750     4565.750     4565.750     4565.750     4565.750
   845:     4565.750     4566.310     4566.310     4569.750     4570.750
   850:     4570.750     4575.740     4575.750     4579.100     4580.360
   855:     4621.080     4621.840     4622.920     4640.660     4687.050
   860:     4733.310     4733.310     4733.310     4733.320     4733.320
   865:     4733.320     4733.320     4733.320     4733.320     4737.320
   870:     4738.320     4738.320     4738.460     4738.460     4743.310
   875:     4743.320     4752.800     4768.100     4822.430     4822.430
   880:     4822.430     4822.440     4822.440     4822.440     4822.440
   885:     4822.440     4822.440     4826.440     4827.440     4827.440
   890:     4832.430     4832.440     4875.600     4881.660     4881.660
   895:     4881.660     4881.670     4881.670     4881.670     4881.670
   900:     4881.670     4881.670     4885.670     4886.670     4886.670
   905:     4891.660     4891.670     4935.150     4952.490     4952.490
   910:     4952.490     4952.500     4952.500     4952.500     4952.500
   915:     4952.500     4952.500     4956.500     4957.500     4957.500
   920:     4962.490     4962.500     4977.620     4977.620     4977.620
   925:     4977.630     4977.630     4977.630     4977.630     4977.630
   930:     4977.630     4981.630     4982.630     4982.630     4983.650
   935:     4987.620     4987.630     5003.760     5003.760     5003.760
   940:     5003.770     5003.770     5003.770     5003.770     5003.770
   945:     5003.770     5006.810     5007.770     5008.770     5008.770
   950:     5011.960     5013.760     5013.770     5105.620     5106.630
   955:     5106.900     5119.060     5119.060     5119.060     5119.070
   960:     5119.070     5119.070     5119.070     5119.070     5119.070
   965:     5123.070     5123.310     5124.070     5124.070     5129.060
   970:     5129.070     5144.840     5291.550     5345.280     5352.790
   975:     5354.980     5355.930     5356.930     5357.040     5382.280
   980:     5433.240     5433.600     5433.980     5434.210     5439.240
   985:     5444.220     5476.340     5476.640     5477.440     5477.660
   990:     5478.360     5478.840     5505.230     5508.610     5508.790
   995:     5583.980     5583.980     5583.980     5583.990     5583.990
  1000:     5583.990     5583.990     5583.990     5583.990     5586.870
  1005:     5587.990     5588.990     5588.990     5593.980     5593.990
  1010:     5674.050     5674.050     5674.050     5674.060     5674.060
  1015:     5674.060     5674.060     5674.060     5674.060     5678.060
  1020:     5679.060     5679.060     5684.050     5684.060     5742.170
  1025:     5746.070     5763.150     5771.070     5810.400     5810.400
  1030:     5810.400     5810.410     5810.410     5810.410     5810.410
  1035:     5810.410     5810.410     5814.410     5815.410     5815.410
  1040:     5820.400     5820.410     5831.770     5832.870     5890.640
  1045:     5890.640     5890.640     5890.650     5890.650     5890.650
  1050:     5890.650     5890.650     5890.650     5894.650     5895.650
  1055:     5895.650     5900.640     5900.650     5918.000     5918.000
  1060:     5918.000     5918.010     5918.010     5918.010     5918.010
  1065:     5918.010     5918.010     5922.010     5923.010     5923.010
  1070:     5928.000     5928.010     6005.600     6005.600     6005.600
  1075:     6005.610     6005.610     6005.610     6005.610     6005.610
  1080:     6005.610     6009.610     6010.610     6010.610     6015.600
  1085:     6015.610     6039.120     6048.010     6054.280     6055.610
  1090:     6076.680     6076.680     6076.680     6076.690     6076.690
  1095:     6076.690     6076.690     6076.690     6076.690     6080.690
  1100:     6081.690     6081.690     6086.680     6086.690     6087.300
  1105:     6151.340     6163.330     6200.940     6200.940     6200.940
  1110:     6200.950     6200.950     6200.950     6200.950     6200.950
  1115:     6200.950     6203.860     6203.860     6204.950     6205.950
  1120:     6205.950     6210.940     6210.950     6344.940     6393.580
  1125:     6393.670     6431.590     6431.590     6431.590     6431.600
  1130:     6431.600     6431.600     6431.600     6431.600     6431.600
  1135:     6435.600     6436.600     6436.600     6441.590     6441.600
  1140:     6497.770     6541.220     6541.220     6541.220     6541.230
  1145:     6541.230     6541.230     6541.230     6541.230     6541.230
  1150:     6544.170     6544.170     6545.230     6546.230     6546.230
  1155:     6551.220     6551.230     6569.240     6569.380     6643.510
  1160:     6658.990     6659.120     6659.210     6659.490     6660.190
  1165:     6660.310     6662.910     6663.720     6664.460     6738.730
  1170:     6750.010     6810.830     6810.950     6815.070     6844.170
  1175:     6896.380     6896.380     6896.380     6896.390     6896.390
  1180:     6896.390     6896.390     6896.390     6896.390     6900.390
  1185:     6901.390     6901.390     6905.240     6906.380     6906.390
  1190:     7059.730     7124.670     7124.670     7124.670     7124.680
  1195:     7124.680     7124.680     7124.680     7124.680     7124.680
  1200:     7128.680     7129.680     7129.680     7134.670     7134.680
  1205:     7137.720     7140.030     7140.170     7187.060     7187.060
  1210:     7187.060     7187.070     7187.070     7187.070     7187.070
  1215:     7187.070     7187.070     7191.070     7192.070     7192.070
  1220:     7197.060     7197.070     7237.500     7370.050     7389.150
  1225:     7392.270     7421.250     7437.430     7437.430     7437.430
  1230:     7437.440     7437.440     7437.440     7437.440     7437.440
  1235:     7437.440     7440.800     7441.440     7442.440     7442.440
  1240:     7447.430     7447.440     7670.370     7784.170     7784.600
  1245:     7796.230     7798.990     7801.390     7805.430     7806.480
  1250:     7807.480     7807.780     7833.060     7833.060     7833.060
  1255:     7833.070     7833.070     7833.070     7833.070     7833.070
  1260:     7833.070     7835.010     7837.070     7838.070     7838.070
  1265:     7843.060     7843.070     7929.290     7929.290     7929.290
  1270:     7929.300     7929.300     7929.300     7929.300     7929.300
  1275:     7929.300     7933.300     7934.300     7934.300     7937.720
  1280:     7937.720     7939.290     7939.300     7982.980     7983.200
  1285:     7983.340     7983.760     7983.840     7994.590     7994.590
  1290:     7994.590     7994.600     7994.600     7994.600     7994.600
  1295:     7994.600     7994.600     7996.390     7996.390     7998.600
  1300:     7999.600     7999.600     8004.590     8004.600     8017.210
  1305:     8060.640     8064.660     8064.920     8082.590     8120.970
  1310:     8120.970     8120.970     8120.980     8120.980     8120.980
  1315:     8120.980     8120.980     8120.980     8124.980     8125.980
  1320:     8125.980     8130.970     8130.980     8139.900     8143.060
  1325:     8143.330     8322.910     8322.910     8322.910     8322.920
  1330:     8322.920     8322.920     8322.920     8322.920     8322.920
  1335:     8326.920     8327.920     8327.920     8332.910     8332.920
  1340:     8445.740     8445.970     8482.040     8483.690     8484.600
  1345:     8507.920     8532.430     8532.800     8559.220     8559.220
  1350:     8559.220     8559.230     8559.230     8559.230     8559.230
  1355:     8559.230     8559.230     8563.230     8564.230     8564.230
  1360:     8569.220     8569.230     8621.060     8621.670     8624.400
  1365:     8658.840     8658.840     8658.840     8658.850     8658.850
  1370:     8658.850     8658.850     8658.850     8658.850     8662.850
  1375:     8663.850     8663.850     8668.840     8668.850     8692.040
  1380:     8734.980     8736.770     8922.200     8950.700     8950.860
  1385:     8951.050     8956.850     8975.570     8975.570     8975.570
  1390:     8975.580     8975.580     8975.580     8975.580     8975.580
  1395:     8975.580     8979.580     8980.580     8980.580     8985.570
  1400:     8985.580     9010.810     9177.170     9177.170     9177.170
  1405:     9177.180     9177.180     9177.180     9177.180     9177.180
  1410:     9177.180     9181.180     9182.180     9182.180     9187.170
  1415:     9187.180     9382.110     9384.250     9385.480     9597.160
  1420:     9599.920     9616.360     9695.800     9727.320     9727.430
  1425:     9732.790     9732.790     9732.790     9732.800     9732.800
  1430:     9732.800     9732.800     9732.800     9732.800     9736.800
  1435:     9737.800     9737.800     9742.790     9742.800     9745.170
  1440:     9801.110     9801.110     9801.110     9801.120     9801.120
  1445:     9801.120     9801.120     9801.120     9801.120     9805.120
  1450:     9806.120     9806.120     9811.110     9811.120     9815.730
  1455:     9846.040     9868.800     9868.910     9884.700     9887.080
  1460:     9887.080     9887.080     9887.090     9887.090     9887.090
  1465:     9887.090     9887.090     9887.090     9891.090     9892.090
  1470:     9892.090     9894.310     9897.080     9897.090     9916.270
  1475:     9964.410    10019.390    10024.180    10024.220    10033.050
  1480:    10083.570    10083.570    10083.570    10083.580    10083.580
  1485:    10083.580    10083.580    10083.580    10083.580    10083.700
  1490:    10083.700    10087.580    10088.580    10088.580    10090.150
  1495:    10090.150    10093.570    10093.580    10096.650    10096.650
  1500:    10096.650    10096.660    10096.660    10096.660    10096.660
  1505:    10096.660    10096.660    10100.660    10101.660    10101.660
  1510:    10106.650    10106.660    10119.250    10126.500    10126.700
  1515:    10126.900    10128.510    10128.780    10210.800    10210.900
  1520:    10230.230    10230.230    10230.230    10230.240    10230.240
  1525:    10230.240    10230.240    10230.240    10230.240    10234.240
  1530:    10235.240    10235.240    10240.230    10240.240    10272.320
  1535:    10273.750    10342.420    10352.280    10419.850    10419.950
  1540:    10422.560    10443.180    10522.110    10522.110    10522.110
  1545:    10522.120    10522.120    10522.120    10522.120    10522.120
  1550:    10522.120    10526.120    10527.120    10527.120    10528.010
  1555:    10528.060    10528.340    10532.110    10532.120    10599.620
  1560:    10599.620    10599.620    10599.630    10599.630    10599.630
  1565:    10599.630    10599.630    10599.630    10603.630    10604.630
  1570:    10604.630    10609.620    10609.630    10677.270    10798.340
  1575:    10798.460    10798.780    10798.940    10800.000
