File: C:\MED-PC\Data\2024-10-21_09h58m_Subject 40.txt


Start Date: 10/21/24
End Date: 10/21/24
Subject: 40
Experiment: OralFentSA
Group: One
Box: 8
Start Time: 09:58:01
End Time: 12:58:26
MSN: 20241014_Golden_Liq_SelfAdmin
F:       0.000
G:    1095.000
H:   10800.000
I:       0.000
J:       0.000
K:       0.000
L:       0.000
M:       0.000
N:       0.000
O:       0.000
P:       0.000
Q:       0.000
R:       0.000
S:       0.000
U:       0.000
V:       0.000
W:       0.000
X:       0.000
Y:       0.000
Z:       0.000
A:
     0:        0.000        0.000      180.000        4.000        0.000
     5:        5.000        0.000        5.000        0.000        0.000
    10:        1.000        0.000       10.000      600.000       19.100
    15:        1.000      640.000        0.000        0.000        0.000
    20:        0.000
B:
     0:        0.000        0.000        0.000      400.000        0.000
     5:      500.000        0.000      500.000        0.000        0.000
    10:        0.000        0.000     1000.000    60000.000        0.000
    15:        0.000        0.000        0.000        0.000        0.000
    20:        0.000
C:
     0:       40.000       41.000       25.000       47.000      492.000
     5:    10545.920       11.370       18.000     1946.950      108.164
    10:       47.000       25.000       10.000        0.000        0.000
    15:        0.000        0.000        0.000        0.000        0.000
    20:        0.000
D:
     0:       29.040      121.370       42.920       18.170       14.450
     5:      121.860       57.600       16.150      255.610       16.380
    10:      321.990        8.720       17.530       65.270      435.840
    15:       21.690      370.990       11.370
E:
     0:       19.000       11.000       26.000       27.000        1.000
     5:        1.000        1.000        1.000        6.000        6.000
    10:        6.000        6.000        6.000        6.000        6.000
    15:        6.000        1.000       25.000       24.000       12.000
    20:       13.000        8.000        5.000       17.000       18.000
    25:       14.000       10.000       19.000       11.000        1.000
    30:        2.000        4.000       22.000       24.000       12.000
    35:       13.000        8.000        5.000       17.000       18.000
    40:       14.000       10.000       21.000       22.000       19.000
    45:       11.000        2.000        4.000       22.000       24.000
    50:       12.000       13.000        8.000        5.000       17.000
    55:       18.000       14.000       10.000       19.000       11.000
    60:        6.000        6.000        2.000        4.000       22.000
    65:       24.000       12.000       13.000        8.000        5.000
    70:       17.000       18.000       14.000       10.000       21.000
    75:       22.000       21.000       22.000       21.000       22.000
    80:       19.000       11.000        1.000        1.000        2.000
    85:        4.000       22.000       24.000       12.000       13.000
    90:        8.000        5.000       17.000       21.000       22.000
    95:       21.000       22.000       21.000       22.000       18.000
   100:       14.000       10.000       19.000       11.000        1.000
   105:        6.000        6.000        6.000        6.000        6.000
   110:        1.000        1.000        2.000        4.000       22.000
   115:       24.000       12.000       13.000        8.000        5.000
   120:       17.000       18.000       14.000       10.000       19.000
   125:       11.000        6.000        6.000        6.000        6.000
   130:        2.000        4.000       22.000       24.000       12.000
   135:       13.000        8.000        5.000       17.000       18.000
   140:       14.000       10.000       19.000       11.000        2.000
   145:        4.000       22.000       24.000       12.000       13.000
   150:        8.000        5.000       17.000       18.000       14.000
   155:       10.000       19.000       11.000        6.000        2.000
   160:        4.000       22.000       24.000       12.000       13.000
   165:        8.000        5.000       17.000       18.000       14.000
   170:       10.000       19.000       11.000        2.000        4.000
   175:       22.000       24.000       12.000       13.000        8.000
   180:        5.000       17.000       18.000       14.000       10.000
   185:       19.000       11.000        2.000        4.000       22.000
   190:       24.000       12.000       13.000        8.000        5.000
   195:       17.000       21.000       22.000       18.000       14.000
   200:       10.000       21.000       22.000       19.000       11.000
   205:        6.000        6.000        2.000        4.000       22.000
   210:       24.000       12.000       13.000        8.000        5.000
   215:       17.000       18.000       14.000       10.000       19.000
   220:       11.000        1.000        2.000        4.000       22.000
   225:       24.000       12.000       13.000        8.000        5.000
   230:       17.000       21.000       22.000       21.000       22.000
   235:       18.000       14.000       10.000       19.000       11.000
   240:        2.000        4.000       22.000       24.000       12.000
   245:       13.000        8.000        5.000       17.000       18.000
   250:       14.000       10.000       19.000       11.000        6.000
   255:        6.000        6.000        6.000        6.000        6.000
   260:        6.000        1.000        1.000        2.000        4.000
   265:       22.000       24.000       12.000       13.000        8.000
   270:        5.000       17.000       18.000       14.000       10.000
   275:       19.000       11.000        6.000        6.000        6.000
   280:        1.000        2.000        4.000       22.000       24.000
   285:       12.000       13.000        8.000        5.000       17.000
   290:       18.000       14.000       10.000       19.000       11.000
   295:        2.000        4.000       22.000       24.000       12.000
   300:       13.000        8.000        5.000       17.000       18.000
   305:       14.000       10.000       19.000       11.000        1.000
   310:        2.000        4.000       22.000       24.000       12.000
   315:       13.000        8.000        5.000       17.000       18.000
   320:       14.000       10.000       19.000       11.000        2.000
   325:        4.000       22.000       24.000       12.000       13.000
   330:        8.000        5.000       17.000       18.000       14.000
   335:       10.000       21.000       22.000       21.000       22.000
   340:       19.000       11.000        2.000        4.000       22.000
   345:       24.000       12.000       13.000        8.000        5.000
   350:       17.000       18.000       14.000       10.000       19.000
   355:       11.000        6.000        6.000        6.000        6.000
   360:        6.000        6.000        6.000        6.000        6.000
   365:        6.000        6.000        6.000        6.000        6.000
   370:        6.000        6.000        6.000        6.000        1.000
   375:        1.000        1.000        2.000        4.000       22.000
   380:       24.000       12.000       13.000        8.000        5.000
   385:       17.000       21.000       22.000       18.000       14.000
   390:       10.000       19.000       11.000        6.000        6.000
   395:        6.000        6.000        6.000        6.000        2.000
   400:        4.000       22.000       24.000       12.000       13.000
   405:        8.000        5.000       17.000       18.000       14.000
   410:       10.000       19.000       11.000        6.000        6.000
   415:        6.000        6.000        6.000        6.000        6.000
   420:        6.000        6.000        6.000        6.000        6.000
   425:        6.000        6.000        6.000        2.000        4.000
   430:       22.000       24.000       12.000       13.000        8.000
   435:        5.000       17.000       18.000       14.000       10.000
   440:       19.000       11.000       25.000       24.000       12.000
   445:       13.000        8.000        5.000       17.000       18.000
   450:       14.000       10.000       19.000       11.000       25.000
   455:       24.000       12.000       13.000        8.000        5.000
   460:       17.000       18.000       14.000       10.000       19.000
   465:       11.000       25.000       24.000       12.000       13.000
   470:        8.000        5.000       17.000       18.000       14.000
   475:       10.000       19.000       11.000       25.000       24.000
   480:       12.000       13.000        8.000        5.000       17.000
   485:       18.000       14.000       10.000       19.000       11.000
   490:        6.000        6.000        6.000        2.000        4.000
   495:       22.000       24.000       12.000       13.000        8.000
   500:        5.000       17.000       18.000       14.000       10.000
   505:       19.000       11.000        1.000        1.000        2.000
   510:        4.000       22.000       24.000       12.000       13.000
   515:        8.000        5.000       17.000       21.000       22.000
   520:       18.000       14.000       10.000       19.000       11.000
   525:        1.000        1.000        1.000        2.000        4.000
   530:       22.000       24.000       12.000       13.000        8.000
   535:        5.000       17.000       18.000       14.000       10.000
   540:       19.000       11.000        2.000        4.000       22.000
   545:       24.000       12.000       13.000        8.000        5.000
   550:       17.000       21.000       22.000       18.000       14.000
   555:       10.000       19.000       11.000        2.000        4.000
   560:       22.000       24.000       12.000       13.000        8.000
   565:        5.000       17.000       18.000       14.000       10.000
   570:        6.000        6.000       19.000       11.000        6.000
   575:        6.000        6.000        6.000        6.000        6.000
   580:        6.000        6.000        6.000        6.000        6.000
   585:        6.000        6.000        6.000        6.000        6.000
   590:        6.000        6.000        6.000        6.000        6.000
   595:        6.000        6.000        2.000        4.000       22.000
   600:       24.000       12.000       13.000        8.000        5.000
   605:       17.000       18.000       21.000       22.000       14.000
   610:       10.000       19.000       11.000        6.000        6.000
   615:        6.000        6.000        6.000        6.000        6.000
   620:        6.000        6.000        6.000        6.000        6.000
   625:        6.000        6.000        6.000        6.000        6.000
   630:        6.000        6.000        6.000        6.000        6.000
   635:        6.000        6.000        6.000        6.000        6.000
   640:        6.000        6.000        6.000        6.000        6.000
   645:        6.000        6.000        6.000        6.000        6.000
   650:        6.000        6.000        6.000        6.000        2.000
   655:        4.000       22.000       24.000       12.000       13.000
   660:        8.000        5.000       17.000       18.000       14.000
   665:       10.000       19.000       11.000        6.000        6.000
   670:        6.000        6.000        6.000        6.000        6.000
   675:        6.000        2.000        4.000       22.000       24.000
   680:       12.000       13.000        8.000        5.000       17.000
   685:       18.000       14.000       10.000       19.000       11.000
   690:       25.000       24.000       12.000       13.000        8.000
   695:        5.000       17.000       18.000       14.000       10.000
   700:       19.000       11.000        1.000        6.000        6.000
   705:        6.000        6.000        6.000        6.000        6.000
   710:        6.000        6.000        6.000        6.000        6.000
   715:        6.000        6.000        6.000        6.000        6.000
   720:        6.000        6.000        6.000        6.000        6.000
   725:        6.000        6.000        6.000        6.000        6.000
   730:        6.000        6.000        6.000        6.000        6.000
   735:        6.000       25.000       24.000       12.000       13.000
   740:        8.000        5.000       17.000       18.000       14.000
   745:       10.000       19.000       11.000        6.000        6.000
   750:        6.000        6.000        6.000        6.000        6.000
   755:        6.000        6.000        6.000        6.000        6.000
   760:        6.000        6.000        6.000        6.000        6.000
   765:        6.000        6.000        6.000        6.000        6.000
   770:        6.000        6.000        6.000        6.000        6.000
   775:        6.000        6.000        6.000        6.000        6.000
   780:        6.000        6.000        6.000        6.000        6.000
   785:        6.000        6.000        6.000        6.000        6.000
   790:        6.000        6.000        6.000        6.000        6.000
   795:        6.000        6.000        6.000        6.000        6.000
   800:        6.000        6.000        6.000        6.000        6.000
   805:        6.000        6.000        6.000        6.000        6.000
   810:        6.000        6.000        6.000        6.000        6.000
   815:        6.000        6.000        6.000        6.000        6.000
   820:        6.000        6.000        6.000        6.000        6.000
   825:        6.000        6.000        6.000        6.000        6.000
   830:        6.000        6.000        6.000        6.000        6.000
   835:        6.000        6.000        6.000        6.000        6.000
   840:        6.000        6.000        6.000        6.000        6.000
   845:        6.000        6.000        6.000        6.000        6.000
   850:        6.000        6.000        6.000        6.000        6.000
   855:        6.000        6.000        6.000        6.000        6.000
   860:        6.000        6.000        6.000        6.000        6.000
   865:        6.000        6.000        6.000        6.000        6.000
   870:        6.000        6.000        6.000        6.000        6.000
   875:        6.000        6.000        6.000        6.000        6.000
   880:        6.000        6.000        6.000        6.000        6.000
   885:        6.000        6.000        6.000        6.000        6.000
   890:        6.000        6.000        6.000        6.000        6.000
   895:        6.000        6.000        6.000        6.000        6.000
   900:        6.000        6.000        6.000        6.000        6.000
   905:        6.000        6.000        6.000        6.000        6.000
   910:        6.000        6.000        6.000        6.000        6.000
   915:        6.000       25.000       24.000       12.000       13.000
   920:        8.000        5.000       17.000       18.000       14.000
   925:       10.000       19.000       11.000       25.000       24.000
   930:       12.000       13.000        8.000        5.000       17.000
   935:       18.000       14.000       10.000       19.000       11.000
   940:        6.000        6.000        6.000        6.000        6.000
   945:        6.000        6.000        6.000        6.000        6.000
   950:        6.000        6.000        6.000        6.000        6.000
   955:        6.000        6.000        6.000        6.000        6.000
   960:        6.000        6.000        6.000        6.000        6.000
   965:        6.000        6.000        6.000        6.000        6.000
   970:        6.000        6.000        6.000        6.000        6.000
   975:        6.000        6.000        6.000        6.000        6.000
   980:        6.000        6.000        6.000        6.000        6.000
   985:        6.000        6.000       25.000       24.000       12.000
   990:       13.000        8.000        5.000       17.000       18.000
   995:       14.000       10.000       19.000       11.000        6.000
  1000:        6.000        6.000        6.000        6.000        6.000
  1005:        6.000        6.000        6.000        6.000        6.000
  1010:        6.000        6.000        6.000        6.000        6.000
  1015:        6.000        6.000        6.000        6.000        6.000
  1020:        6.000        6.000        6.000        6.000        6.000
  1025:        6.000        6.000        6.000        6.000        6.000
  1030:        6.000        6.000        6.000        6.000        6.000
  1035:        6.000        6.000        6.000        6.000        6.000
  1040:        6.000        6.000        6.000        6.000        6.000
  1045:        6.000        6.000        6.000        6.000        6.000
  1050:        6.000        6.000        6.000        6.000        6.000
  1055:        6.000        6.000        6.000        6.000        6.000
  1060:        6.000        6.000        6.000        6.000        6.000
  1065:        6.000        6.000        6.000        6.000        6.000
  1070:        6.000        6.000        6.000        6.000        6.000
  1075:        6.000        6.000        6.000        6.000        6.000
  1080:        6.000        6.000        6.000        6.000        6.000
  1085:        6.000        6.000        6.000        6.000        6.000
  1090:        6.000        6.000        6.000        6.000        6.000
  1095:      100.000
T:
     0:        0.000        0.000        0.000        0.000        5.100
     5:        7.470       11.260       16.000       26.300       26.500
    10:       28.730       39.630      131.090      411.420      411.580
    15:      411.750      595.890      599.990      600.000      600.000
    20:      600.000      600.000      600.000      600.000      604.000
    25:      605.000      605.000      609.990      610.000      618.070
    30:      629.140      629.140      629.140      629.150      629.150
    35:      629.150      629.150      629.150      629.150      633.150
    40:      634.150      634.150      636.900      636.900      639.140
    45:      639.150      639.680      639.680      639.680      639.690
    50:      639.690      639.690      639.690      639.690      639.690
    55:      643.690      644.690      644.690      649.680      649.690
    60:      668.730      668.850      700.020      700.020      700.020
    65:      700.030      700.030      700.030      700.030      700.030
    70:      700.030      704.030      705.030      705.030      707.150
    75:      707.150      707.230      707.230      708.520      708.520
    80:      710.020      710.030      717.610      760.780     1011.030
    85:     1011.030     1011.030     1011.040     1011.040     1011.040
    90:     1011.040     1011.040     1011.040     1012.960     1012.960
    95:     1014.040     1014.040     1014.600     1014.600     1015.040
   100:     1016.040     1016.040     1021.030     1021.040     1101.930
   105:     1132.410     1132.910     1133.110     1133.160     1136.010
   110:     1166.870     1176.270     1217.910     1217.910     1217.910
   115:     1217.920     1217.920     1217.920     1217.920     1217.920
   120:     1217.920     1221.920     1222.920     1222.920     1227.910
   125:     1227.920     1260.840     1263.230     1271.550     1272.950
   130:     1293.140     1293.140     1293.140     1293.150     1293.150
   135:     1293.150     1293.150     1293.150     1293.150     1297.150
   140:     1298.150     1298.150     1303.140     1303.150     1556.880
   145:     1556.880     1556.880     1556.890     1556.890     1556.890
   150:     1556.890     1556.890     1556.890     1560.890     1561.890
   155:     1561.890     1566.880     1566.890     1575.060     1610.180
   160:     1610.180     1610.180     1610.190     1610.190     1610.190
   165:     1610.190     1610.190     1610.190     1614.190     1615.190
   170:     1615.190     1620.180     1620.190     1622.550     1622.550
   175:     1622.550     1622.560     1622.560     1622.560     1622.560
   180:     1622.560     1622.560     1626.560     1627.560     1627.560
   185:     1632.550     1632.560     1638.250     1638.250     1638.250
   190:     1638.260     1638.260     1638.260     1638.260     1638.260
   195:     1638.260     1640.640     1640.640     1642.260     1643.260
   200:     1643.260     1645.680     1645.680     1648.250     1648.260
   205:     1652.710     1652.820     1687.700     1687.700     1687.700
   210:     1687.710     1687.710     1687.710     1687.710     1687.710
   215:     1687.710     1691.710     1692.710     1692.710     1697.700
   220:     1697.710     1700.410     1710.660     1710.660     1710.660
   225:     1710.670     1710.670     1710.670     1710.670     1710.670
   230:     1710.670     1711.640     1711.640     1713.470     1713.470
   235:     1714.670     1715.670     1715.670     1720.660     1720.670
   240:     2182.190     2182.190     2182.190     2182.200     2182.200
   245:     2182.200     2182.200     2182.200     2182.200     2186.200
   250:     2187.200     2187.200     2192.190     2192.200     2304.060
   255:     2304.110     2337.130     2338.760     2338.990     2371.760
   260:     2372.640     2411.300     2414.140     2487.090     2487.090
   265:     2487.090     2487.100     2487.100     2487.100     2487.100
   270:     2487.100     2487.100     2491.100     2492.100     2492.100
   275:     2497.090     2497.100     2544.700     2544.740     2546.800
   280:     2702.850     2722.930     2722.930     2722.930     2722.940
   285:     2722.940     2722.940     2722.940     2722.940     2722.940
   290:     2726.940     2727.940     2727.940     2732.930     2732.940
   295:     2735.900     2735.900     2735.900     2735.910     2735.910
   300:     2735.910     2735.910     2735.910     2735.910     2739.910
   305:     2740.910     2740.910     2745.900     2745.910     3283.050
   310:     3325.060     3325.060     3325.060     3325.070     3325.070
   315:     3325.070     3325.070     3325.070     3325.070     3329.070
   320:     3330.070     3330.070     3335.060     3335.070     3340.390
   325:     3340.390     3340.390     3340.400     3340.400     3340.400
   330:     3340.400     3340.400     3340.400     3344.400     3345.400
   335:     3345.400     3345.930     3345.930     3346.140     3346.140
   340:     3350.390     3350.400     3354.800     3354.800     3354.800
   345:     3354.810     3354.810     3354.810     3354.810     3354.810
   350:     3354.810     3358.810     3359.810     3359.810     3364.800
   355:     3364.810     3370.960     3372.890     3373.260     3385.770
   360:     3387.240     3388.750     3391.390     3393.170     3393.390
   365:     3393.830     3393.890     3394.060     3394.520     3398.700
   370:     3399.710     3400.880     3402.910     3404.970     3648.210
   375:     3674.240     3685.360     3699.100     3699.100     3699.100
   380:     3699.110     3699.110     3699.110     3699.110     3699.110
   385:     3699.110     3700.220     3700.220     3703.110     3704.110
   390:     3704.110     3709.100     3709.110     3954.720     3955.920
   395:     3956.260     3956.440     3959.560     3960.450     3970.200
   400:     3970.200     3970.200     3970.210     3970.210     3970.210
   405:     3970.210     3970.210     3970.210     3974.210     3975.210
   410:     3975.210     3980.200     3980.210     3986.590     3987.250
   415:     3987.360     3987.800     3989.310     3990.260     3990.850
   420:     3990.960     3991.880     3992.000     3992.750     3993.040
   425:     3993.620     3993.730     3994.090     4129.950     4129.950
   430:     4129.950     4129.960     4129.960     4129.960     4129.960
   435:     4129.960     4129.960     4133.960     4134.960     4134.960
   440:     4139.950     4139.960     4739.950     4739.960     4739.960
   445:     4739.960     4739.960     4739.960     4739.960     4743.960
   450:     4744.960     4744.960     4749.950     4749.960     5349.950
   455:     5349.960     5349.960     5349.960     5349.960     5349.960
   460:     5349.960     5353.960     5354.960     5354.960     5359.950
   465:     5359.960     5959.950     5959.960     5959.960     5959.960
   470:     5959.960     5959.960     5959.960     5963.960     5964.960
   475:     5964.960     5969.950     5969.960     6569.950     6569.960
   480:     6569.960     6569.960     6569.960     6569.960     6569.960
   485:     6573.960     6574.960     6574.960     6579.950     6579.960
   490:     6891.950     6893.030     6893.170     6906.580     6906.580
   495:     6906.580     6906.590     6906.590     6906.590     6906.590
   500:     6906.590     6906.590     6910.590     6911.590     6911.590
   505:     6916.580     6916.590     6956.180     6960.010     6987.710
   510:     6987.710     6987.710     6987.720     6987.720     6987.720
   515:     6987.720     6987.720     6987.720     6988.760     6988.760
   520:     6991.720     6992.720     6992.720     6997.710     6997.720
   525:     7040.450     7068.240     7070.200     7115.610     7115.610
   530:     7115.610     7115.620     7115.620     7115.620     7115.620
   535:     7115.620     7115.620     7119.620     7120.620     7120.620
   540:     7125.610     7125.620     7129.180     7129.180     7129.180
   545:     7129.190     7129.190     7129.190     7129.190     7129.190
   550:     7129.190     7131.440     7131.440     7133.190     7134.190
   555:     7134.190     7139.180     7139.190     7146.220     7146.220
   560:     7146.220     7146.230     7146.230     7146.230     7146.230
   565:     7146.230     7146.230     7150.230     7151.230     7151.230
   570:     7154.950     7156.040     7156.220     7156.230     7157.770
   575:     7176.540     7177.160     7189.750     7191.710     7193.170
   580:     7196.330     7196.430     7214.010     7215.640     7222.140
   585:     7223.140     7225.070     7227.610     7228.920     7230.440
   590:     7232.920     7234.780     7235.890     7237.160     7239.380
   595:     7241.530     7241.720     7261.790     7261.790     7261.790
   600:     7261.800     7261.800     7261.800     7261.800     7261.800
   605:     7261.800     7265.800     7266.100     7266.100     7266.800
   610:     7266.800     7271.790     7271.800     7279.330     7280.030
   615:     7280.450     7281.430     7282.450     7283.470     7284.920
   620:     7286.230     7289.020     7293.730     7294.810     7296.380
   625:     7312.110     7313.340     7313.380     7314.470     7325.990
   630:     7327.850     7333.640     7333.720     7334.800     7335.050
   635:     7335.180     7336.450     7337.270     7337.910     7339.800
   640:     7341.590     7341.750     7344.100     7381.240     7382.210
   645:     7383.930     7385.580     7387.950     7388.140     7388.510
   650:     7391.190     7392.170     7392.270     7393.100     7408.030
   655:     7408.030     7408.030     7408.040     7408.040     7408.040
   660:     7408.040     7408.040     7408.040     7412.040     7413.040
   665:     7413.040     7418.030     7418.040     7473.310     7473.880
   670:     7474.590     7476.250     7476.340     7477.540     7479.470
   675:     7480.570     7495.910     7495.910     7495.910     7495.920
   680:     7495.920     7495.920     7495.920     7495.920     7495.920
   685:     7499.920     7500.920     7500.920     7505.910     7505.920
   690:     8105.910     8105.920     8105.920     8105.920     8105.920
   695:     8105.920     8105.920     8109.920     8110.920     8110.920
   700:     8115.910     8115.920     8257.150     8541.760     8542.230
   705:     8542.640     8542.800     8586.900     8587.160     8587.580
   710:     8587.690     8635.600     8638.770     8659.560     8660.730
   715:     8662.630     8663.720     8664.030     8664.090     8664.220
   720:     8671.060     8672.660     8674.360     8674.420     8675.030
   725:     8675.540     8681.760     8684.360     8686.150     8687.510
   730:     8690.650     8693.050     8701.660     8703.020     8704.740
   735:     8704.810     8715.910     8715.920     8715.920     8715.920
   740:     8715.920     8715.920     8715.920     8719.920     8720.920
   745:     8720.920     8725.910     8725.920     8737.610     8738.810
   750:     8740.280     8741.820     8742.180     8742.810     8743.570
   755:     8745.050     8746.170     8747.970     8748.600     8749.280
   760:     8749.380     8779.820     8781.980     8783.210     8783.230
   765:     8784.190     8807.280     8808.730     8808.800     8809.090
   770:     8810.090     8811.560     8812.480     8817.440     8817.980
   775:     8818.090     8818.150     8818.260     8818.320     8818.400
   780:     8819.280     8820.250     8821.120     8824.180     8825.100
   785:     8825.930     8826.760     8827.020     8827.300     8828.340
   790:     8829.410     8829.550     8829.740     8829.820     8830.200
   795:     8831.320     8831.470     8831.550     8831.650     8832.260
   800:     8833.530     8835.680     8835.960     8837.070     8837.140
   805:     8837.240     8839.280     8849.500     8850.390     8851.180
   810:     8851.900     8852.260     8853.460     8854.520     8858.720
   815:     8859.670     8860.510     8862.520     8863.910     8864.750
   820:     8866.480     8866.760     8868.100     8868.190     8868.610
   825:     8870.010     8872.140     8874.300     8875.890     8877.940
   830:     8879.640     8880.220     8882.230     8885.700     8885.930
   835:     8887.130     8887.310     8889.000     8894.380     8894.810
   840:     8895.600     8896.190     8898.730     8900.330     8902.700
   845:     8904.760     8905.030     8905.820     8913.440     8913.680
   850:     8913.740     8914.820     8916.310     8916.880     8918.830
   855:     8921.000     8924.130     8924.200     8928.010     8929.780
   860:     8929.880     8931.090     8932.500     8934.620     8934.650
   865:     8937.430     8938.520     8939.490     8939.770     8939.820
   870:     8942.010     8945.410     8945.490     8946.580     8946.670
   875:     8948.650     8949.840     8960.140     8960.330     8961.500
   880:     8962.790     8964.210     8965.770     8969.050     8970.820
   885:     8971.960     8974.430     8976.080     8976.800     8981.090
   890:     8985.610     8988.200     8988.890     8989.360     8990.310
   895:     8991.120     8992.930     8994.540     8995.460     8997.290
   900:     8998.800     9000.450     9005.050     9006.370     9007.750
   905:     9010.570     9014.660     9016.320     9020.710     9028.050
   910:     9029.320     9031.160     9035.170     9035.260     9035.480
   915:     9036.320     9325.910     9325.920     9325.920     9325.920
   920:     9325.920     9325.920     9325.920     9329.920     9330.920
   925:     9330.920     9335.910     9335.920     9935.910     9935.920
   930:     9935.920     9935.920     9935.920     9935.920     9935.920
   935:     9939.920     9940.920     9940.920     9945.910     9945.920
   940:    10306.910    10331.040    10375.050    10378.090    10416.870
   945:    10418.840    10422.850    10424.970    10427.990    10435.060
   950:    10470.120    10471.630    10472.640    10474.180    10475.450
   955:    10478.030    10478.610    10479.690    10482.230    10482.470
   960:    10483.930    10484.530    10485.320    10487.750    10489.350
   965:    10490.220    10492.850    10495.390    10497.490    10497.870
   970:    10500.890    10504.550    10505.330    10506.160    10510.220
   975:    10510.520    10511.380    10516.140    10516.820    10518.430
   980:    10527.110    10527.910    10530.020    10530.800    10531.800
   985:    10534.640    10542.580    10545.910    10545.920    10545.920
   990:    10545.920    10545.920    10545.920    10545.920    10549.920
   995:    10550.920    10550.920    10555.910    10555.920    10557.290
  1000:    10557.430    10558.310    10563.020    10563.710    10564.250
  1005:    10564.740    10565.850    10568.140    10570.140    10570.980
  1010:    10572.080    10572.970    10573.580    10574.440    10575.090
  1015:    10576.640    10579.400    10584.210    10607.980    10608.730
  1020:    10611.930    10612.600    10612.700    10613.910    10614.740
  1025:    10617.560    10617.600    10619.610    10621.730    10623.690
  1030:    10630.330    10632.560    10636.280    10636.450    10637.210
  1035:    10639.860    10645.570    10646.010    10646.630    10649.540
  1040:    10654.360    10654.730    10655.050    10665.310    10665.740
  1045:    10668.990    10669.820    10669.900    10672.560    10672.650
  1050:    10673.840    10678.210    10680.650    10685.980    10686.540
  1055:    10688.200    10688.300    10689.710    10693.520    10694.360
  1060:    10695.270    10705.500    10706.490    10707.190    10708.230
  1065:    10715.420    10716.040    10717.230    10719.720    10720.770
  1070:    10735.290    10736.800    10738.590    10739.400    10742.400
  1075:    10743.080    10746.360    10746.430    10748.620    10749.080
  1080:    10750.170    10751.780    10756.560    10756.910    10763.520
  1085:    10768.930    10774.350    10776.780    10780.310    10782.250
  1090:    10783.920    10784.520    10792.720    10794.680    10798.450
  1095:    10800.000
