File: C:\MED-PC\Data\2024-11-22_09h13m_Subject 36.txt


Start Date: 11/22/24
End Date: 11/22/24
Subject: 36
Experiment: OralFentSA
Group: One
Box: 4
Start Time: 09:13:14
End Time: 12:13:59
MSN: Golden_Liq_SelfAdmin_EXT
F:       0.000
G:     908.000
H:   10800.000
I:       0.000
J:       0.000
K:       0.000
L:       0.000
M:       0.000
N:       0.000
O:       0.000
P:       0.000
Q:       0.000
R:       0.000
S:       0.000
U:       0.000
V:       0.000
W:       0.000
X:       0.000
Y:       0.000
Z:       0.000
A:
     0:        0.000        0.000      180.000        4.000        0.000
     5:        5.000        0.000        5.000        0.000        0.000
    10:        1.000        0.000       10.000   100000.000       25.000
    15:       25.000      600.000        0.000        0.000        0.000
    20:        0.000
B:
     0:        0.000        0.000        0.000        0.000        0.000
     5:        0.000        0.000        0.000        0.000        0.000
    10:        0.000        0.000     1000.000 10000000.000        0.000
    15:        0.000        0.000        0.000        0.000        0.000
    20:        0.000
C:
     0:        0.000       59.000       42.000       92.000      388.000
     5:    10725.420        4.170       45.000     1927.170       42.826
    10:       92.000       42.000        0.000        0.000        0.000
    15:        0.000        0.000        0.000        0.000        0.000
    20:        0.000
D:
     0:       45.570       24.710        2.310        2.190        3.470
     5:      236.920        3.310      268.230       21.990        1.100
    10:       56.840       81.720        2.390      104.510        8.650
    15:      355.010       22.590      114.670       71.130       32.590
    20:        2.220       13.690      114.050       31.700        5.260
    25:        2.420        6.850        6.930        2.640       62.190
    30:       14.510        2.750        4.310        1.850        4.360
    35:        1.490       27.540        5.000        8.250        8.210
    40:       35.180        5.780       92.680        3.240        4.170
E:
     0:       19.000       11.000       26.000       27.000        1.000
     5:        1.000        2.000        4.000       22.000       24.000
    10:       12.000       19.000       11.000        1.000        6.000
    15:        6.000        6.000        6.000        6.000        6.000
    20:        6.000        1.000        1.000        2.000        4.000
    25:       22.000       24.000       12.000       21.000       22.000
    30:       20.000       19.000       11.000        6.000        2.000
    35:        4.000       22.000       24.000       12.000        6.000
    40:       19.000       11.000        6.000        6.000        2.000
    45:        4.000       22.000       24.000       12.000        6.000
    50:       19.000       11.000        2.000        4.000       22.000
    55:       24.000       12.000        6.000       21.000       22.000
    60:       21.000       22.000       21.000       22.000       19.000
    65:       11.000        2.000        4.000       22.000       24.000
    70:       12.000       20.000       19.000       11.000        6.000
    75:        1.000        1.000        6.000        6.000        6.000
    80:        6.000        2.000        4.000       22.000       24.000
    85:       12.000        6.000        6.000       19.000       11.000
    90:        6.000        1.000        6.000        1.000        2.000
    95:        4.000       22.000       24.000       12.000       21.000
   100:       22.000       21.000       22.000       19.000       11.000
   105:        6.000        6.000        6.000        1.000        6.000
   110:        6.000        2.000        4.000       22.000       24.000
   115:       12.000       21.000       22.000       21.000       22.000
   120:       19.000       11.000        6.000        6.000        6.000
   125:        6.000        6.000        6.000        6.000        6.000
   130:        2.000        4.000       22.000       24.000       12.000
   135:        6.000        6.000        6.000        6.000        6.000
   140:       19.000       11.000        6.000        6.000        6.000
   145:        6.000        6.000        6.000        6.000        6.000
   150:        6.000        6.000        6.000        2.000        4.000
   155:       22.000       24.000       12.000       19.000       11.000
   160:        2.000        4.000       22.000       24.000       12.000
   165:       21.000       22.000       21.000       22.000       19.000
   170:       11.000        1.000        6.000        6.000        6.000
   175:        6.000        6.000        6.000        6.000        1.000
   180:        6.000        2.000        4.000       22.000       24.000
   185:       12.000       19.000       11.000        6.000        6.000
   190:        6.000        6.000        6.000        6.000        2.000
   195:        4.000       22.000       24.000       12.000        6.000
   200:        6.000       19.000       11.000        6.000        6.000
   205:        6.000        6.000        6.000        6.000        6.000
   210:        6.000        6.000        6.000        6.000        6.000
   215:        6.000        6.000        6.000        6.000        6.000
   220:        6.000        6.000        6.000        6.000        1.000
   225:        6.000        6.000        2.000        4.000       22.000
   230:       24.000       12.000       19.000       11.000        6.000
   235:        6.000        6.000        6.000        6.000        6.000
   240:        1.000        2.000        4.000       22.000       24.000
   245:       12.000       19.000       11.000        1.000        2.000
   250:        4.000       22.000       24.000       12.000        6.000
   255:       19.000       11.000        6.000        6.000        6.000
   260:        6.000        6.000        6.000        6.000        6.000
   265:        6.000        6.000        6.000        1.000        6.000
   270:        6.000        6.000        6.000        1.000        6.000
   275:        6.000        6.000        1.000        6.000        2.000
   280:        4.000       22.000       24.000       12.000       19.000
   285:       11.000        1.000        6.000        6.000        6.000
   290:        6.000        6.000        6.000        6.000        2.000
   295:        4.000       22.000       24.000       12.000       19.000
   300:       11.000        6.000        1.000        6.000        6.000
   305:        6.000        6.000        6.000        6.000        6.000
   310:        6.000        6.000        6.000        1.000        6.000
   315:        2.000        4.000       22.000       24.000       12.000
   320:       19.000       11.000        6.000        6.000        6.000
   325:        6.000        6.000        6.000        6.000        6.000
   330:        2.000        4.000       22.000       24.000       12.000
   335:       21.000       22.000       19.000       11.000        2.000
   340:        4.000       22.000       24.000       12.000       19.000
   345:       11.000        6.000        6.000        6.000        6.000
   350:        6.000        2.000        4.000       22.000       24.000
   355:       12.000       19.000       11.000        6.000        6.000
   360:        6.000        6.000        6.000        6.000        2.000
   365:        4.000       22.000       24.000       12.000        6.000
   370:       19.000       11.000        6.000        6.000        6.000
   375:        1.000        6.000        6.000        6.000        6.000
   380:        6.000        6.000        6.000        6.000        6.000
   385:        6.000        2.000        4.000       22.000       24.000
   390:       12.000       21.000       22.000       21.000       22.000
   395:       19.000       11.000        6.000        6.000        6.000
   400:        6.000        6.000        2.000        4.000       22.000
   405:       24.000       12.000       19.000       11.000        6.000
   410:        6.000        6.000        6.000        6.000        6.000
   415:        6.000        6.000        1.000        6.000        6.000
   420:        2.000        4.000       22.000       24.000       12.000
   425:       19.000       11.000        1.000        6.000        6.000
   430:        6.000        6.000        6.000        2.000        4.000
   435:       22.000       24.000       12.000       19.000       11.000
   440:        2.000        4.000       22.000       24.000       12.000
   445:        6.000        6.000       19.000       11.000        6.000
   450:        6.000        6.000        6.000        6.000        6.000
   455:        6.000        6.000        6.000        6.000        6.000
   460:        6.000        6.000        6.000        6.000        6.000
   465:        6.000        6.000        1.000        6.000        6.000
   470:        6.000        6.000        6.000        6.000        6.000
   475:        2.000        4.000       22.000       24.000       12.000
   480:        6.000        6.000       21.000       22.000       19.000
   485:       11.000        6.000        6.000        6.000        6.000
   490:        2.000        4.000       22.000       24.000       12.000
   495:       21.000       22.000        6.000       21.000       22.000
   500:       19.000       11.000        2.000        4.000       22.000
   505:       24.000       12.000       21.000       22.000       19.000
   510:       11.000        2.000        4.000       22.000       24.000
   515:       12.000        6.000        6.000       19.000       11.000
   520:        6.000        6.000        6.000        6.000        6.000
   525:        6.000        6.000        6.000        6.000        6.000
   530:        6.000        6.000        6.000        6.000        6.000
   535:        6.000        6.000        6.000        6.000        6.000
   540:        6.000        2.000        4.000       22.000       24.000
   545:       12.000        6.000        6.000       19.000       11.000
   550:        6.000        6.000        2.000        4.000       22.000
   555:       24.000       12.000       21.000       22.000       19.000
   560:       11.000        1.000        2.000        4.000       22.000
   565:       24.000       12.000       19.000       11.000        6.000
   570:        6.000        6.000        6.000        6.000        1.000
   575:        1.000        6.000        6.000        6.000        6.000
   580:        6.000        1.000        2.000        4.000       22.000
   585:       24.000       12.000       19.000       11.000        6.000
   590:        6.000        6.000        6.000        6.000        2.000
   595:        4.000       22.000       24.000       12.000       19.000
   600:       11.000        2.000        4.000       22.000       24.000
   605:       12.000       21.000       22.000       21.000       22.000
   610:       19.000       11.000        2.000        4.000       22.000
   615:       24.000       12.000        6.000        6.000       19.000
   620:       11.000        6.000        6.000        1.000        6.000
   625:        6.000        6.000        6.000        6.000        6.000
   630:        2.000        4.000       22.000       24.000       12.000
   635:        6.000        6.000        6.000       19.000       11.000
   640:        2.000        4.000       22.000       24.000       12.000
   645:       21.000       22.000       21.000       22.000       21.000
   650:       22.000       21.000       22.000       19.000       21.000
   655:       22.000       11.000        2.000        4.000       22.000
   660:       24.000       12.000       21.000       22.000       19.000
   665:       11.000        2.000        4.000       22.000       24.000
   670:       12.000       21.000       22.000       19.000       11.000
   675:        2.000        4.000       22.000       24.000       12.000
   680:        6.000        6.000       19.000       11.000        6.000
   685:        6.000        6.000        6.000        6.000        6.000
   690:        6.000        6.000        6.000        6.000        6.000
   695:        1.000        6.000        6.000        6.000        2.000
   700:        4.000       22.000       24.000       12.000        6.000
   705:        6.000       19.000       11.000        6.000        1.000
   710:        6.000        6.000        6.000        6.000        6.000
   715:        6.000        6.000        6.000        6.000        6.000
   720:        2.000        4.000       22.000       24.000       12.000
   725:       21.000       22.000       19.000       11.000        2.000
   730:        4.000       22.000       24.000       12.000       21.000
   735:       22.000       19.000       11.000        2.000        4.000
   740:       22.000       24.000       12.000        6.000        6.000
   745:        6.000        6.000        6.000       19.000       11.000
   750:        6.000        6.000        6.000        6.000        1.000
   755:        6.000        6.000        2.000        4.000       22.000
   760:       24.000       12.000       19.000       11.000        6.000
   765:        6.000        6.000        6.000        6.000        6.000
   770:        6.000        6.000        6.000        6.000        6.000
   775:        6.000        1.000        6.000        6.000        6.000
   780:        6.000        6.000        2.000        4.000       22.000
   785:       24.000       12.000       21.000       22.000        6.000
   790:        6.000       19.000       11.000        6.000        6.000
   795:        6.000        6.000        6.000        2.000        4.000
   800:       22.000       24.000       12.000        6.000       19.000
   805:       11.000        6.000        6.000        6.000        6.000
   810:        6.000        6.000        6.000        2.000        4.000
   815:       22.000       24.000       12.000       21.000       22.000
   820:        6.000       19.000       11.000        2.000        4.000
   825:       22.000       24.000       12.000       21.000       22.000
   830:       21.000       22.000       19.000       11.000        6.000
   835:        6.000        6.000        6.000        6.000        2.000
   840:        4.000       22.000       24.000       12.000        6.000
   845:       19.000       11.000        2.000        4.000       22.000
   850:       24.000       12.000       19.000       11.000        6.000
   855:        6.000        6.000        6.000        6.000        6.000
   860:        6.000        6.000        6.000        6.000        6.000
   865:        6.000        6.000        1.000        1.000        1.000
   870:        1.000        6.000        6.000        6.000        2.000
   875:        4.000       22.000       24.000       12.000        6.000
   880:        6.000       19.000       11.000        1.000        6.000
   885:        6.000        1.000        6.000        6.000        6.000
   890:        6.000        6.000        6.000        6.000        6.000
   895:        6.000        2.000        4.000       22.000       24.000
   900:       12.000       21.000       22.000        6.000        6.000
   905:        6.000       19.000       11.000      100.000
T:
     0:        0.000        0.000        0.000        0.000        1.420
     5:        3.240       62.010       62.010       62.010       62.020
    10:       62.020       72.010       72.020       76.010      107.590
    15:      107.740      107.770      107.830      109.500      147.520
    20:      149.560      215.930      217.790      227.310      227.310
    25:      227.310      227.320      227.320      230.690      230.690
    30:      236.250      237.310      237.320      252.030      370.750
    35:      370.750      370.750      370.760      370.760      373.070
    40:      380.750      380.760      466.740      469.050      771.120
    45:      771.120      771.120      771.130      771.130      773.320
    50:      781.120      781.130      823.640      823.640      823.640
    55:      823.650      823.650      827.120      830.660      830.660
    60:      831.860      831.860      832.270      832.270      833.640
    65:      833.650      836.010      836.010      836.010      836.020
    70:      836.020      842.180      846.010      846.020     1072.940
    75:     1081.750     1084.860     1087.050     1128.770     1129.760
    80:     1134.400     1143.810     1143.810     1143.810     1143.820
    85:     1143.820     1147.130     1148.350     1153.810     1153.820
    90:     1239.900     1259.570     1281.920     1304.980     1465.100
    95:     1465.100     1465.100     1465.110     1465.110     1469.160
   100:     1469.160     1472.040     1472.040     1475.100     1475.110
   105:     1733.340     1738.560     1740.120     1753.760     1842.390
   110:     1842.570     1881.490     1881.490     1881.490     1881.500
   115:     1881.500     1883.350     1883.350     1884.570     1884.570
   120:     1891.490     1891.500     1903.490     1904.020     1962.390
   125:     1962.430     1964.140     1964.610     1965.310     1969.780
   130:     1972.730     1972.730     1972.730     1972.740     1972.740
   135:     1973.840     1974.980     1976.620     1976.920     1981.170
   140:     1982.730     1982.740     1985.150     1986.640     1986.850
   145:     2038.560     2040.640     2045.800     2062.210     2062.370
   150:     2064.220     2065.440     2067.790     2084.410     2084.410
   155:     2084.410     2084.420     2084.420     2094.410     2094.420
   160:     2097.310     2097.310     2097.310     2097.320     2097.320
   165:     2097.850     2097.850     2100.190     2100.190     2107.310
   170:     2107.320     2124.890     2154.160     2158.480     2160.030
   175:     2163.420     2427.200     2427.860     2429.120     2454.470
   180:     2459.610     2614.510     2614.510     2614.510     2614.520
   185:     2614.520     2624.510     2624.520     2696.240     2696.430
   190:     2696.500     2702.300     2707.360     2709.770     2714.750
   195:     2714.750     2714.750     2714.760     2714.760     2717.150
   200:     2717.450     2724.750     2724.760     2725.290     2726.990
   205:     2822.060     2824.990     2825.630     2849.050     2853.870
   210:     2855.880     2857.160     2862.450     2864.010     2865.640
   215:     2869.080     2881.130     2884.320     2918.080     2918.370
   220:     2922.790     2924.480     2926.680     2926.750     2938.970
   225:     3034.320     3035.530     3057.570     3057.570     3057.570
   230:     3057.580     3057.580     3067.570     3067.580     3162.090
   235:     3162.500     3167.400     3224.650     3228.310     3229.840
   240:     3237.400     3242.460     3242.460     3242.460     3242.470
   245:     3242.470     3252.460     3252.470     3277.560     3331.010
   250:     3331.010     3331.010     3331.020     3331.020     3339.670
   255:     3341.010     3341.020     3341.460     3424.020     3426.570
   260:     3426.820     3427.010     3432.700     3433.010     3438.720
   265:     3442.750     3443.080     3445.400     3504.200     3526.790
   270:     3527.060     3527.270     3528.600     3578.090     3606.690
   275:     3607.010     3736.280     3747.410     3770.970     3777.290
   280:     3777.290     3777.290     3777.300     3777.300     3787.290
   285:     3787.300     4113.160     4132.310     4132.430     4148.330
   290:     4150.730     4152.100     4152.310     4194.880     4232.860
   295:     4232.860     4232.860     4232.870     4232.870     4242.860
   300:     4242.870     4255.460     4291.010     4296.080     4296.560
   305:     4375.340     4415.340     4415.550     4442.190     4449.870
   310:     4449.920     4450.000     4450.340     4468.760     4478.740
   315:     4491.880     4491.880     4491.880     4491.890     4491.890
   320:     4501.880     4501.890     4606.560     4606.660     4607.980
   325:     4611.130     4649.050     4652.790     4793.850     4794.140
   330:     4800.910     4800.910     4800.910     4800.920     4800.920
   335:     4808.340     4808.340     4810.910     4810.920     4811.420
   340:     4811.420     4811.420     4811.430     4811.430     4821.420
   345:     4821.430     4882.560     4887.740     4914.220     4915.740
   350:     4917.110     4934.080     4934.080     4934.080     4934.090
   355:     4934.090     4944.080     4944.090     4966.680     5123.300
   360:     5123.680     5474.770     5474.840     5474.980     5487.360
   365:     5487.360     5487.360     5487.370     5487.370     5489.590
   370:     5497.360     5497.370     5557.260     5557.540     5557.640
   375:     5570.070     5581.440     5584.790     5584.970     5588.870
   380:     5590.210     5590.350     5594.180     5595.150     5600.580
   385:     5600.670     5618.600     5618.600     5618.600     5618.610
   390:     5618.610     5623.860     5623.860     5625.200     5625.200
   395:     5628.600     5628.610     5632.300     5632.510     5632.740
   400:     5635.270     5639.760     5644.750     5644.750     5644.750
   405:     5644.760     5644.760     5654.750     5654.760     5758.810
   410:     5760.310     5768.640     5841.970     5842.810     5846.080
   415:     5864.970     5866.580     5947.000     6028.620     6030.440
   420:     6033.590     6033.590     6033.590     6033.600     6033.600
   425:     6043.590     6043.600     6052.260     6065.300     6065.740
   430:     6115.630     6115.990     6127.690     6143.340     6143.340
   435:     6143.340     6143.350     6143.350     6153.340     6153.350
   440:     6160.290     6160.290     6160.290     6160.300     6160.300
   445:     6165.560     6168.920     6170.290     6170.300     6347.870
   450:     6347.960     6348.210     6349.270     6349.460     6349.750
   455:     6390.180     6390.440     6391.470     6392.190     6393.460
   460:     6394.440     6394.770     6394.950     6528.550     6537.610
   465:     6537.690     6537.840     6598.030     6870.290     6870.400
   470:     6870.570     6871.250     6872.530     6875.200     6879.500
   475:     6891.930     6891.930     6891.930     6891.940     6891.940
   480:     6894.360     6896.140     6898.690     6898.690     6901.930
   485:     6901.940     6907.820     6908.790     6909.290     6911.350
   490:     6918.680     6918.680     6918.680     6918.690     6918.690
   495:     6919.870     6919.870     6925.540     6925.840     6925.840
   500:     6928.680     6928.690     6930.320     6930.320     6930.320
   505:     6930.330     6930.330     6932.510     6932.510     6940.320
   510:     6940.330     6969.780     6969.780     6969.780     6969.790
   515:     6969.790     6976.720     6977.290     6979.780     6979.790
   520:     6980.210     7024.990     7025.080     7025.210     7025.490
   525:     7028.520     7031.080     7031.280     7049.240     7210.650
   530:     7211.900     7341.960     7343.420     7344.600     7350.150
   535:     7354.230     7358.500     7397.520     7397.750     7401.800
   540:     7403.670     7415.840     7415.840     7415.840     7415.850
   545:     7415.850     7418.490     7421.500     7425.840     7425.850
   550:     7470.360     7472.650     7475.140     7475.140     7475.140
   555:     7475.150     7475.150     7481.250     7481.250     7485.140
   560:     7485.150     7491.610     7502.430     7502.430     7502.430
   565:     7502.440     7502.440     7512.430     7512.440     7564.630
   570:     7564.810     7567.500     7576.440     7576.570     7602.500
   575:     7605.380     7632.030     7632.280     7634.010     7634.330
   580:     7634.390     7661.550     7711.470     7711.470     7711.470
   585:     7711.480     7711.480     7721.470     7721.480     7725.990
   590:     7726.170     7726.310     7730.110     7732.490     7734.510
   595:     7734.510     7734.510     7734.520     7734.520     7744.510
   600:     7744.520     7757.310     7757.310     7757.310     7757.320
   605:     7757.320     7758.110     7758.110     7765.460     7765.460
   610:     7767.310     7767.320     7770.680     7770.680     7770.680
   615:     7770.690     7770.690     7773.440     7773.490     7780.680
   620:     7780.690     7794.760     7794.970     7960.150     7999.400
   625:     8001.600     8001.780     8021.850     8024.540     8027.610
   630:     8029.850     8029.850     8029.850     8029.860     8029.860
   635:     8034.170     8034.240     8034.440     8039.850     8039.860
   640:     8042.000     8042.000     8042.000     8042.010     8042.010
   645:     8045.800     8045.800     8050.710     8050.710     8051.740
   650:     8051.740     8051.910     8051.910     8052.000     8052.000
   655:     8052.000     8052.010     8055.660     8055.660     8055.660
   660:     8055.670     8055.670     8056.040     8056.040     8065.660
   665:     8065.670     8069.820     8069.820     8069.820     8069.830
   670:     8069.830     8072.020     8072.020     8079.820     8079.830
   675:     8087.960     8087.960     8087.960     8087.970     8087.970
   680:     8089.820     8097.010     8097.960     8097.970     8098.200
   685:     8098.350     8100.050     8101.910     8229.470     8229.660
   690:     8229.850     8350.670     8350.960     8517.630     8517.860
   695:     8558.490     8605.160     8611.940     8614.490     8636.760
   700:     8636.760     8636.760     8636.770     8636.770     8641.130
   705:     8642.550     8646.760     8646.770     8648.350     8797.980
   710:     8887.650     8887.810     8890.520     8895.550     8899.190
   715:     8902.590     8943.730     8943.780     8949.130     8951.480
   720:     8961.800     8961.800     8961.800     8961.810     8961.810
   725:     8969.480     8969.480     8971.800     8971.810     8977.180
   730:     8977.180     8977.180     8977.190     8977.190     8984.590
   735:     8984.590     8987.180     8987.190     8993.950     8993.950
   740:     8993.950     8993.960     8993.960     8995.450     8995.580
   745:     8999.490     8999.860     9002.950     9003.950     9003.960
   750:     9006.480     9006.570     9007.170     9008.840     9029.250
   755:     9039.860     9040.330     9051.280     9051.280     9051.280
   760:     9051.290     9051.290     9061.280     9061.290     9078.830
   765:     9141.150     9143.600     9147.160     9151.610     9153.130
   770:     9158.540     9208.890     9208.970     9242.720     9246.110
   775:     9248.240     9275.430     9304.990     9308.450     9308.540
   780:     9320.400     9325.400     9330.300     9330.300     9330.300
   785:     9330.310     9330.310     9333.540     9333.540     9335.310
   790:     9337.210     9340.300     9340.310     9340.460     9340.630
   795:     9341.210     9341.400     9348.270     9352.400     9352.400
   800:     9352.400     9352.410     9352.410     9360.660     9362.400
   805:     9362.410     9402.960     9403.170     9403.280     9403.490
   810:     9417.580     9417.660     9417.800     9445.220     9445.220
   815:     9445.220     9445.230     9445.230     9450.590     9450.590
   820:     9453.440     9455.220     9455.230     9457.080     9457.080
   825:     9457.080     9457.090     9457.090     9457.120     9457.120
   830:     9461.520     9461.520     9467.080     9467.090     9492.270
   835:     9802.390     9803.610     9803.690     9803.890     9825.410
   840:     9825.410     9825.410     9825.420     9825.420     9831.200
   845:     9835.410     9835.420     9837.460     9837.460     9837.460
   850:     9837.470     9837.470     9847.460     9847.470     9930.150
   855:     9933.090     9941.410     9942.560     9945.060     9945.150
   860:     9945.510     9945.700    10022.370    10022.620    10024.040
   865:    10024.660    10033.090    10066.700    10071.110    10075.370
   870:    10077.340    10134.270    10136.250    10143.640    10148.360
   875:    10148.360    10148.360    10148.370    10148.370    10151.610
   880:    10153.010    10158.360    10158.370    10186.530    10287.460
   885:    10287.650    10406.480    10417.800    10417.870    10418.080
   890:    10509.200    10509.510    10509.600    10716.640    10718.220
   895:    10720.820    10725.410    10725.410    10725.410    10725.420
   900:    10725.420    10728.040    10728.040    10729.590    10731.360
   905:    10733.330    10735.410    10735.420    10800.000
