File: C:\MED-PC\Data\2024-10-29_09h06m_Subject 42.txt


Start Date: 10/29/24
End Date: 10/29/24
Subject: 42
Experiment: OralFentSA
Group: One
Box: 10
Start Time: 09:06:52
End Time: 12:29:42
MSN: 20241014_Golden_Liq_SelfAdmin
F:       0.000
G:     588.000
H:   10800.000
I:       0.000
J:       0.000
K:       0.000
L:       0.000
M:       0.000
N:       0.000
O:       0.000
P:       0.000
Q:       0.000
R:       0.000
S:       0.000
U:       0.000
V:       0.000
W:       0.000
X:       0.000
Y:       0.000
Z:       0.000
A:
     0:        0.000        0.000      180.000        4.000        0.000
     5:        5.000        0.000        5.000        0.000        0.000
    10:        1.000        0.000       10.000   100000.000       19.200
    15:        7.000      640.000        0.000        0.000        0.000
    20:        0.000
B:
     0:        0.000        0.000        0.000      400.000        0.000
     5:      500.000        0.000      500.000        0.000        0.000
    10:        0.000        0.000     1000.000 10000000.000        0.000
    15:        0.000        0.000        0.000        0.000        0.000
    20:        0.000
C:
     0:       25.000       26.000       30.000       34.000      186.000
     5:     9781.830       38.240       19.000     1781.700       93.774
    10:       34.000       30.000        0.000        0.000        0.000
    15:        0.000        0.000        0.000        0.000        0.000
    20:        0.000
D:
     0:      187.250      124.600      200.140        6.960      888.900
     5:        9.900      114.880        8.960        3.960       10.420
    10:        6.680       10.730        2.470        9.260        2.350
    15:      102.200        1.090       52.710       38.240
E:
     0:       19.000       11.000       26.000       27.000        2.000
     5:        4.000       22.000       24.000       12.000       13.000
    10:        8.000        5.000       17.000       21.000       22.000
    15:       18.000       14.000       10.000       19.000       11.000
    20:        1.000        1.000        1.000        1.000        6.000
    25:        2.000        4.000       22.000       24.000       12.000
    30:       13.000        8.000        5.000       17.000       18.000
    35:       14.000       10.000       19.000       11.000        1.000
    40:        6.000        2.000        4.000       22.000       24.000
    45:       12.000       13.000        8.000        5.000       17.000
    50:       21.000       22.000       18.000       14.000       10.000
    55:       19.000       11.000        1.000        1.000        1.000
    60:        6.000        6.000        6.000        2.000        4.000
    65:       22.000       24.000       12.000       13.000        8.000
    70:        5.000       17.000       18.000       14.000       10.000
    75:       19.000       11.000        1.000        2.000        4.000
    80:       22.000       24.000       12.000       13.000        8.000
    85:        5.000       17.000       21.000       22.000       18.000
    90:       14.000       10.000        6.000       19.000       11.000
    95:        1.000        1.000        1.000        1.000        1.000
   100:        1.000        6.000        6.000        6.000        2.000
   105:        4.000       22.000       24.000       12.000       13.000
   110:        8.000        5.000       17.000       21.000       22.000
   115:       18.000       14.000       10.000       21.000       22.000
   120:       19.000       11.000        1.000        1.000        1.000
   125:        6.000        6.000        6.000        6.000        1.000
   130:        2.000        4.000       22.000       24.000       12.000
   135:       13.000        8.000        5.000       17.000       18.000
   140:       14.000       10.000       21.000       22.000        6.000
   145:       19.000       11.000        6.000        6.000        6.000
   150:        6.000        6.000        6.000        6.000        6.000
   155:        6.000        2.000        4.000       22.000       24.000
   160:       12.000       13.000        8.000        5.000       17.000
   165:       18.000       14.000       10.000       19.000       11.000
   170:        6.000        6.000        6.000        6.000        6.000
   175:        6.000        6.000        6.000        6.000        6.000
   180:        6.000        6.000        6.000        6.000        6.000
   185:        6.000        2.000        4.000       22.000       24.000
   190:       12.000       13.000        8.000        5.000       17.000
   195:       21.000       22.000       18.000       14.000       10.000
   200:        6.000       19.000       11.000        6.000        6.000
   205:        6.000        6.000        6.000        6.000        6.000
   210:        6.000        6.000        6.000        6.000        6.000
   215:        6.000        6.000        6.000        6.000        6.000
   220:        6.000        6.000        1.000        2.000        4.000
   225:       22.000       24.000       12.000       13.000        8.000
   230:        5.000       17.000       18.000       14.000       10.000
   235:       19.000       11.000        2.000        4.000       22.000
   240:       24.000       12.000       13.000        8.000        5.000
   245:       17.000        6.000       18.000       14.000       10.000
   250:       19.000       11.000        6.000        6.000        6.000
   255:        6.000        6.000        2.000        4.000       22.000
   260:       24.000       12.000       13.000        8.000        5.000
   265:       17.000       21.000       22.000       18.000       14.000
   270:       10.000       19.000       11.000        6.000        2.000
   275:        4.000       22.000       24.000       12.000       13.000
   280:        8.000        5.000       17.000       18.000       14.000
   285:       10.000        6.000        6.000       19.000       11.000
   290:        2.000        4.000       22.000       24.000       12.000
   295:       13.000        8.000        5.000       17.000       18.000
   300:       14.000       10.000       21.000       22.000       19.000
   305:       11.000        6.000        6.000        6.000        6.000
   310:        6.000        6.000        6.000        6.000        6.000
   315:        6.000        6.000        1.000        6.000        1.000
   320:        6.000        6.000        6.000        6.000        6.000
   325:        6.000        6.000        6.000        6.000        6.000
   330:        6.000        6.000        6.000        6.000        6.000
   335:        6.000        6.000        6.000        6.000        2.000
   340:        4.000       22.000       24.000       12.000       13.000
   345:        8.000        5.000       17.000       18.000       14.000
   350:       10.000       19.000       11.000        2.000        4.000
   355:       22.000       24.000       12.000       13.000        8.000
   360:        5.000       17.000       18.000       14.000       10.000
   365:       19.000       11.000        2.000        4.000       22.000
   370:       24.000       12.000       13.000        8.000        5.000
   375:       17.000       18.000       14.000       10.000       19.000
   380:       11.000        2.000        4.000       22.000       24.000
   385:       12.000       13.000        8.000        5.000       17.000
   390:        6.000       18.000       14.000       10.000       19.000
   395:       11.000        1.000        6.000        6.000        6.000
   400:        6.000        6.000        1.000        1.000        1.000
   405:        6.000        6.000        6.000        6.000        6.000
   410:        6.000        6.000        6.000        6.000        6.000
   415:        6.000        6.000        6.000        6.000        6.000
   420:        6.000        6.000        6.000        6.000        6.000
   425:        6.000        6.000        6.000        6.000        6.000
   430:        6.000        6.000        6.000        6.000        6.000
   435:        6.000        6.000        6.000        6.000        6.000
   440:        6.000        6.000        6.000        6.000        6.000
   445:        6.000        6.000        6.000        6.000        6.000
   450:        2.000        4.000       22.000       24.000       12.000
   455:       13.000        8.000        5.000       17.000       18.000
   460:       14.000       10.000        6.000       19.000       11.000
   465:        2.000        4.000       22.000       24.000       12.000
   470:       13.000        8.000        5.000       17.000       18.000
   475:       14.000       10.000       19.000       11.000        2.000
   480:        4.000       22.000       24.000       12.000       13.000
   485:        8.000        5.000       17.000        6.000        6.000
   490:       18.000       14.000       10.000       20.000       19.000
   495:       11.000        6.000        6.000        6.000        6.000
   500:        6.000        6.000        1.000        6.000        1.000
   505:        6.000        6.000        6.000        6.000        6.000
   510:        6.000        6.000        6.000        6.000        6.000
   515:        2.000        4.000       22.000       24.000       12.000
   520:       13.000        8.000        5.000       17.000       18.000
   525:       14.000       10.000       19.000       11.000        6.000
   530:        1.000        6.000        2.000        4.000       22.000
   535:       24.000       12.000       13.000        8.000        5.000
   540:       17.000        6.000        6.000       18.000       14.000
   545:       10.000       19.000       11.000        6.000        6.000
   550:        6.000        6.000        2.000        4.000       22.000
   555:       24.000       12.000       13.000        8.000        5.000
   560:       17.000       18.000       14.000       10.000       19.000
   565:       11.000        6.000        6.000        6.000        6.000
   570:        6.000        2.000        4.000       22.000       24.000
   575:       12.000       13.000        8.000        5.000       17.000
   580:       18.000       14.000       10.000       19.000       11.000
   585:        6.000        6.000        6.000      100.000
T:
     0:        0.000        0.000        0.000        0.000       34.160
     5:       34.160       34.160       34.170       34.170       34.170
    10:       34.170       34.170       34.170       36.770       36.770
    15:       38.170       39.170       39.170       44.160       44.170
    20:      191.010      193.790      196.010      206.090      221.420
    25:      235.240      235.240      235.240      235.250      235.250
    30:      235.250      235.250      235.250      235.250      239.250
    35:      240.250      240.250      245.240      245.250      331.120
    40:      359.850      392.020      392.020      392.020      392.030
    45:      392.030      392.030      392.030      392.030      392.030
    50:      394.790      394.790      396.030      397.030      397.030
    55:      402.020      402.030      433.520      435.280      437.860
    60:      592.170      596.660      598.150      637.590      637.590
    65:      637.590      637.600      637.600      637.600      637.600
    70:      637.600      637.600      641.600      642.600      642.600
    75:      647.590      647.600      655.130      667.330      667.330
    80:      667.330      667.340      667.340      667.340      667.340
    85:      667.340      667.340      671.050      671.050      671.340
    90:      672.340      672.340      674.300      677.330      677.340
    95:      698.600      739.730      741.700      747.000      749.480
   100:      749.570      826.640      827.920      828.010      836.620
   105:      836.620      836.620      836.630      836.630      836.630
   110:      836.630      836.630      836.630      838.700      838.700
   115:      840.630      841.630      841.630      842.830      842.830
   120:      846.620      846.630      874.290      903.980      916.690
   125:     1725.530     1727.430     1728.360     1750.210     1925.500
   130:     2460.840     2460.840     2460.840     2460.850     2460.850
   135:     2460.850     2460.850     2460.850     2460.850     2464.850
   140:     2465.850     2465.850     2467.120     2467.120     2470.750
   145:     2470.840     2470.850     2472.600     2473.450     2477.290
   150:     2477.520     2558.400     2578.510     2620.530     2622.420
   155:     2622.720     2623.830     2623.830     2623.830     2623.840
   160:     2623.840     2623.840     2623.840     2623.840     2623.840
   165:     2627.840     2628.840     2628.840     2633.830     2633.840
   170:     2738.720     2738.910     3387.450     3679.540     3679.600
   175:     3680.890     3681.200     3748.960     3749.040     3750.240
   180:     3750.450     3750.590     3753.450     3754.600     3757.360
   185:     3757.410     3759.720     3759.720     3759.720     3759.730
   190:     3759.730     3759.730     3759.730     3759.730     3759.730
   195:     3761.270     3761.270     3763.730     3764.730     3764.730
   200:     3768.690     3769.720     3769.730     3771.800     3773.640
   205:     3775.220     4161.960     4341.890     4430.810     4474.810
   210:     4475.910     4477.930     4479.120     4479.560     4483.550
   215:     4490.630     4492.130     4496.640     4498.720     4500.170
   220:     4500.420     4500.440     4520.950     4620.340     4620.340
   225:     4620.340     4620.350     4620.350     4620.350     4620.350
   230:     4620.350     4620.350     4624.350     4625.350     4625.350
   235:     4630.340     4630.350     4633.760     4633.760     4633.760
   240:     4633.770     4633.770     4633.770     4633.770     4633.770
   245:     4633.770     4637.730     4637.770     4638.770     4638.770
   250:     4643.760     4643.770     4653.160     4654.150     4662.030
   255:     4662.230     4669.970     4675.720     4675.720     4675.720
   260:     4675.730     4675.730     4675.730     4675.730     4675.730
   265:     4675.730     4678.260     4678.260     4679.730     4680.730
   270:     4680.730     4685.720     4685.730     4686.150     4718.620
   275:     4718.620     4718.620     4718.630     4718.630     4718.630
   280:     4718.630     4718.630     4718.630     4722.630     4723.630
   285:     4723.630     4725.310     4725.340     4728.620     4728.630
   290:     5667.430     5667.430     5667.430     5667.440     5667.440
   295:     5667.440     5667.440     5667.440     5667.440     5671.440
   300:     5672.440     5672.440     5672.600     5672.600     5677.430
   305:     5677.440     5678.170     5680.120     5680.330     5688.310
   310:     5703.550     5703.960     5763.470     5763.660     5897.380
   315:     5901.390     5903.040     5915.210     5920.850     6301.710
   320:     6315.370     6316.590     6317.530     6317.680     6317.950
   325:     6318.170     6318.270     6318.480     6319.930     6320.370
   330:     6320.560     6321.020     6322.000     6325.430     6329.680
   335:     6331.200     6331.770     6332.920     6343.010     6345.400
   340:     6345.400     6345.400     6345.410     6345.410     6345.410
   345:     6345.410     6345.410     6345.410     6349.410     6350.410
   350:     6350.410     6355.400     6355.410     6384.920     6384.920
   355:     6384.920     6384.930     6384.930     6384.930     6384.930
   360:     6384.930     6384.930     6388.930     6389.930     6389.930
   365:     6394.920     6394.930     6418.010     6418.010     6418.010
   370:     6418.020     6418.020     6418.020     6418.020     6418.020
   375:     6418.020     6422.020     6423.020     6423.020     6428.010
   380:     6428.020     6429.610     6429.610     6429.610     6429.620
   385:     6429.620     6429.620     6429.620     6429.620     6429.620
   390:     6432.090     6433.620     6434.620     6434.620     6439.610
   395:     6439.620     6467.550     6477.520     6477.770     6478.300
   400:     6925.390     7115.120     7124.030     7177.420     7179.500
   405:     7478.800     7480.090     7480.430     7481.000     7481.120
   410:     7482.440     7483.060     7483.110     7483.530     7483.630
   415:     7484.270     7486.040     7486.600     7490.230     7503.650
   420:     7507.060     7507.320     7507.820     7509.330     7510.150
   425:     7513.730     7514.460     7515.080     7515.240     7515.840
   430:     7516.720     7519.500     7519.560     7639.370     7640.450
   435:     7640.640     7640.950     7641.140     7641.280     7641.950
   440:     7644.030     7644.410     7645.070     7647.230     7650.920
   445:     7652.160     7652.540     7652.570     7653.550     7655.130
   450:     7657.620     7657.620     7657.620     7657.630     7657.630
   455:     7657.630     7657.630     7657.630     7657.630     7661.630
   460:     7662.630     7662.630     7666.890     7667.620     7667.630
   465:     7670.730     7670.730     7670.730     7670.740     7670.740
   470:     7670.740     7670.740     7670.740     7670.740     7674.740
   475:     7675.740     7675.740     7680.730     7680.740     8048.170
   480:     8048.170     8048.170     8048.180     8048.180     8048.180
   485:     8048.180     8048.180     8048.180     8050.530     8050.720
   490:     8052.180     8053.180     8053.180     8056.240     8058.170
   495:     8058.180     8058.300     8058.580     8061.220     8064.460
   500:     8399.980     8400.250     8512.150     8539.300     8639.850
   505:     8645.890     8939.390     8940.560     9142.750     9152.090
   510:     9153.550     9153.960     9155.690     9156.460     9157.540
   515:     9160.080     9160.080     9160.080     9160.090     9160.090
   520:     9160.090     9160.090     9160.090     9160.090     9164.090
   525:     9165.090     9165.090     9170.080     9170.090     9262.290
   530:     9381.850     9532.790     9673.820     9673.820     9673.820
   535:     9673.830     9673.830     9673.830     9673.830     9673.830
   540:     9673.830     9674.920     9676.710     9677.830     9678.830
   545:     9678.830     9683.820     9683.830     9694.560     9697.500
   550:     9698.280     9699.160     9720.910     9720.910     9720.910
   555:     9720.920     9720.920     9720.920     9720.920     9720.920
   560:     9720.920     9724.920     9725.920     9725.920     9730.910
   565:     9730.920     9773.630     9775.610     9777.410     9778.340
   570:     9778.500     9781.820     9781.820     9781.820     9781.830
   575:     9781.830     9781.830     9781.830     9781.830     9781.830
   580:     9785.830     9786.830     9786.830     9791.820     9791.830
   585:     9820.070    10180.260    10674.690    10800.000
