File: C:\MED-PC\Data\2024-10-23_09h50m_Subject 34.txt


Start Date: 10/23/24
End Date: 10/23/24
Subject: 34
Experiment: OralFentSA
Group: One
Box: 2
Start Time: 09:50:37
End Time: 12:50:59
MSN: 20241014_Golden_Liq_SelfAdmin
F:       0.000
G:     540.000
H:   10800.000
I:       0.000
J:       0.000
K:       0.000
L:       0.000
M:       0.000
N:       0.000
O:       0.000
P:       0.000
Q:       0.000
R:       0.000
S:       0.000
U:       0.000
V:       0.000
W:       0.000
X:       0.000
Y:       0.000
Z:       0.000
A:
     0:        0.000        0.000      180.000        4.000        0.000
     5:        5.000        0.000        5.000        0.000        0.000
    10:        1.000        0.000       10.000     1800.000       17.100
    15:        3.000      640.000        0.000        0.000        0.000
    20:        0.000
B:
     0:        0.000        0.000        0.000      400.000        0.000
     5:      500.000        0.000      500.000        0.000        0.000
    10:        0.000        0.000     1000.000   180000.000        0.000
    15:        0.000        0.000        0.000        0.000        0.000
    20:        0.000
C:
     0:       17.000       18.000        1.000        7.000      315.000
     5:     9228.050       37.950       16.000      206.750       12.922
    10:        7.000        1.000       16.000        0.000        0.000
    15:        0.000        0.000        0.000        0.000        0.000
    20:        0.000
D:
     0:       40.760       20.560       10.290       27.820        3.590
     5:       10.250       20.630        6.170        3.130        4.800
    10:        8.240        5.160        1.540        1.830        4.030
    15:       37.950
E:
     0:       19.000       11.000       26.000       27.000        6.000
     5:        6.000        6.000        6.000        6.000        6.000
    10:        6.000        6.000        6.000        6.000        6.000
    15:        6.000        6.000        6.000        6.000        6.000
    20:        6.000        6.000        6.000        6.000        6.000
    25:        6.000        6.000        6.000        6.000        6.000
    30:        6.000        6.000        6.000        6.000        6.000
    35:        6.000        6.000        6.000        6.000        6.000
    40:        6.000        6.000        6.000       25.000       24.000
    45:       12.000       13.000        8.000        5.000       17.000
    50:       18.000       14.000       10.000       19.000       11.000
    55:        6.000        6.000        6.000        6.000        1.000
    60:        6.000        6.000        6.000        6.000        6.000
    65:        6.000        6.000        6.000        6.000        6.000
    70:        6.000        6.000        6.000        6.000        6.000
    75:        6.000        6.000        6.000        6.000        6.000
    80:        6.000        6.000        6.000        6.000        6.000
    85:        6.000        6.000        6.000        6.000        6.000
    90:       25.000       24.000       12.000       13.000        8.000
    95:        5.000       17.000       18.000       14.000       10.000
   100:       19.000       11.000        6.000        6.000        6.000
   105:        6.000        6.000        6.000        2.000        4.000
   110:       22.000       24.000       12.000       13.000        8.000
   115:        5.000       17.000       21.000       22.000       21.000
   120:       22.000       21.000       22.000       21.000       22.000
   125:       21.000       22.000       18.000       14.000       10.000
   130:       19.000       11.000        6.000        6.000        6.000
   135:        6.000        6.000        2.000        4.000       22.000
   140:       24.000       12.000       13.000        8.000        5.000
   145:       17.000       18.000       14.000       10.000       19.000
   150:       11.000        6.000        6.000        6.000        6.000
   155:        6.000        6.000        6.000        6.000        6.000
   160:        6.000        6.000        6.000       30.000       24.000
   165:       12.000       13.000        8.000        5.000       17.000
   170:        6.000       18.000       14.000       10.000       19.000
   175:       11.000        6.000        6.000        6.000        6.000
   180:        6.000        6.000        6.000        6.000        6.000
   185:        6.000        6.000        6.000        6.000        6.000
   190:        6.000        6.000       30.000       24.000       12.000
   195:       13.000        8.000        5.000       17.000       18.000
   200:       14.000       10.000       19.000       11.000        6.000
   205:        6.000        6.000       30.000       24.000       12.000
   210:       13.000        8.000        5.000       17.000       18.000
   215:       14.000       10.000       19.000       11.000        6.000
   220:        6.000        6.000        6.000       30.000       24.000
   225:       12.000       13.000        8.000        5.000       17.000
   230:       18.000       14.000       10.000        6.000        6.000
   235:        6.000       19.000       11.000        6.000        6.000
   240:        6.000        6.000        6.000        6.000        6.000
   245:        6.000        6.000        6.000        6.000        6.000
   250:        6.000        6.000       25.000       24.000       12.000
   255:       13.000        8.000        5.000       17.000        6.000
   260:        6.000       18.000       14.000       10.000        6.000
   265:        6.000       19.000       11.000        6.000        6.000
   270:        6.000        6.000       30.000       24.000       12.000
   275:       13.000        8.000        5.000       17.000       30.000
   280:       12.000       18.000       14.000       10.000        6.000
   285:        6.000        6.000        6.000       19.000       11.000
   290:        6.000       30.000       24.000       12.000       13.000
   295:        8.000        5.000       17.000       18.000       14.000
   300:       10.000        6.000       19.000       11.000        6.000
   305:       30.000       24.000       12.000       13.000        8.000
   310:        5.000       17.000       18.000       14.000       10.000
   315:        6.000       19.000       11.000        6.000        6.000
   320:       30.000       24.000       12.000       13.000        8.000
   325:        5.000       17.000        6.000       18.000       14.000
   330:       10.000       19.000       11.000       30.000       24.000
   335:       12.000       13.000        8.000        5.000       17.000
   340:       18.000       14.000       10.000       19.000       11.000
   345:       30.000       24.000       12.000       13.000        8.000
   350:        5.000       17.000        6.000       18.000       14.000
   355:       10.000        6.000       19.000       11.000        6.000
   360:        6.000        6.000        6.000        6.000        6.000
   365:        6.000        6.000        6.000        6.000        6.000
   370:        6.000        6.000        6.000        6.000        6.000
   375:        6.000        6.000        6.000        6.000        6.000
   380:        6.000        6.000       25.000       24.000       12.000
   385:       13.000        8.000        5.000       17.000       18.000
   390:        6.000       14.000       10.000       19.000       11.000
   395:        6.000        6.000        6.000        6.000        6.000
   400:        6.000        6.000        6.000        6.000        6.000
   405:        6.000        6.000        6.000        6.000        6.000
   410:        6.000        6.000        6.000        6.000        6.000
   415:        6.000        6.000        6.000        6.000        6.000
   420:        6.000        6.000        6.000        6.000        6.000
   425:        6.000        6.000        6.000        6.000        6.000
   430:        6.000        6.000        6.000        6.000        6.000
   435:       25.000       24.000       12.000       13.000        8.000
   440:        5.000       17.000       18.000       14.000       10.000
   445:       19.000       11.000        6.000        6.000        6.000
   450:        6.000        6.000        6.000        6.000        6.000
   455:        6.000        6.000        6.000        6.000        6.000
   460:        6.000        6.000        6.000        6.000        6.000
   465:        6.000        6.000        6.000        6.000        6.000
   470:        6.000        6.000        6.000        6.000        6.000
   475:        6.000        6.000        6.000        6.000        6.000
   480:        6.000        6.000        6.000        6.000        6.000
   485:        6.000        6.000        6.000        6.000        6.000
   490:        6.000        6.000        6.000        6.000        6.000
   495:        6.000        6.000        6.000        6.000        6.000
   500:        6.000        6.000        6.000        6.000        6.000
   505:        6.000        6.000        6.000        6.000        6.000
   510:        6.000        6.000        6.000        6.000        6.000
   515:        6.000        6.000        6.000        6.000        6.000
   520:        6.000        6.000        6.000        6.000        6.000
   525:        6.000        6.000        6.000        6.000        6.000
   530:        6.000        6.000        6.000        6.000        6.000
   535:        6.000        6.000        6.000        6.000        6.000
   540:      100.000
T:
     0:        0.000        0.000        0.000        0.000       36.890
     5:       41.150       41.440      140.660      140.740      141.680
    10:      141.750      265.050      278.320      278.550      342.930
    15:      423.960      603.870      686.890      686.970      691.930
    20:      692.090     1104.200     1176.730     1188.920     1265.800
    25:     1266.100     1268.020     1381.640     1398.610     1401.840
    30:     1499.930     1541.370     1544.550     1544.640     1557.480
    35:     1582.740     1617.870     1629.130     1629.490     1633.730
    40:     1766.390     1768.140     1778.650     1799.990     1800.000
    45:     1800.000     1800.000     1800.000     1800.000     1800.000
    50:     1804.000     1805.000     1805.000     1809.990     1810.000
    55:     1840.760     1988.780     2019.500     2019.740     2045.010
    60:     2048.310     2081.240     2114.050     2128.870     2201.550
    65:     2216.640     2218.780     2218.930     2219.020     2221.540
    70:     2604.760     2605.490     2647.100     2765.350     2765.940
    75:     2782.970     2899.320     2939.500     2940.460     3058.130
    80:     3058.360     3514.900     3514.970     3515.160     3525.120
    85:     3585.640     3586.350     3595.830     3600.380     3609.160
    90:     3609.990     3610.000     3610.000     3610.000     3610.000
    95:     3610.000     3610.000     3614.000     3615.000     3615.000
   100:     3619.990     3620.000     3630.560     3640.210     3687.360
   105:     3695.340     3708.970     3709.100     3715.750     3715.750
   110:     3715.750     3715.760     3715.760     3715.760     3715.760
   115:     3715.760     3715.760     3715.950     3715.950     3716.000
   120:     3716.000     3716.050     3716.050     3716.090     3716.090
   125:     3716.770     3716.770     3719.760     3720.760     3720.760
   130:     3725.750     3725.760     3726.050     3729.260     3760.790
   135:     3781.670     3794.300     3798.040     3798.040     3798.040
   140:     3798.050     3798.050     3798.050     3798.050     3798.050
   145:     3798.050     3802.050     3803.050     3803.050     3808.040
   150:     3808.050     3825.870     3825.940     3829.460     3843.090
   155:     4088.560     4138.390     4140.840     4141.040     4150.360
   160:     4357.810     4358.750     4360.170     4366.600     4366.600
   165:     4366.600     4366.600     4366.600     4366.600     4366.600
   170:     4370.190     4370.600     4371.600     4371.600     4376.590
   175:     4376.600     4431.060     4433.720     4433.910     4437.300
   180:     4438.660     4441.830     4453.100     4727.470     4732.420
   185:     4732.510     4737.830     4752.500     5198.030     5198.090
   190:     5198.620     5200.780     5265.060     5265.060     5265.060
   195:     5265.060     5265.060     5265.060     5265.060     5269.060
   200:     5270.060     5270.060     5275.050     5275.060     5275.310
   205:     5278.990     5293.570     5303.000     5303.000     5303.000
   210:     5303.000     5303.000     5303.000     5303.000     5307.000
   215:     5308.000     5308.000     5312.990     5313.000     5323.630
   220:     5323.900     5333.420     5340.410     5348.890     5348.890
   225:     5348.890     5348.890     5348.890     5348.890     5348.890
   230:     5352.890     5353.890     5353.890     5355.060     5356.120
   235:     5356.730     5358.880     5358.890     5372.350     5387.540
   240:     5418.930     5419.450     5423.070     5452.720     5453.500
   245:     5464.670     5469.050     5472.860     5494.070     5513.570
   250:     5539.110     5594.880     5608.040     5608.050     5608.050
   255:     5608.050     5608.050     5608.050     5608.050     5611.180
   260:     5611.370     5612.050     5613.050     5613.050     5613.640
   265:     5613.710     5618.040     5618.050     5647.480     5771.960
   270:     5772.030     6093.720     6106.830     6106.830     6106.830
   275:     6106.830     6106.830     6106.830     6106.830     6107.050
   280:     6107.050     6110.830     6111.830     6111.830     6111.850
   285:     6115.280     6115.970     6116.060     6116.820     6116.830
   290:     6173.590     6174.080     6174.080     6174.080     6174.080
   295:     6174.080     6174.080     6174.080     6178.080     6179.080
   300:     6179.080     6182.320     6184.070     6184.080     6195.230
   305:     6217.140     6217.140     6217.140     6217.140     6217.140
   310:     6217.140     6217.140     6221.140     6222.140     6222.140
   315:     6222.300     6227.130     6227.140     6273.870     6274.610
   320:     6298.790     6298.790     6298.790     6298.790     6298.790
   325:     6298.790     6298.790     6300.330     6302.790     6303.790
   330:     6303.790     6308.780     6308.790     6312.000     6312.000
   335:     6312.000     6312.000     6312.000     6312.000     6312.000
   340:     6316.000     6317.000     6317.000     6321.990     6322.000
   345:     6323.950     6323.950     6323.950     6323.950     6323.950
   350:     6323.950     6323.950     6325.780     6327.950     6328.950
   355:     6328.950     6330.040     6333.940     6333.950     6352.940
   360:     6392.570     6425.000     6455.260     6558.250     6599.760
   365:     6676.590     6701.510     6701.660     6738.940     6792.390
   370:     6874.470     6909.470     6965.300     6994.270     7040.530
   375:     7193.180     7236.870     7244.340     7244.680     7244.920
   380:     7267.960     7345.310     7418.040     7418.050     7418.050
   385:     7418.050     7418.050     7418.050     7418.050     7422.050
   390:     7422.080     7423.050     7423.050     7428.040     7428.050
   395:     7564.380     7851.940     7854.280     7869.000     7884.380
   400:     7884.470     7899.810     7952.030     7979.550     7979.830
   405:     7990.860     7991.770     8580.570     8621.870     8622.490
   410:     8969.090     8976.940     8977.890     8978.080     8981.260
   415:     8981.760     8982.960     8987.560     9002.200     9060.090
   420:     9062.200     9062.350     9064.400     9100.440     9109.240
   425:     9126.360     9127.840     9130.020     9135.340     9135.380
   430:     9150.950     9155.350     9158.400     9201.970     9204.890
   435:     9228.040     9228.050     9228.050     9228.050     9228.050
   440:     9228.050     9228.050     9232.050     9233.050     9233.050
   445:     9238.040     9238.050     9266.000     9270.590     9271.270
   450:     9272.610     9288.230     9288.300     9298.700     9299.620
   455:     9302.290     9302.480     9306.810     9319.380     9320.170
   460:     9320.210     9320.910     9321.590     9322.640     9322.860
   465:     9323.010     9331.130     9339.920     9340.100     9349.450
   470:     9349.500     9358.340     9358.560    10361.660    10361.870
   475:    10362.690    10376.620    10380.480    10384.100    10385.450
   480:    10396.220    10396.600    10411.900    10411.990    10412.170
   485:    10412.200    10418.580    10462.030    10462.080    10462.220
   490:    10462.580    10472.210    10480.830    10545.880    10559.630
   495:    10559.950    10560.100    10605.400    10615.860    10616.170
   500:    10622.610    10656.140    10658.030    10658.120    10663.140
   505:    10668.350    10668.540    10671.480    10675.740    10675.910
   510:    10676.060    10676.280    10676.310    10683.380    10683.670
   515:    10686.300    10687.380    10688.330    10692.150    10693.460
   520:    10693.970    10695.820    10700.550    10702.510    10702.810
   525:    10703.250    10718.490    10718.750    10720.510    10720.620
   530:    10720.960    10721.570    10722.880    10776.210    10795.490
   535:    10795.650    10795.910    10796.240    10798.240    10799.160
   540:    10800.000
