File: C:\MED-PC\Data\2024-10-29_12h50m_Subject 50.txt


Start Date: 10/29/24
End Date: 10/29/24
Subject: 50
Experiment: OralFentSA
Group: One
Box: 6
Start Time: 12:50:23
End Time: 15:50:51
MSN: 20241014_Golden_Liq_SelfAdmin
F:       0.000
G:     598.000
H:   10800.000
I:       0.000
J:       0.000
K:       0.000
L:       0.000
M:       0.000
N:       0.000
O:       0.000
P:       0.000
Q:       0.000
R:       0.000
S:       0.000
U:       0.000
V:       0.000
W:       0.000
X:       0.000
Y:       0.000
Z:       0.000
A:
     0:        0.000        0.000      180.000        4.000        0.000
     5:        5.000        0.000        5.000        0.000        0.000
    10:        1.000        0.000       10.000   100000.000       23.000
    15:        7.000      640.000        0.000        0.000        0.000
    20:        0.000
B:
     0:        0.000        0.000        0.000      400.000        0.000
     5:      500.000        0.000      500.000        0.000        0.000
    10:        0.000        0.000     1000.000 10000000.000        0.000
    15:        0.000        0.000        0.000        0.000        0.000
    20:        0.000
C:
     0:       18.000       19.000        6.000       18.000      336.000
     5:    10446.550       10.540       17.000       73.690        4.335
    10:       18.000        6.000        0.000        0.000        0.000
    15:        0.000        0.000        0.000        0.000        0.000
    20:        0.000
D:
     0:        7.190        5.230       13.100        7.490        3.890
     5:        1.810        1.980        2.290        1.970        3.010
    10:        3.190        2.300        2.740        1.920        2.700
    15:        2.340       10.540
E:
     0:       19.000       11.000       26.000       27.000        2.000
     5:        4.000       22.000       24.000       12.000       13.000
    10:        8.000        5.000       17.000       18.000       14.000
    15:       10.000        6.000       19.000       11.000        6.000
    20:        2.000        4.000       22.000       24.000       12.000
    25:       13.000        8.000        5.000       17.000       18.000
    30:       14.000       10.000        6.000       19.000       11.000
    35:        2.000        4.000       22.000       24.000       12.000
    40:       13.000        8.000        5.000       17.000       18.000
    45:       14.000       10.000       19.000       11.000        1.000
    50:        1.000        2.000        4.000       22.000       24.000
    55:       12.000       13.000        8.000        5.000       17.000
    60:       18.000       14.000       10.000       19.000       11.000
    65:        6.000        6.000        6.000        6.000        2.000
    70:        4.000       22.000       24.000       12.000       13.000
    75:        8.000        5.000       17.000       18.000       14.000
    80:       10.000        6.000       19.000       11.000        6.000
    85:        6.000        6.000        6.000        6.000        6.000
    90:        6.000        6.000        6.000        6.000        6.000
    95:        6.000        6.000        6.000        6.000        6.000
   100:        6.000        6.000        6.000        6.000        6.000
   105:        6.000        6.000        6.000        6.000        6.000
   110:        6.000        6.000        6.000        6.000        6.000
   115:        6.000        6.000        6.000        6.000        6.000
   120:        6.000        6.000        6.000        6.000        6.000
   125:        6.000        6.000        6.000        6.000        6.000
   130:        6.000        6.000        6.000        6.000        6.000
   135:        6.000        6.000        6.000        6.000        6.000
   140:        6.000        6.000        6.000        6.000        6.000
   145:        6.000        6.000        6.000        6.000        2.000
   150:        4.000       22.000       24.000       12.000       13.000
   155:        8.000        5.000       17.000        6.000       18.000
   160:       14.000       10.000        6.000        6.000        6.000
   165:       19.000       11.000        6.000        6.000        6.000
   170:        6.000        2.000        4.000       22.000       24.000
   175:       12.000       13.000        8.000        5.000       17.000
   180:        6.000       18.000       14.000       10.000       19.000
   185:       11.000        6.000        6.000        1.000        6.000
   190:        6.000        6.000        6.000        6.000        6.000
   195:        6.000        6.000        6.000        6.000        6.000
   200:        6.000        6.000        6.000        2.000        4.000
   205:       22.000       24.000       12.000       13.000        8.000
   210:        5.000       17.000        6.000       18.000       14.000
   215:       10.000       19.000       11.000        6.000        6.000
   220:        2.000        4.000       22.000       24.000       12.000
   225:       13.000        8.000        5.000       17.000        6.000
   230:       18.000        6.000       14.000       10.000       19.000
   235:       11.000        6.000        6.000        6.000        6.000
   240:        6.000        6.000        6.000        6.000        6.000
   245:        6.000        6.000        6.000        6.000        6.000
   250:        6.000        6.000        6.000        6.000        6.000
   255:        6.000        6.000        6.000        6.000        6.000
   260:        6.000        6.000        6.000        6.000        6.000
   265:        6.000        6.000        6.000        6.000        6.000
   270:        6.000        6.000        6.000        6.000        2.000
   275:        4.000       22.000       24.000       12.000       13.000
   280:        8.000        5.000       17.000        6.000       18.000
   285:       14.000       10.000        6.000       19.000       11.000
   290:        6.000        6.000        6.000        6.000        6.000
   295:        6.000        6.000        6.000        6.000        6.000
   300:        6.000        6.000        2.000        4.000       22.000
   305:       24.000       12.000       13.000        8.000        5.000
   310:       17.000        6.000       18.000       14.000       10.000
   315:       19.000       11.000        2.000        4.000       22.000
   320:       24.000       12.000       13.000        8.000        5.000
   325:       17.000        6.000       18.000        6.000       14.000
   330:       10.000       19.000       11.000        6.000        6.000
   335:        6.000        6.000        6.000        6.000        6.000
   340:        6.000        6.000        6.000        6.000        6.000
   345:        6.000        6.000        6.000        6.000        6.000
   350:        6.000        6.000        2.000        4.000       22.000
   355:       24.000       12.000       13.000        8.000        5.000
   360:       17.000        6.000       18.000       14.000       10.000
   365:        6.000       19.000       11.000        6.000        6.000
   370:        6.000        6.000        6.000        6.000        2.000
   375:        4.000       22.000       24.000       12.000       13.000
   380:        8.000        5.000       17.000        6.000       18.000
   385:       14.000       10.000       19.000       11.000        6.000
   390:        6.000        6.000        6.000        6.000        6.000
   395:        6.000        6.000        6.000        6.000        6.000
   400:        6.000        6.000        6.000        6.000        6.000
   405:        6.000        6.000        6.000        6.000        6.000
   410:        6.000        6.000        6.000        6.000        6.000
   415:        6.000        6.000        6.000        6.000        6.000
   420:        6.000        6.000        6.000        2.000        4.000
   425:       22.000       24.000       12.000       13.000        8.000
   430:        5.000       17.000        6.000        6.000       18.000
   435:       14.000       10.000        6.000       19.000       11.000
   440:        6.000        6.000        6.000        6.000        6.000
   445:        6.000        6.000        6.000        6.000        6.000
   450:        6.000        6.000        6.000        6.000        6.000
   455:        6.000        6.000        6.000        1.000        6.000
   460:        6.000        6.000        6.000        6.000        6.000
   465:        6.000        6.000        6.000        6.000        6.000
   470:        6.000        6.000        6.000        6.000        6.000
   475:        6.000        6.000        6.000        6.000        6.000
   480:        2.000        4.000       22.000       24.000       12.000
   485:       13.000        8.000        5.000       17.000        6.000
   490:       18.000       14.000       10.000        6.000        6.000
   495:       19.000       11.000        6.000        6.000        6.000
   500:        6.000        6.000        6.000        6.000        6.000
   505:        6.000        6.000        6.000        6.000        6.000
   510:        6.000        6.000        6.000        6.000        6.000
   515:        6.000        6.000        6.000        1.000        6.000
   520:        6.000        6.000        6.000        6.000        6.000
   525:        6.000        6.000        6.000        6.000        6.000
   530:        6.000        6.000        6.000        6.000        6.000
   535:        6.000        6.000        6.000        6.000        6.000
   540:        6.000        6.000        2.000        4.000       22.000
   545:       24.000       12.000       13.000        8.000        5.000
   550:       17.000        6.000       18.000        6.000       14.000
   555:       10.000       19.000       11.000        6.000        6.000
   560:        6.000        6.000        6.000        6.000        6.000
   565:        6.000        6.000        6.000        6.000        1.000
   570:        6.000        6.000        6.000        2.000        4.000
   575:       22.000       24.000       12.000       13.000        8.000
   580:        5.000       17.000       18.000       14.000       10.000
   585:       19.000       11.000        6.000        6.000        6.000
   590:        6.000        6.000        6.000        6.000        6.000
   595:        6.000        6.000        6.000      100.000
T:
     0:        0.000        0.000        0.000        0.000       14.500
     5:       14.500       14.500       14.510       14.510       14.510
    10:       14.510       14.510       14.510       18.510       19.510
    15:       19.510       21.700       24.500       24.510       32.430
    20:       44.620       44.620       44.620       44.630       44.630
    25:       44.630       44.630       44.630       44.630       48.630
    30:       49.630       49.630       49.860       54.620       54.630
    35:       55.400       55.400       55.400       55.410       55.410
    40:       55.410       55.410       55.410       55.410       59.410
    45:       60.410       60.410       65.400       65.410       67.030
    50:       68.020       71.480       71.480       71.480       71.490
    55:       71.490       71.490       71.490       71.490       71.490
    60:       75.490       76.490       76.490       81.480       81.490
    65:       84.590       86.560       94.100       98.350      104.170
    70:      104.170      104.170      104.180      104.180      104.180
    75:      104.180      104.180      104.180      108.180      109.180
    80:      109.180      111.670      114.170      114.180      145.580
    85:      148.900      150.630      161.530      161.660      173.400
    90:      173.450      173.640      174.690      210.310      249.920
    95:      250.150      325.290      356.310      356.450      455.150
   100:      636.500      691.620      696.760      697.250      712.650
   105:      735.980      752.050      778.020      779.980      780.020
   110:      780.580      809.610      813.600      917.740      917.940
   115:      958.490     1085.840     1086.020     1177.490     1177.530
   120:     1233.000     1236.880     1244.810     1263.460     1284.880
   125:     1337.600     1355.690     1361.820     1380.670     1608.160
   130:     1635.620     1640.030     1678.460     1683.620     1724.950
   135:     1760.770     1761.290     1837.020     2255.560     2263.670
   140:     2326.600     2327.080     2332.360     2342.970     2535.020
   145:     2544.170     2552.840     2578.980     2579.090     2581.550
   150:     2581.550     2581.550     2581.560     2581.560     2581.560
   155:     2581.560     2581.560     2581.560     2585.450     2585.560
   160:     2586.560     2586.560     2590.000     2591.110     2591.410
   165:     2591.550     2591.560     2592.310     2596.570     2602.380
   170:     2603.470     2605.140     2605.140     2605.140     2605.150
   175:     2605.150     2605.150     2605.150     2605.150     2605.150
   180:     2606.960     2609.150     2610.150     2610.150     2615.140
   185:     2615.150     2622.110     2627.090     2687.840     2720.260
   190:     2789.170     2831.480     2831.560     2858.550     3033.480
   195:     3217.810     3231.590     3233.280     3233.780     3238.000
   200:     3339.870     3386.660     3421.730     3423.400     3423.400
   205:     3423.400     3423.410     3423.410     3423.410     3423.410
   210:     3423.410     3423.410     3425.390     3427.410     3428.410
   215:     3428.410     3433.400     3433.410     3433.600     3439.890
   220:     3443.970     3443.970     3443.970     3443.980     3443.980
   225:     3443.980     3443.980     3443.980     3443.980     3446.270
   230:     3447.980     3448.140     3448.980     3448.980     3453.970
   235:     3453.980     3548.270     3575.230     3732.140     3912.330
   240:     3912.630     3915.430     3941.720     3942.380     3942.420
   245:     3943.240     4070.640     4077.320     4078.110     4080.360
   250:     4084.040     4084.900     4099.610     4114.410     4114.880
   255:     4115.170     4121.480     4123.530     4132.290     4132.730
   260:     4160.290     4167.760     4168.250     4168.320     4183.590
   265:     4331.530     4479.540     4479.970     4584.200     4661.500
   270:     4689.870     4690.100     4694.830     4695.540     4847.250
   275:     4847.250     4847.250     4847.260     4847.260     4847.260
   280:     4847.260     4847.260     4847.260     4849.230     4851.260
   285:     4852.260     4852.260     4852.830     4857.250     4857.260
   290:     5102.560     5237.290     5237.460     5245.950     5254.090
   295:     5254.170     5340.170     5948.780     5952.930     5953.400
   300:     5983.990     5999.690     6071.220     6071.220     6071.220
   305:     6071.230     6071.230     6071.230     6071.230     6071.230
   310:     6071.230     6074.240     6075.230     6076.230     6076.230
   315:     6081.220     6081.230     6086.540     6086.540     6086.540
   320:     6086.550     6086.550     6086.550     6086.550     6086.550
   325:     6086.550     6089.740     6090.550     6091.520     6091.550
   330:     6091.550     6096.540     6096.550     6103.700     6115.420
   335:     6374.170     6404.500     6410.590     6411.310     6411.960
   340:     6430.780     6431.130     6431.740     6432.040     6432.190
   345:     6432.420     6854.860     7032.140     7055.730     7059.070
   350:     7064.500     7067.450     7072.450     7072.450     7072.450
   355:     7072.460     7072.460     7072.460     7072.460     7072.460
   360:     7072.460     7074.760     7076.460     7077.460     7077.460
   365:     7079.780     7082.450     7082.460     7083.650     7092.960
   370:     7103.460     7107.100     7117.610     7201.200     7206.230
   375:     7206.230     7206.230     7206.240     7206.240     7206.240
   380:     7206.240     7206.240     7206.240     7208.980     7210.240
   385:     7211.240     7211.240     7216.230     7216.240     7312.650
   390:     7315.130     7328.730     7339.450     7340.660     7341.010
   395:     7487.730     7513.290     7519.450     7547.440     7547.660
   400:     7556.410     7562.880     7563.280     7574.260     7578.380
   405:     7612.170     7617.090     7647.520     7647.690     7801.430
   410:     7803.480     8010.930     8011.350     8130.920     8147.590
   415:     8175.660     8187.020     8190.540     8201.870     8206.100
   420:     8206.560     8238.510     8308.640     8324.060     8324.060
   425:     8324.060     8324.070     8324.070     8324.070     8324.070
   430:     8324.070     8324.070     8325.990     8326.230     8328.070
   435:     8329.070     8329.070     8329.180     8334.060     8334.070
   440:     8334.960     8336.440     8340.440     8340.470     8344.690
   445:     8345.000     8345.350     8346.030     8346.850     8660.560
   450:     8663.290     8785.680     8786.030     8787.080     8803.050
   455:     8805.410     8813.210     8813.490     9017.350     9019.990
   460:     9034.320     9038.050     9067.700     9116.110     9118.170
   465:     9135.470     9136.110     9137.160     9141.750     9142.450
   470:     9147.740     9148.260     9148.410     9149.070     9149.410
   475:     9164.990     9165.560     9220.050     9275.020     9280.350
   480:     9288.590     9288.590     9288.590     9288.600     9288.600
   485:     9288.600     9288.600     9288.600     9288.600     9291.300
   490:     9292.600     9293.600     9293.600     9294.460     9294.920
   495:     9298.590     9298.600     9304.940     9305.860     9316.690
   500:     9351.700     9360.260     9362.740     9407.940     9408.980
   505:     9409.540     9412.510     9423.520     9424.300     9424.390
   510:     9425.150     9425.580     9425.790     9439.020     9450.170
   515:     9450.630     9450.690     9464.110     9499.010     9578.630
   520:     9585.980     9594.480     9627.390     9630.720     9638.400
   525:     9642.220     9642.520     9642.940     9643.120     9643.350
   530:     9643.730     9643.810     9644.140     9723.650     9724.110
   535:     9730.020     9739.540     9773.540     9781.150     9783.950
   540:     9929.990     9930.550     9940.860     9940.860     9940.860
   545:     9940.870     9940.870     9940.870     9940.870     9940.870
   550:     9940.870     9943.210     9944.870     9945.510     9945.870
   555:     9945.870     9950.860     9950.870     9951.550     9953.700
   560:     9954.410     9962.410     9963.610     9964.180    10065.540
   565:    10183.550    10200.720    10208.770    10426.380    10437.060
   570:    10444.230    10444.310    10444.620    10446.540    10446.540
   575:    10446.540    10446.550    10446.550    10446.550    10446.550
   580:    10446.550    10446.550    10450.550    10451.550    10451.550
   585:    10456.540    10456.550    10457.090    10459.150    10463.970
   590:    10464.200    10464.830    10469.460    10469.680    10470.240
   595:    10475.160    10477.680    10480.470    10800.000
