File: C:\MED-PC\Data\2024-11-11_09h46m_Subject 41.txt


Start Date: 11/11/24
End Date: 11/11/24
Subject: 41
Experiment: OralFentSA
Group: One
Box: 9
Start Time: 09:46:26
End Time: 12:51:32
MSN: Golden_Liq_SelfAdmin_EXT
F:       0.000
G:     851.000
H:   10800.000
I:       0.000
J:       0.000
K:       0.000
L:       0.000
M:       0.000
N:       0.000
O:       0.000
P:       0.000
Q:       0.000
R:       0.000
S:       0.000
U:       0.000
V:       0.000
W:       0.000
X:       0.000
Y:       0.000
Z:       0.000
A:
     0:        0.000        0.000      180.000        4.000        0.000
     5:        5.000        0.000        5.000        0.000        0.000
    10:        1.000        0.000       10.000   100000.000       21.000
    15:       16.000      600.000        0.000        0.000        0.000
    20:        0.000
B:
     0:        0.000        0.000        0.000        0.000        0.000
     5:        0.000        0.000        0.000        0.000        0.000
    10:        0.000        0.000     1000.000 10000000.000        0.000
    15:        0.000        0.000        0.000        0.000        0.000
    20:        0.000
C:
     0:        0.000       11.000       17.000       13.000      764.000
     5:     9941.990        0.320       10.000      118.220       11.822
    10:       13.000       17.000        0.000        0.000        0.000
    15:        0.000        0.000        0.000        0.000        0.000
    20:        0.000
D:
     0:       19.000       47.050       13.340        8.590        2.200
     5:        1.140        4.610       14.940        7.030        0.320
E:
     0:       19.000       11.000       26.000       27.000        1.000
     5:        2.000        4.000       22.000       24.000       19.000
    10:       11.000        6.000        6.000        2.000        4.000
    15:       22.000       24.000       21.000       22.000       19.000
    20:       11.000        6.000        6.000        6.000        6.000
    25:        6.000        6.000        6.000        6.000        6.000
    30:        6.000        6.000        6.000        6.000        6.000
    35:        6.000        6.000        2.000        4.000       22.000
    40:       24.000       19.000       11.000        6.000        6.000
    45:        6.000        6.000        6.000        6.000        6.000
    50:        6.000        6.000        6.000        6.000        6.000
    55:        6.000        6.000        6.000        6.000        6.000
    60:        6.000        6.000        6.000        6.000        6.000
    65:        6.000        6.000        6.000        6.000        6.000
    70:        6.000        6.000        6.000        6.000        6.000
    75:        6.000        6.000        6.000        6.000        6.000
    80:        6.000        6.000        6.000        6.000        6.000
    85:        6.000        6.000        6.000        6.000        6.000
    90:        6.000        6.000        6.000        6.000        6.000
    95:        6.000        6.000        6.000        6.000        6.000
   100:        6.000        6.000        6.000        6.000        6.000
   105:        6.000        6.000        6.000        6.000        6.000
   110:        6.000        6.000        6.000        6.000        6.000
   115:        6.000        6.000        6.000        6.000        6.000
   120:        6.000        6.000        6.000        6.000        6.000
   125:        6.000        6.000        6.000        6.000        6.000
   130:        6.000        6.000        6.000        6.000        6.000
   135:        6.000        6.000        6.000        6.000        6.000
   140:        6.000        6.000        6.000        6.000        6.000
   145:        6.000        6.000        6.000        6.000        6.000
   150:        6.000        6.000        6.000        6.000        6.000
   155:        6.000        6.000        6.000        6.000        6.000
   160:        6.000        6.000        6.000        6.000        6.000
   165:        6.000        6.000        6.000        6.000        6.000
   170:        6.000        6.000        6.000        6.000        6.000
   175:        6.000        6.000        6.000        6.000        6.000
   180:        6.000        6.000        6.000        6.000        6.000
   185:        6.000        6.000        6.000        6.000        6.000
   190:        6.000        6.000        6.000        6.000        6.000
   195:        6.000        6.000        6.000        6.000        6.000
   200:        6.000        6.000        6.000        6.000        6.000
   205:        6.000        6.000        6.000        6.000        6.000
   210:        6.000        6.000        6.000        6.000        6.000
   215:        6.000        6.000        6.000        6.000        6.000
   220:        6.000        6.000        6.000        6.000        6.000
   225:        6.000        6.000        6.000        6.000        6.000
   230:        6.000        6.000        6.000        6.000        6.000
   235:        6.000        6.000        6.000        6.000        6.000
   240:        6.000        6.000        6.000        6.000        6.000
   245:        6.000        6.000        6.000        6.000        6.000
   250:        6.000        6.000        6.000        6.000        6.000
   255:        6.000        6.000        6.000        6.000        6.000
   260:        6.000        6.000        6.000        6.000        6.000
   265:        6.000        6.000        6.000        6.000        6.000
   270:        6.000        6.000        6.000        6.000        6.000
   275:        6.000        6.000        6.000        6.000        6.000
   280:        6.000        6.000        6.000        6.000        6.000
   285:        6.000        6.000        6.000        6.000        6.000
   290:        6.000        6.000        6.000        6.000        2.000
   295:        4.000       22.000       24.000       21.000       22.000
   300:        6.000       19.000       11.000        6.000        6.000
   305:        6.000        6.000        6.000        6.000        6.000
   310:        6.000        6.000        6.000        6.000        6.000
   315:        6.000        6.000        6.000        6.000        6.000
   320:        6.000        6.000        6.000        6.000        6.000
   325:        6.000        6.000        6.000        6.000        6.000
   330:        6.000        6.000        6.000        6.000        6.000
   335:        6.000        6.000        6.000        6.000        6.000
   340:        6.000        6.000        6.000        6.000        6.000
   345:        6.000        6.000        6.000        6.000        6.000
   350:        6.000        6.000        6.000        6.000        6.000
   355:        6.000        6.000        6.000        6.000        6.000
   360:        6.000        6.000        6.000        6.000        6.000
   365:        6.000        6.000        6.000        6.000        6.000
   370:        6.000        6.000        6.000        6.000        6.000
   375:        6.000        6.000        6.000        6.000        6.000
   380:        6.000        6.000        6.000        6.000        6.000
   385:        6.000        6.000        6.000        6.000        6.000
   390:        6.000        6.000        6.000        6.000        6.000
   395:        6.000        6.000        6.000        6.000        6.000
   400:        6.000        6.000        6.000        6.000        6.000
   405:        6.000        6.000        6.000        6.000        6.000
   410:        6.000        6.000        6.000        6.000        6.000
   415:        6.000        6.000        6.000        6.000        6.000
   420:        6.000        6.000        6.000        6.000        6.000
   425:        6.000        6.000        6.000        6.000        6.000
   430:        6.000        6.000        2.000        4.000       22.000
   435:       24.000        6.000        6.000        6.000       19.000
   440:       11.000        6.000        6.000        6.000        6.000
   445:        6.000        6.000        2.000        4.000       22.000
   450:       24.000        6.000        6.000        6.000        6.000
   455:        6.000        6.000        6.000        6.000        6.000
   460:       19.000       11.000        6.000        6.000        6.000
   465:        6.000        6.000        6.000        6.000        6.000
   470:        6.000        6.000        6.000        6.000        6.000
   475:        6.000        6.000        6.000        6.000        6.000
   480:        6.000        6.000        6.000        6.000        6.000
   485:        6.000        6.000        6.000        6.000        6.000
   490:        6.000        6.000        6.000        6.000        6.000
   495:        6.000        6.000        6.000        6.000        6.000
   500:        6.000        6.000        6.000        6.000        6.000
   505:        6.000        6.000        6.000        6.000        6.000
   510:        6.000        6.000        6.000        6.000        6.000
   515:        6.000        6.000        6.000        6.000        6.000
   520:        6.000        6.000        6.000        6.000        6.000
   525:        6.000        6.000        6.000        6.000        6.000
   530:        6.000        6.000        6.000        6.000        6.000
   535:        6.000        6.000        6.000        6.000        6.000
   540:        6.000        6.000        6.000        6.000        6.000
   545:        6.000        6.000        6.000        6.000        6.000
   550:        6.000        6.000        6.000        6.000        6.000
   555:        6.000        6.000        6.000        6.000        6.000
   560:        6.000        6.000        6.000        6.000        6.000
   565:        6.000        6.000        6.000        6.000        6.000
   570:        6.000        6.000        6.000        6.000        6.000
   575:        6.000        6.000        6.000        6.000        6.000
   580:        6.000        6.000        6.000        6.000        6.000
   585:        6.000        6.000        6.000        6.000        6.000
   590:        6.000        6.000        6.000        6.000        6.000
   595:        6.000        6.000        6.000        6.000        6.000
   600:        6.000        6.000        6.000        6.000        6.000
   605:        6.000        6.000        6.000        6.000        6.000
   610:        6.000        6.000        6.000        6.000        6.000
   615:        6.000        6.000        6.000        6.000        6.000
   620:        6.000        6.000        6.000        6.000        6.000
   625:        6.000        6.000        6.000        6.000        6.000
   630:        6.000        6.000        6.000        6.000        6.000
   635:        6.000        6.000        6.000        6.000        6.000
   640:        6.000        6.000        6.000        6.000        6.000
   645:        6.000        6.000        6.000        6.000        6.000
   650:        6.000        6.000        6.000        6.000        6.000
   655:        6.000        6.000        6.000        6.000        6.000
   660:        6.000        6.000        6.000        6.000        6.000
   665:        6.000        6.000        6.000        6.000        6.000
   670:        6.000        6.000        6.000        6.000        6.000
   675:        6.000        6.000        6.000        6.000        6.000
   680:        6.000        6.000        6.000        6.000        6.000
   685:        6.000        6.000        6.000        6.000        6.000
   690:        6.000        6.000        6.000        6.000        6.000
   695:        6.000        6.000        6.000        6.000        6.000
   700:        6.000        6.000        6.000        6.000        6.000
   705:        6.000        6.000        6.000        6.000        6.000
   710:        6.000        2.000        4.000       22.000       24.000
   715:        6.000        6.000       19.000       11.000        6.000
   720:        6.000        1.000        1.000        1.000        6.000
   725:        6.000        6.000        2.000        4.000       22.000
   730:       24.000       21.000       22.000       19.000       11.000
   735:        6.000        6.000        6.000        6.000        6.000
   740:        6.000        6.000        6.000        6.000        6.000
   745:        6.000        6.000        6.000        6.000        2.000
   750:        4.000       22.000       24.000        6.000       19.000
   755:       11.000        6.000        6.000        6.000        1.000
   760:        1.000        1.000        1.000        1.000        1.000
   765:        1.000        1.000        6.000        6.000        6.000
   770:        6.000        6.000        6.000        6.000        6.000
   775:        6.000        6.000        6.000        6.000        6.000
   780:        6.000        6.000        6.000        2.000        4.000
   785:       22.000       24.000        6.000       19.000       11.000
   790:        1.000        1.000        1.000        1.000        6.000
   795:        6.000        6.000        6.000        1.000        6.000
   800:        6.000        6.000        6.000        6.000        6.000
   805:        6.000        6.000        6.000        6.000        6.000
   810:        6.000        6.000        6.000        6.000        6.000
   815:        6.000        6.000        6.000        6.000        6.000
   820:        6.000        6.000        6.000        6.000        6.000
   825:        6.000        6.000        6.000        6.000        6.000
   830:        6.000        6.000        6.000        6.000        6.000
   835:        6.000        6.000        6.000        6.000        6.000
   840:        6.000        6.000        6.000        6.000        6.000
   845:        6.000        6.000        6.000        6.000        6.000
   850:        6.000      100.000
T:
     0:        0.000        0.000        0.000        0.000       11.710
     5:       22.180       22.180       22.180       22.190       32.180
    10:       32.190       41.190       52.430       70.200       70.200
    15:       70.200       70.210       70.480       70.480       80.200
    20:       80.210      117.260      120.420      159.040      197.510
    25:      207.030      220.870      229.990      232.280      232.380
    30:      233.250      250.150      255.700      255.770      256.780
    35:      262.480      263.980      269.880      269.880      269.880
    40:      269.890      279.880      279.890      283.230      284.150
    45:      284.330      284.470      285.140      321.120      321.340
    50:      321.460      322.630      347.540      356.810      356.910
    55:      358.710      359.210      359.310      366.240      367.200
    60:      372.690      380.750      381.340      399.430      399.740
    65:      399.890      400.050      481.770      483.060      483.780
    70:      483.890      487.880      488.210      488.590      489.010
    75:      489.440      489.830      490.270      490.730      496.640
    80:      497.280      497.320      522.870      525.370      525.940
    85:      526.190      526.850      527.390      528.070      528.550
    90:      528.970      529.480      530.030      530.660      531.180
    95:      531.280      531.620      532.230      532.770      533.200
   100:      533.560      534.240      534.760      534.830      535.970
   105:      536.590      537.130      537.590      537.940      537.980
   110:      538.350      538.890      538.950      539.530      539.590
   115:      541.190      628.390      668.050      671.770      671.990
   120:      679.370      679.530      708.320      709.820      710.190
   125:      710.800      717.910      718.480      718.900      719.360
   130:      739.140      747.580      747.880      748.530      748.590
   135:      753.630      754.040      754.130      754.590      754.630
   140:      754.800      757.630      767.250      767.840      768.640
   145:      769.480      769.540      770.630      770.770      770.890
   150:      771.270      771.780      771.800      772.920      919.520
   155:      950.880      954.670      954.810      955.060      958.820
   160:      959.250      959.560      963.140      963.550     1612.420
   165:     1612.800     1613.040     1614.230     1614.580     1702.160
   170:     1722.800     1722.840     1723.760     1724.170     1739.660
   175:     1764.690     1765.030     1765.320     1765.800     1766.370
   180:     1766.950     1767.030     1774.590     1774.870     1776.410
   185:     1781.540     1872.730     1875.160     1878.880     1879.340
   190:     1880.250     1880.530     1881.820     2007.540     2008.010
   195:     2008.920     2010.260     2019.370     2030.350     2030.610
   200:     2030.770     2031.000     2031.260     2031.560     2031.920
   205:     2032.110     2032.180     2032.280     2032.470     2032.570
   210:     2032.800     2032.910     2032.970     2033.040     2033.240
   215:     2033.360     2034.500     2034.550     2034.720     2034.990
   220:     2035.110     2035.290     2035.530     2035.730     2035.820
   225:     2036.020     2036.230     2036.270     2036.830     2036.890
   230:     2037.060     2037.330     2037.480     2037.710     2039.930
   235:     2040.240     2044.010     2044.440     2070.830     2070.990
   240:     2071.180     2071.330     2071.410     2071.470     2071.790
   245:     2073.080     2073.220     2073.370     2074.670     2077.550
   250:     2077.750     2078.170     2078.650     2079.710     2084.470
   255:     2084.820     2084.840     2085.420     2085.480     2085.560
   260:     2086.040     2090.450     2090.720     2132.480     2142.880
   265:     2144.330     2144.950     2149.450     2149.530     2198.180
   270:     2198.590     2203.120     2205.550     2229.970     2231.230
   275:     2231.550     2235.040     2235.150     2247.890     2248.150
   280:     2248.290     2254.840     2255.010     2255.030     2255.210
   285:     2255.400     2255.480     2255.600     2255.670     2255.750
   290:     2255.920     2259.550     2265.410     2321.920     2413.690
   295:     2413.690     2413.690     2413.700     2417.810     2417.810
   300:     2422.290     2423.690     2423.700     2426.480     2426.600
   305:     2467.530     2473.960     2474.400     2475.580     2476.530
   310:     2512.060     2512.570     2515.520     2515.880     2515.910
   315:     2516.060     2516.330     2516.350     2517.180     2526.220
   320:     2526.690     2547.270     2548.450     2548.480     2549.630
   325:     2550.600     2559.730     2565.360     2567.160     2567.900
   330:     2571.010     2571.590     2598.920     2629.660     2630.050
   335:     2631.290     2632.540     2632.650     2695.150     2712.500
   340:     2713.840     2714.060     2714.110     2714.460     2714.630
   345:     2714.800     2715.110     2715.270     2715.450     2723.160
   350:     2723.310     2723.930     2724.030     2852.660     2854.830
   355:     2854.870     2855.530     2856.030     2856.560     2879.000
   360:     2884.150     2898.740     2910.570     2922.040     2931.650
   365:     2946.400     2946.830     2947.300     2949.070     2988.160
   370:     2988.550     2988.800     2989.060     2989.310     2989.510
   375:     2989.700     2990.510     2990.800     2990.930     2991.070
   380:     2991.530     2994.520     2999.820     3001.640     3001.720
   385:     3002.460     3002.550     3002.710     3006.080     3006.160
   390:     3076.030     3131.950     3132.200     3132.520     3133.070
   395:     3135.520     3135.790     3137.330     3138.710     3139.170
   400:     3249.910     3250.400     3250.520     3250.640     3254.490
   405:     3254.650     3254.920     3256.610     3256.780     3257.780
   410:     3257.930     3259.120     3259.760     3371.080     3372.620
   415:     3527.520     3602.360     3602.730     3602.770     3602.930
   420:     3603.870     3603.940     3603.990     3605.210     3895.870
   425:     3901.240     3901.330     3902.750     3902.780     3902.800
   430:     3906.350     3922.690     3964.990     3964.990     3964.990
   435:     3965.000     3967.200     3969.220     3972.370     3974.990
   440:     3975.000     4001.480     4001.710     4018.180     4022.080
   445:     4022.530     4053.100     4186.230     4186.230     4186.230
   450:     4186.240     4187.380     4188.860     4190.540     4190.620
   455:     4191.120     4191.230     4195.280     4195.640     4195.960
   460:     4196.230     4196.240     4196.920     4196.970     4217.880
   465:     4217.990     4218.440     4220.350     4221.040     4221.250
   470:     4224.470     4228.930     4229.720     4230.710     4230.850
   475:     4231.040     4231.100     4231.160     4231.930     4231.950
   480:     4232.030     4235.190     4235.300     4237.720     4246.070
   485:     4283.770     4285.950     4286.270     4286.320     4286.380
   490:     4332.000     4333.630     4334.500     4334.550     4368.380
   495:     4368.940     4370.160     4370.310     4406.540     4406.870
   500:     4407.360     4407.500     4410.020     4411.620     4412.300
   505:     4412.370     4412.440     4412.510     4412.640     4412.760
   510:     4412.830     4412.980     4413.180     4415.040     4415.180
   515:     4415.360     4416.510     4416.800     4420.010     4420.530
   520:     4422.760     4480.440     4480.590     4480.960     4481.050
   525:     4481.310     4483.220     4483.450     4483.520     4483.700
   530:     4491.600     4491.770     4491.920     4530.210     4530.420
   535:     4531.730     4533.890     4535.830     4539.010     4539.180
   540:     4541.000     4542.620     4542.820     4543.440     4544.070
   545:     4544.320     4544.730     4553.990     4554.550     4554.640
   550:     4554.730     4555.690     4705.950     4712.440     4713.890
   555:     4714.720     4714.870     4715.110     4800.870     4802.740
   560:     4802.940     4803.370     4804.010     4804.180     4804.360
   565:     4808.350     4808.390     4808.640     4808.860     4809.220
   570:     4809.290     4809.320     4809.350     4811.240     4811.310
   575:     4811.600     4811.920     4817.490     4817.710     4817.760
   580:     4817.860     4818.080     4818.510     4823.590     4823.630
   585:     4824.150     4826.110     4826.740     5291.610     5293.310
   590:     5293.680     5294.890     5295.570     5295.870     5296.120
   595:     5476.180     5476.370     5732.410     5732.450     5732.720
   600:     5862.760     5863.400     5863.860     5918.170     5919.320
   605:     5941.970     6046.680     6046.930     6047.010     6047.670
   610:     6048.180     6048.220     6048.250     6048.680     6049.510
   615:     6050.510     6050.590     6050.860     6252.260     6253.850
   620:     6254.360     6254.900     6255.450     6255.970     6256.100
   625:     6256.480     6256.970     6257.470     6257.950     6258.070
   630:     6258.540     6258.600     6266.950     6366.520     6472.670
   635:     6473.180     6473.680     6474.210     6474.560     6474.800
   640:     6475.110     6475.350     6475.830     6476.360     6476.410
   645:     6476.850     6476.900     6476.960     6476.990     6477.430
   650:     6478.010     6478.530     6532.550     6646.940     7146.030
   655:     7146.070     7149.890     7813.740     8777.470     8778.230
   660:     8778.780     8778.860     8780.210     8781.390     8782.710
   665:     8783.020     8783.450     8785.220     8789.640     8790.420
   670:     8793.180     8793.300     8793.870     8795.040     8796.680
   675:     8796.780     8797.070     8823.290     8823.470     8823.690
   680:     8823.900     8824.100     8824.280     8824.340     8824.390
   685:     8824.540     8824.690     8827.960     8828.010     8828.110
   690:     8828.290     8828.480     8830.810     8830.890     8830.970
   695:     8923.270     8933.070     8934.720     8937.550     8937.610
   700:     8939.510     8943.450     8945.800     8945.970     8946.150
   705:     8946.420     8946.500     8946.680     8950.790     8950.830
   710:     8951.200     9025.420     9025.420     9025.420     9025.430
   715:     9030.040     9030.240     9035.420     9035.430     9179.260
   720:     9179.700     9257.930     9330.990     9333.080     9346.120
   725:     9346.230     9346.540     9358.430     9358.430     9358.430
   730:     9358.440     9366.830     9366.830     9368.430     9368.440
   735:     9373.380     9377.170     9465.760     9496.660     9496.880
   740:     9497.790     9498.550     9498.720     9501.610     9526.400
   745:     9527.060     9527.120     9531.620     9568.960     9631.580
   750:     9631.580     9631.580     9631.590     9638.620     9641.580
   755:     9641.590     9645.810     9647.800     9647.850     9747.130
   760:     9748.670     9750.130     9750.590     9752.970     9754.790
   765:     9757.470     9759.060     9767.250     9893.070     9895.090
   770:     9896.700     9898.610     9898.630     9916.500     9916.910
   775:     9917.530     9918.040     9918.640     9918.800     9919.910
   780:     9919.960     9921.240     9921.270     9941.980     9941.980
   785:     9941.980     9941.990     9942.310     9951.980     9951.990
   790:     9959.910     9963.340     9966.940     9967.440     9985.510
   795:     9988.890     9991.870    10122.870    10154.060    10181.540
   800:    10187.700    10188.460    10188.600    10188.890    10188.950
   805:    10189.230    10190.670    10195.400    10196.480    10196.860
   810:    10197.090    10197.330    10197.770    10205.060    10205.920
   815:    10207.280    10211.980    10212.260    10212.670    10212.900
   820:    10213.120    10213.160    10213.410    10213.620    10221.310
   825:    10225.050    10226.360    10226.670    10227.910    10230.610
   830:    10237.330    10241.640    10241.720    10242.470    10244.620
   835:    10244.810    10245.040    10265.670    10267.790    10267.940
   840:    10268.190    10361.530    10401.200    10402.960    10403.480
   845:    10403.580    10493.890    10663.600    10666.530    10667.510
   850:    10724.910    10800.000
