File: C:\MED-PC\Data\2024-11-08_09h13m_Subject 35.txt


Start Date: 11/08/24
End Date: 11/08/24
Subject: 35
Experiment: OralFentSA
Group: One
Box: 3
Start Time: 09:13:14
End Time: 12:13:37
MSN: 20241014Golden_Liq_SelfAdmin
F:       0.000
G:    1600.000
H:   10800.000
I:       0.000
J:       0.000
K:       0.000
L:       0.000
M:       0.000
N:       0.000
O:       0.000
P:       0.000
Q:       0.000
R:       0.000
S:       0.000
U:       0.000
V:       0.000
W:       0.000
X:       0.000
Y:       0.000
Z:       0.000
A:
     0:        0.000        0.000      180.000        4.000        0.000
     5:        5.000        0.000        5.000        0.000        0.000
    10:        1.000        0.000       10.000   100000.000       17.000
    15:       15.000      640.000        0.000        0.000        0.000
    20:        0.000
B:
     0:        0.000        0.000        0.000      400.000        0.000
     5:      500.000        0.000      500.000        0.000        0.000
    10:        0.000        0.000     1000.000 10000000.000        0.000
    15:        0.000        0.000        0.000        0.000        0.000
    20:        0.000
C:
     0:       85.000       86.000       25.000      176.000      199.000
     5:    10762.190        3.930       45.000      714.940       15.888
    10:      176.000       25.000        0.000        0.000        0.000
    15:        0.000        0.000        0.000        0.000        0.000
    20:        0.000
D:
     0:        0.970       10.170        0.860        0.830        1.450
     5:        0.730        1.030        1.720        3.130        1.260
    10:       15.230        4.990        1.840        1.880        1.810
    15:        1.710        1.390        1.590        1.000        4.110
    20:        1.660        3.850        5.820        1.770        1.690
    25:        3.330        1.670        1.430       90.430        7.060
    30:        4.930        1.710        5.100        5.970        8.270
    35:      425.100        3.080       11.730       17.290        3.620
    40:        3.810       37.250        2.820        3.920        3.930
E:
     0:       19.000       11.000       26.000       27.000        1.000
     5:        6.000        6.000        6.000        6.000        6.000
    10:        6.000        6.000        6.000        6.000        6.000
    15:        6.000        6.000        6.000        6.000        6.000
    20:        6.000        6.000        6.000        6.000        6.000
    25:        6.000        6.000        6.000        6.000        6.000
    30:        6.000        6.000        2.000        4.000       22.000
    35:       24.000       12.000       13.000        8.000        5.000
    40:       17.000        6.000        6.000        6.000       18.000
    45:       21.000       22.000       14.000       10.000       21.000
    50:       22.000       21.000       22.000       21.000       22.000
    55:        6.000        6.000       19.000       11.000        6.000
    60:        2.000        4.000       22.000       24.000       12.000
    65:       13.000        8.000        5.000       17.000       18.000
    70:       14.000       10.000       19.000       11.000        6.000
    75:        2.000        4.000       22.000       24.000       12.000
    80:       13.000        8.000        5.000       17.000        6.000
    85:       21.000       22.000        6.000        6.000       18.000
    90:       21.000       22.000       14.000       10.000        6.000
    95:       21.000       22.000       19.000       11.000        1.000
   100:        1.000        1.000        1.000        2.000        4.000
   105:       22.000       24.000       12.000       13.000        8.000
   110:        5.000       17.000        6.000       18.000       14.000
   115:       10.000       19.000       11.000        6.000        6.000
   120:        6.000        6.000        6.000        6.000        6.000
   125:        6.000        6.000        6.000        2.000        4.000
   130:       22.000       24.000       12.000       13.000        8.000
   135:        5.000       17.000       21.000       22.000        6.000
   140:        6.000        6.000        6.000        6.000       18.000
   145:       14.000       10.000       19.000       11.000        2.000
   150:        4.000       22.000       24.000       12.000       13.000
   155:        8.000        5.000       17.000        6.000        6.000
   160:       18.000       14.000       10.000        6.000        6.000
   165:        6.000        6.000       19.000       11.000        6.000
   170:        1.000        6.000        6.000        2.000        4.000
   175:       22.000       24.000       12.000       13.000        8.000
   180:        5.000       17.000        6.000       18.000        6.000
   185:       14.000       10.000       19.000       11.000        6.000
   190:        6.000        6.000        2.000        4.000       22.000
   195:       24.000       12.000       13.000        8.000        5.000
   200:       17.000       21.000       22.000        6.000       18.000
   205:       14.000       10.000       19.000       11.000        2.000
   210:        4.000       22.000       24.000       12.000       13.000
   215:        8.000        5.000       17.000       21.000       22.000
   220:       21.000       22.000       21.000       22.000        6.000
   225:       18.000       21.000       22.000       21.000       22.000
   230:       14.000       10.000       21.000       22.000       21.000
   235:       22.000       19.000       11.000        2.000        4.000
   240:       22.000       24.000       12.000       13.000        8.000
   245:        5.000       17.000        6.000       21.000       22.000
   250:       18.000       21.000       22.000       14.000       10.000
   255:       21.000       22.000       21.000       22.000        6.000
   260:       19.000       11.000        2.000        4.000       22.000
   265:       24.000       12.000       13.000        8.000        5.000
   270:       17.000       21.000       22.000       18.000       14.000
   275:       10.000       21.000       22.000       19.000       11.000
   280:        6.000        6.000        1.000        1.000        6.000
   285:        6.000        6.000        6.000        1.000        1.000
   290:        1.000        2.000        4.000       22.000       24.000
   295:       12.000       13.000        8.000        5.000       17.000
   300:       18.000       21.000       22.000       14.000       10.000
   305:       21.000       22.000       21.000       22.000       19.000
   310:       11.000        2.000        4.000       22.000       24.000
   315:       12.000       13.000        8.000        5.000       17.000
   320:       21.000       22.000       18.000       21.000       22.000
   325:       14.000       10.000       19.000       11.000        2.000
   330:        4.000       22.000       24.000       12.000       13.000
   335:        8.000        5.000       17.000       21.000       22.000
   340:       18.000        6.000       14.000       10.000        6.000
   345:       21.000       22.000       19.000       11.000        2.000
   350:        4.000       22.000       24.000       12.000       13.000
   355:        8.000        5.000       17.000        6.000       18.000
   360:       14.000       10.000       19.000       11.000        6.000
   365:        2.000        4.000       22.000       24.000       12.000
   370:       13.000        8.000        5.000       17.000        6.000
   375:       18.000       14.000       10.000       19.000       11.000
   380:        6.000        6.000        6.000        6.000        2.000
   385:        4.000       22.000       24.000       12.000       13.000
   390:        8.000        5.000       17.000       21.000       22.000
   395:        6.000       18.000       14.000       10.000       19.000
   400:       11.000        6.000        6.000        6.000        2.000
   405:        4.000       22.000       24.000       12.000       13.000
   410:        8.000        5.000       17.000        6.000        6.000
   415:        6.000        6.000        6.000       18.000       14.000
   420:       10.000        6.000        6.000       19.000       11.000
   425:        2.000        4.000       22.000       24.000       12.000
   430:       13.000        8.000        5.000       17.000        6.000
   435:       18.000       14.000       10.000       19.000       11.000
   440:        2.000        4.000       22.000       24.000       12.000
   445:       13.000        8.000        5.000       17.000        6.000
   450:       18.000       14.000       10.000       21.000       22.000
   455:       19.000       11.000        2.000        4.000       22.000
   460:       24.000       12.000       13.000        8.000        5.000
   465:       17.000        6.000       21.000       22.000       18.000
   470:       14.000       10.000       19.000       11.000        6.000
   475:        2.000        4.000       22.000       24.000       12.000
   480:       13.000        8.000        5.000       17.000       21.000
   485:       22.000       21.000       22.000       18.000        6.000
   490:       14.000       10.000       21.000       22.000        6.000
   495:        6.000       19.000       11.000        6.000        6.000
   500:        1.000        1.000        1.000        1.000        1.000
   505:        1.000        1.000        1.000        1.000        2.000
   510:        4.000       22.000       24.000       12.000       13.000
   515:        8.000        5.000       17.000       21.000       22.000
   520:        6.000       21.000       22.000       18.000       21.000
   525:       22.000       14.000       10.000       21.000       22.000
   530:       21.000       22.000       19.000       11.000        2.000
   535:        4.000       22.000       24.000       12.000       13.000
   540:        8.000        5.000       17.000        6.000       18.000
   545:       14.000       10.000       19.000       11.000        2.000
   550:        4.000       22.000       24.000       12.000       13.000
   555:        8.000        5.000       17.000       21.000       22.000
   560:       21.000       22.000       21.000       22.000       21.000
   565:       22.000       18.000       21.000       22.000       14.000
   570:       10.000        6.000        6.000       19.000       11.000
   575:        6.000        1.000        6.000        6.000        6.000
   580:        6.000        6.000        6.000        6.000        6.000
   585:        2.000        4.000       22.000       24.000       12.000
   590:       13.000        8.000        5.000       17.000        6.000
   595:        6.000       18.000       14.000       10.000       19.000
   600:       11.000        6.000        6.000        6.000        6.000
   605:        6.000        6.000        6.000        6.000        6.000
   610:        6.000        6.000        6.000        6.000        2.000
   615:        4.000       22.000       24.000       12.000       13.000
   620:        8.000        5.000       17.000        6.000        6.000
   625:       18.000       14.000       10.000       19.000       11.000
   630:        2.000        4.000       22.000       24.000       12.000
   635:       13.000        8.000        5.000       17.000       21.000
   640:       22.000       21.000       22.000        6.000        6.000
   645:        6.000        6.000       18.000        6.000       14.000
   650:       10.000        6.000        6.000       19.000       11.000
   655:        2.000        4.000       22.000       24.000       12.000
   660:       13.000        8.000        5.000       17.000        6.000
   665:       18.000       14.000       10.000       19.000       11.000
   670:        6.000        6.000        6.000        2.000        4.000
   675:       22.000       24.000       12.000       13.000        8.000
   680:        5.000       17.000        6.000       18.000       14.000
   685:       10.000       19.000       11.000        6.000        2.000
   690:        4.000       22.000       24.000       12.000       13.000
   695:        8.000        5.000       17.000       21.000       22.000
   700:       18.000       14.000       10.000       19.000       11.000
   705:        6.000        6.000        6.000        6.000        6.000
   710:        2.000        4.000       22.000       24.000       12.000
   715:       13.000        8.000        5.000       17.000       21.000
   720:       22.000       18.000       14.000       10.000        6.000
   725:        6.000       19.000       11.000        2.000        4.000
   730:       22.000       24.000       12.000       13.000        8.000
   735:        5.000       17.000       21.000       22.000       21.000
   740:       22.000       18.000        6.000       14.000       10.000
   745:       21.000       22.000       21.000       22.000       19.000
   750:       11.000        2.000        4.000       22.000       24.000
   755:       12.000       13.000        8.000        5.000       17.000
   760:        6.000        6.000       18.000       14.000       10.000
   765:        6.000        6.000        6.000        6.000        6.000
   770:        6.000        6.000       19.000       11.000        6.000
   775:        6.000        6.000        6.000        6.000        2.000
   780:        4.000       22.000       24.000       12.000       13.000
   785:        8.000        5.000       17.000       21.000       22.000
   790:       18.000       14.000       10.000        6.000        6.000
   795:       19.000       11.000        2.000        4.000       22.000
   800:       24.000       12.000       13.000        8.000        5.000
   805:       17.000       21.000       22.000       21.000       22.000
   810:       18.000       14.000       10.000        6.000       21.000
   815:       22.000       19.000       11.000        2.000        4.000
   820:       22.000       24.000       12.000       13.000        8.000
   825:        5.000       17.000       18.000       14.000       10.000
   830:        6.000        6.000       19.000       11.000        2.000
   835:        4.000       22.000       24.000       12.000       13.000
   840:        8.000        5.000       17.000       21.000       22.000
   845:       21.000       22.000       18.000       14.000       10.000
   850:       19.000       11.000        2.000        4.000       22.000
   855:       24.000       12.000       13.000        8.000        5.000
   860:       17.000       18.000       14.000       10.000       19.000
   865:       11.000        6.000        6.000        6.000        2.000
   870:        4.000       22.000       24.000       12.000       13.000
   875:        8.000        5.000       17.000        6.000       18.000
   880:       14.000       10.000       19.000       11.000        2.000
   885:        4.000       22.000       24.000       12.000       13.000
   890:        8.000        5.000       17.000       21.000       22.000
   895:       18.000       14.000       10.000       19.000       11.000
   900:        6.000        1.000        2.000        4.000       22.000
   905:       24.000       12.000       13.000        8.000        5.000
   910:       17.000       18.000       21.000       22.000       14.000
   915:       10.000       21.000       22.000       19.000       11.000
   920:        2.000        4.000       22.000       24.000       12.000
   925:       13.000        8.000        5.000       17.000       18.000
   930:       14.000       10.000       21.000       22.000       19.000
   935:       11.000        2.000        4.000       22.000       24.000
   940:       12.000       13.000        8.000        5.000       17.000
   945:       21.000       22.000       18.000       14.000       10.000
   950:       19.000       11.000        6.000        2.000        4.000
   955:       22.000       24.000       12.000       13.000        8.000
   960:        5.000       17.000       21.000       22.000       21.000
   965:       22.000       18.000       14.000       10.000       19.000
   970:       11.000        2.000        4.000       22.000       24.000
   975:       12.000       13.000        8.000        5.000       17.000
   980:       18.000       14.000       10.000       19.000       11.000
   985:        2.000        4.000       22.000       24.000       12.000
   990:       13.000        8.000        5.000       17.000       21.000
   995:       22.000       21.000       22.000       18.000       14.000
  1000:       10.000       19.000       11.000        2.000        4.000
  1005:       22.000       24.000       12.000       13.000        8.000
  1010:        5.000       17.000       18.000       14.000       10.000
  1015:       19.000       11.000        2.000        4.000       22.000
  1020:       24.000       12.000       13.000        8.000        5.000
  1025:       17.000       18.000       14.000       10.000       19.000
  1030:       11.000        2.000        4.000       22.000       24.000
  1035:       12.000       13.000        8.000        5.000       17.000
  1040:       18.000       14.000       10.000       19.000       11.000
  1045:        2.000        4.000       22.000       24.000       12.000
  1050:       13.000        8.000        5.000       17.000       21.000
  1055:       22.000       18.000       14.000       10.000       19.000
  1060:       11.000        2.000        4.000       22.000       24.000
  1065:       12.000       13.000        8.000        5.000       17.000
  1070:       18.000       14.000       10.000       19.000       11.000
  1075:        2.000        4.000       22.000       24.000       12.000
  1080:       13.000        8.000        5.000       17.000       18.000
  1085:       14.000       10.000       19.000       11.000        2.000
  1090:        4.000       22.000       24.000       12.000       13.000
  1095:        8.000        5.000       17.000       18.000       14.000
  1100:       10.000       19.000       11.000        2.000        4.000
  1105:       22.000       24.000       12.000       13.000        8.000
  1110:        5.000       17.000       21.000       22.000       18.000
  1115:       21.000       22.000       14.000       10.000       19.000
  1120:       11.000        2.000        4.000       22.000       24.000
  1125:       12.000       13.000        8.000        5.000       17.000
  1130:       18.000       14.000       10.000       19.000       11.000
  1135:        2.000        4.000       22.000       24.000       12.000
  1140:       13.000        8.000        5.000       17.000       18.000
  1145:       14.000       10.000       19.000       11.000        2.000
  1150:        4.000       22.000       24.000       12.000       13.000
  1155:        8.000        5.000       17.000       21.000       22.000
  1160:        6.000       18.000       14.000       10.000       19.000
  1165:       11.000        2.000        4.000       22.000       24.000
  1170:       12.000       13.000        8.000        5.000       17.000
  1175:       21.000       22.000       18.000       14.000       10.000
  1180:       21.000       22.000       19.000       11.000        2.000
  1185:        4.000       22.000       24.000       12.000       13.000
  1190:        8.000        5.000       17.000        6.000        6.000
  1195:       18.000       14.000       10.000       19.000       11.000
  1200:        6.000        6.000        1.000        2.000        4.000
  1205:       22.000       24.000       12.000       13.000        8.000
  1210:        5.000       17.000       21.000       22.000       21.000
  1215:       22.000       18.000       14.000       10.000       21.000
  1220:       22.000       19.000       11.000        2.000        4.000
  1225:       22.000       24.000       12.000       13.000        8.000
  1230:        5.000       17.000       18.000       14.000       10.000
  1235:       19.000       11.000        2.000        4.000       22.000
  1240:       24.000       12.000       13.000        8.000        5.000
  1245:       17.000       18.000       14.000       10.000       21.000
  1250:       22.000       19.000       11.000        2.000        4.000
  1255:       22.000       24.000       12.000       13.000        8.000
  1260:        5.000       17.000       21.000       22.000       18.000
  1265:       14.000       10.000       21.000       22.000       19.000
  1270:       11.000        2.000        4.000       22.000       24.000
  1275:       12.000       13.000        8.000        5.000       17.000
  1280:       21.000       22.000       18.000       14.000       10.000
  1285:       19.000       11.000        2.000        4.000       22.000
  1290:       24.000       12.000       13.000        8.000        5.000
  1295:       17.000       18.000       14.000       10.000       19.000
  1300:       11.000        2.000        4.000       22.000       24.000
  1305:       12.000       13.000        8.000        5.000       17.000
  1310:       21.000       22.000       18.000       14.000       10.000
  1315:       19.000       11.000        2.000        4.000       22.000
  1320:       24.000       12.000       13.000        8.000        5.000
  1325:       17.000       18.000       14.000       10.000       19.000
  1330:       11.000        2.000        4.000       22.000       24.000
  1335:       12.000       13.000        8.000        5.000       17.000
  1340:       18.000       14.000       10.000       19.000       11.000
  1345:        2.000        4.000       22.000       24.000       12.000
  1350:       13.000        8.000        5.000       17.000       18.000
  1355:       14.000       10.000       19.000       11.000        2.000
  1360:        4.000       22.000       24.000       12.000       13.000
  1365:        8.000        5.000       17.000       18.000       14.000
  1370:       10.000       19.000       11.000        2.000        4.000
  1375:       22.000       24.000       12.000       13.000        8.000
  1380:        5.000       17.000       21.000       22.000       18.000
  1385:       14.000       10.000       19.000       11.000        2.000
  1390:        4.000       22.000       24.000       12.000       13.000
  1395:        8.000        5.000       17.000       18.000       14.000
  1400:       10.000       19.000       11.000        2.000        4.000
  1405:       22.000       24.000       12.000       13.000        8.000
  1410:        5.000       17.000       21.000       22.000       18.000
  1415:       14.000       10.000       19.000       11.000        2.000
  1420:        4.000       22.000       24.000       12.000       13.000
  1425:        8.000        5.000       17.000       21.000       22.000
  1430:       18.000       14.000       10.000       19.000       11.000
  1435:        2.000        4.000       22.000       24.000       12.000
  1440:       13.000        8.000        5.000       17.000       21.000
  1445:       22.000       21.000       22.000       18.000       14.000
  1450:       10.000       19.000       11.000        2.000        4.000
  1455:       22.000       24.000       12.000       13.000        8.000
  1460:        5.000       17.000       18.000       14.000       10.000
  1465:       19.000       11.000        2.000        4.000       22.000
  1470:       24.000       12.000       13.000        8.000        5.000
  1475:       17.000       18.000       14.000       10.000       21.000
  1480:       22.000       21.000       22.000       19.000       11.000
  1485:        2.000        4.000       22.000       24.000       12.000
  1490:       13.000        8.000        5.000       17.000       18.000
  1495:       14.000       10.000       19.000       11.000        2.000
  1500:        4.000       22.000       24.000       12.000       13.000
  1505:        8.000        5.000       17.000       21.000       22.000
  1510:       18.000       14.000       10.000       19.000       11.000
  1515:        2.000        4.000       22.000       24.000       12.000
  1520:       13.000        8.000        5.000       17.000       18.000
  1525:       14.000       10.000       19.000       11.000        1.000
  1530:        6.000        6.000        2.000        4.000       22.000
  1535:       24.000       12.000       13.000        8.000        5.000
  1540:       17.000       18.000       14.000       10.000       19.000
  1545:       11.000        2.000        4.000       22.000       24.000
  1550:       12.000       13.000        8.000        5.000       17.000
  1555:        6.000        6.000       18.000       14.000       10.000
  1560:       19.000       11.000        6.000        6.000        2.000
  1565:        4.000       22.000       24.000       12.000       13.000
  1570:        8.000        5.000       17.000        6.000       18.000
  1575:        6.000       14.000       10.000       19.000       11.000
  1580:        1.000        6.000        6.000        2.000        4.000
  1585:       22.000       24.000       12.000       13.000        8.000
  1590:        5.000       17.000       21.000       22.000        6.000
  1595:       18.000       14.000       10.000       19.000       11.000
  1600:      100.000
T:
     0:        0.000        0.000        0.000        0.000       66.410
     5:       73.700       76.840       78.960       86.910       87.320
    10:       88.880       89.060       89.470       91.670       92.530
    15:       92.980       93.180       93.590       96.950      114.820
    20:      135.290      135.850      142.360      142.920     1076.890
    25:     1077.640     1081.190     1085.290     1085.390     1086.320
    30:     1089.480     1093.240     1100.260     1100.260     1100.260
    35:     1100.270     1100.270     1100.270     1100.270     1100.270
    40:     1100.270     1101.240     1102.170     1102.380     1104.270
    45:     1105.170     1105.170     1105.270     1105.270     1105.420
    50:     1105.420     1105.540     1105.540     1106.250     1106.250
    55:     1107.010     1107.850     1110.260     1110.270     1122.260
    60:     1123.870     1123.870     1123.870     1123.880     1123.880
    65:     1123.880     1123.880     1123.880     1123.880     1127.880
    70:     1128.880     1128.880     1133.870     1133.880     1134.050
    75:     1135.450     1135.450     1135.450     1135.460     1135.460
    80:     1135.460     1135.460     1135.460     1135.460     1136.320
    85:     1137.490     1137.490     1138.750     1138.850     1139.460
    90:     1140.310     1140.310     1140.460     1140.460     1141.480
    95:     1142.780     1142.780     1145.450     1145.460     1153.750
   100:     1155.370     1156.910     1194.550     1267.170     1267.170
   105:     1267.170     1267.180     1267.180     1267.180     1267.180
   110:     1267.180     1267.180     1268.010     1271.180     1272.180
   115:     1272.180     1277.170     1277.180     1279.520     1280.870
   120:     1281.060     1281.220     1281.350     1282.880     1283.540
   125:     1284.100     1285.940     1286.640     1291.370     1291.370
   130:     1291.370     1291.380     1291.380     1291.380     1291.380
   135:     1291.380     1291.380     1291.980     1291.980     1292.830
   140:     1293.580     1293.950     1294.020     1294.940     1295.380
   145:     1296.380     1296.380     1301.370     1301.380     1310.270
   150:     1310.270     1310.270     1310.280     1310.280     1310.280
   155:     1310.280     1310.280     1310.280     1311.010     1314.250
   160:     1314.280     1315.280     1315.280     1316.580     1316.880
   165:     1317.280     1317.510     1320.270     1320.280     1324.740
   170:     1487.870     1494.400     1494.650     1496.490     1496.490
   175:     1496.490     1496.500     1496.500     1496.500     1496.500
   180:     1496.500     1496.500     1497.530     1500.500     1501.360
   185:     1501.500     1501.500     1506.490     1506.500     1522.620
   190:     1523.830     1524.340     1526.620     1526.620     1526.620
   195:     1526.630     1526.630     1526.630     1526.630     1526.630
   200:     1526.630     1527.550     1527.550     1528.350     1530.630
   205:     1531.630     1531.630     1536.620     1536.630     1553.790
   210:     1553.790     1553.790     1553.800     1553.800     1553.800
   215:     1553.800     1553.800     1553.800     1554.620     1554.620
   220:     1555.130     1555.130     1556.070     1556.070     1556.930
   225:     1557.800     1558.090     1558.090     1558.580     1558.580
   230:     1558.800     1558.800     1559.280     1559.280     1560.840
   235:     1560.840     1563.790     1563.800     1565.810     1565.810
   240:     1565.810     1565.820     1565.820     1565.820     1565.820
   245:     1565.820     1565.820     1567.080     1569.520     1569.520
   250:     1569.820     1570.690     1570.690     1570.820     1570.820
   255:     1570.910     1570.910     1573.640     1573.640     1574.350
   260:     1575.810     1575.820     1576.130     1576.130     1576.130
   265:     1576.140     1576.140     1576.140     1576.140     1576.140
   270:     1576.140     1577.090     1577.090     1580.140     1581.140
   275:     1581.140     1581.400     1581.400     1586.130     1586.140
   280:     1591.370     1633.410     1673.390     1722.650     1841.810
   285:     1854.070     1882.890     1883.100     1899.690     1900.380
   290:     1900.990     1911.400     1911.400     1911.400     1911.410
   295:     1911.410     1911.410     1911.410     1911.410     1911.410
   300:     1915.410     1915.720     1915.720     1916.410     1916.410
   305:     1918.250     1918.250     1920.310     1920.310     1921.400
   310:     1921.410     1921.610     1921.610     1921.610     1921.620
   315:     1921.620     1921.620     1921.620     1921.620     1921.620
   320:     1923.250     1923.250     1925.620     1925.620     1925.620
   325:     1926.620     1926.620     1931.610     1931.620     1937.870
   330:     1937.870     1937.870     1937.880     1937.880     1937.880
   335:     1937.880     1937.880     1937.880     1938.760     1938.760
   340:     1941.880     1942.870     1942.880     1942.880     1943.720
   345:     1947.420     1947.420     1947.870     1947.880     1950.220
   350:     1950.220     1950.220     1950.230     1950.230     1950.230
   355:     1950.230     1950.230     1950.230     1952.070     1954.230
   360:     1955.230     1955.230     1960.220     1960.230     2007.670
   365:     2016.350     2016.350     2016.350     2016.360     2016.360
   370:     2016.360     2016.360     2016.360     2016.360     2018.240
   375:     2020.360     2021.360     2021.360     2026.350     2026.360
   380:     2168.120     2169.040     2169.300     2169.890     2172.620
   385:     2172.620     2172.620     2172.630     2172.630     2172.630
   390:     2172.630     2172.630     2172.630     2173.370     2173.370
   395:     2174.440     2176.630     2177.630     2177.630     2182.620
   400:     2182.630     2342.470     2349.890     2350.710     2397.230
   405:     2397.230     2397.230     2397.240     2397.240     2397.240
   410:     2397.240     2397.240     2397.240     2398.950     2399.710
   415:     2400.690     2400.910     2400.990     2401.240     2402.240
   420:     2402.240     2402.290     2404.450     2407.230     2407.240
   425:     2410.210     2410.210     2410.210     2410.220     2410.220
   430:     2410.220     2410.220     2410.220     2410.220     2411.610
   435:     2414.220     2415.220     2415.220     2420.210     2420.220
   440:     2476.730     2476.730     2476.730     2476.740     2476.740
   445:     2476.740     2476.740     2476.740     2476.740     2478.330
   450:     2480.740     2481.740     2481.740     2482.970     2482.970
   455:     2486.730     2486.740     2571.600     2571.600     2571.600
   460:     2571.610     2571.610     2571.610     2571.610     2571.610
   465:     2571.610     2572.610     2574.890     2574.890     2575.610
   470:     2576.610     2576.610     2581.600     2581.610     2585.020
   475:     2590.870     2590.870     2590.870     2590.880     2590.880
   480:     2590.880     2590.880     2590.880     2590.880     2592.130
   485:     2592.130     2593.810     2593.810     2594.880     2594.990
   490:     2595.880     2595.880     2596.790     2596.790     2599.280
   495:     2600.090     2600.870     2600.880     2601.580     2601.890
   500:     2625.560     2626.940     2627.740     2629.190     2631.160
   505:     2632.360     2634.820     2640.360     2640.900     2679.910
   510:     2679.910     2679.910     2679.920     2679.920     2679.920
   515:     2679.920     2679.920     2679.920     2680.660     2680.660
   520:     2681.580     2683.670     2683.670     2683.920     2684.490
   525:     2684.490     2684.920     2684.920     2685.490     2685.490
   530:     2686.990     2686.990     2689.910     2689.920     2690.920
   535:     2690.920     2690.920     2690.930     2690.930     2690.930
   540:     2690.930     2690.930     2690.930     2694.780     2694.930
   545:     2695.930     2695.930     2700.920     2700.930     2710.460
   550:     2710.460     2710.460     2710.470     2710.470     2710.470
   555:     2710.470     2710.470     2710.470     2711.090     2711.090
   560:     2711.880     2711.880     2712.050     2712.050     2713.820
   565:     2713.820     2714.470     2714.620     2714.620     2715.470
   570:     2715.470     2716.290     2720.220     2720.460     2720.470
   575:     3156.010     3190.510     3228.020     3229.480     3229.520
   580:     3248.600     3248.920     3363.780     3366.720     3368.900
   585:     3373.160     3373.160     3373.160     3373.170     3373.170
   590:     3373.170     3373.170     3373.170     3373.170     3374.940
   595:     3376.090     3377.170     3378.170     3378.170     3383.160
   600:     3383.170     3385.410     3385.580     3386.140     3394.300
   605:     3400.500     3422.390     3424.510     3424.800     3440.710
   610:     3469.200     3469.290     3469.680     3469.760     3493.550
   615:     3493.550     3493.550     3493.560     3493.560     3493.560
   620:     3493.560     3493.560     3493.560     3495.250     3496.940
   625:     3497.560     3498.560     3498.560     3503.550     3503.560
   630:     3503.620     3503.620     3503.620     3503.630     3503.630
   635:     3503.630     3503.630     3503.630     3503.630     3504.160
   640:     3504.160     3505.140     3505.140     3506.960     3506.980
   645:     3507.410     3507.440     3507.630     3507.860     3508.630
   650:     3508.630     3509.130     3510.460     3513.620     3513.630
   655:     3516.700     3516.700     3516.700     3516.710     3516.710
   660:     3516.710     3516.710     3516.710     3516.710     3518.380
   665:     3520.710     3521.710     3521.710     3526.700     3526.710
   670:     3530.330     3530.400     3530.450     3533.380     3533.380
   675:     3533.380     3533.390     3533.390     3533.390     3533.390
   680:     3533.390     3533.390     3534.820     3537.390     3538.390
   685:     3538.390     3543.380     3543.390     3555.020     3557.200
   690:     3557.200     3557.200     3557.210     3557.210     3557.210
   695:     3557.210     3557.210     3557.210     3559.490     3559.490
   700:     3561.210     3562.210     3562.210     3567.200     3567.210
   705:     3647.640     3648.820     3650.510     3657.990     3658.610
   710:     3663.530     3663.530     3663.530     3663.540     3663.540
   715:     3663.540     3663.540     3663.540     3663.540     3666.830
   720:     3666.830     3667.540     3668.540     3668.540     3670.600
   725:     3671.540     3673.530     3673.540     3674.400     3674.400
   730:     3674.400     3674.410     3674.410     3674.410     3674.410
   735:     3674.410     3674.410     3675.150     3675.150     3678.210
   740:     3678.210     3678.410     3679.340     3679.410     3679.410
   745:     3681.260     3681.260     3683.740     3683.740     3684.400
   750:     3684.410     3687.710     3687.710     3687.710     3687.720
   755:     3687.720     3687.720     3687.720     3687.720     3687.720
   760:     3689.430     3689.480     3691.720     3692.720     3692.720
   765:     3695.480     3695.760     3696.000     3696.100     3696.240
   770:     3696.480     3697.530     3697.710     3697.720     3698.420
   775:     3701.230     3703.920     3716.600     3781.860     4822.770
   780:     4822.770     4822.770     4822.780     4822.780     4822.780
   785:     4822.780     4822.780     4822.780     4825.330     4825.330
   790:     4826.780     4827.780     4827.780     4827.880     4828.660
   795:     4832.770     4832.780     4833.550     4833.550     4833.550
   800:     4833.560     4833.560     4833.560     4833.560     4833.560
   805:     4833.560     4834.770     4834.770     4837.390     4837.390
   810:     4837.560     4838.560     4838.560     4839.530     4842.070
   815:     4842.070     4843.550     4843.560     4850.910     4850.910
   820:     4850.910     4850.920     4850.920     4850.920     4850.920
   825:     4850.920     4850.920     4854.920     4855.920     4855.920
   830:     4859.190     4859.360     4860.910     4860.920     4862.170
   835:     4862.170     4862.170     4862.180     4862.180     4862.180
   840:     4862.180     4862.180     4862.180     4863.630     4863.630
   845:     4866.020     4866.020     4866.180     4867.180     4867.180
   850:     4872.170     4872.180     6155.640     6155.640     6155.640
   855:     6155.650     6155.650     6155.650     6155.650     6155.650
   860:     6155.650     6159.650     6160.650     6160.650     6165.640
   865:     6165.650     6580.750     6581.100     6586.820     6639.580
   870:     6639.580     6639.580     6639.590     6639.590     6639.590
   875:     6639.590     6639.590     6639.590     6642.670     6643.590
   880:     6644.590     6644.590     6649.580     6649.590     6719.440
   885:     6719.440     6719.440     6719.450     6719.450     6719.450
   890:     6719.450     6719.450     6719.450     6723.300     6723.300
   895:     6723.450     6724.450     6724.450     6729.440     6729.450
   900:     6731.180     6740.030     6746.310     6746.310     6746.310
   905:     6746.320     6746.320     6746.320     6746.320     6746.320
   910:     6746.320     6750.320     6750.640     6750.640     6751.320
   915:     6751.320     6752.130     6752.130     6756.310     6756.320
   920:     7254.500     7254.500     7254.500     7254.510     7254.510
   925:     7254.510     7254.510     7254.510     7254.510     7258.510
   930:     7259.510     7259.510     7262.810     7262.810     7264.500
   935:     7264.510     7277.030     7277.030     7277.030     7277.040
   940:     7277.040     7277.040     7277.040     7277.040     7277.040
   945:     7279.020     7279.020     7281.040     7282.040     7282.040
   950:     7287.030     7287.040     7294.330     7303.380     7303.380
   955:     7303.380     7303.390     7303.390     7303.390     7303.390
   960:     7303.390     7303.390     7304.100     7304.100     7307.280
   965:     7307.280     7307.390     7308.390     7308.390     7313.380
   970:     7313.390     7555.290     7555.290     7555.290     7555.300
   975:     7555.300     7555.300     7555.300     7555.300     7555.300
   980:     7559.300     7560.300     7560.300     7565.290     7565.300
   985:     7750.070     7750.070     7750.070     7750.080     7750.080
   990:     7750.080     7750.080     7750.080     7750.080     7752.770
   995:     7752.770     7753.760     7753.760     7754.080     7755.080
  1000:     7755.080     7760.070     7760.080     7773.600     7773.600
  1005:     7773.600     7773.610     7773.610     7773.610     7773.610
  1010:     7773.610     7773.610     7777.610     7778.610     7778.610
  1015:     7783.600     7783.610     7841.810     7841.810     7841.810
  1020:     7841.820     7841.820     7841.820     7841.820     7841.820
  1025:     7841.820     7845.820     7846.820     7846.820     7851.810
  1030:     7851.820     8051.710     8051.710     8051.710     8051.720
  1035:     8051.720     8051.720     8051.720     8051.720     8051.720
  1040:     8055.720     8056.720     8056.720     8061.710     8061.720
  1045:     8148.110     8148.110     8148.110     8148.120     8148.120
  1050:     8148.120     8148.120     8148.120     8148.120     8148.230
  1055:     8148.230     8152.120     8153.120     8153.120     8158.110
  1060:     8158.120     8191.740     8191.740     8191.740     8191.750
  1065:     8191.750     8191.750     8191.750     8191.750     8191.750
  1070:     8195.750     8196.750     8196.750     8201.740     8201.750
  1075:     8291.720     8291.720     8291.720     8291.730     8291.730
  1080:     8291.730     8291.730     8291.730     8291.730     8295.730
  1085:     8296.730     8296.730     8301.720     8301.730     8422.630
  1090:     8422.630     8422.630     8422.640     8422.640     8422.640
  1095:     8422.640     8422.640     8422.640     8426.640     8427.640
  1100:     8427.640     8432.630     8432.640     8437.110     8437.110
  1105:     8437.110     8437.120     8437.120     8437.120     8437.120
  1110:     8437.120     8437.120     8437.940     8437.940     8441.120
  1115:     8441.670     8441.670     8442.120     8442.120     8447.110
  1120:     8447.120     8467.080     8467.080     8467.080     8467.090
  1125:     8467.090     8467.090     8467.090     8467.090     8467.090
  1130:     8471.090     8472.090     8472.090     8477.080     8477.090
  1135:     8489.910     8489.910     8489.910     8489.920     8489.920
  1140:     8489.920     8489.920     8489.920     8489.920     8493.920
  1145:     8494.920     8494.920     8499.910     8499.920     8602.120
  1150:     8602.120     8602.120     8602.130     8602.130     8602.130
  1155:     8602.130     8602.130     8602.130     8603.510     8603.510
  1160:     8605.750     8606.130     8607.130     8607.130     8612.120
  1165:     8612.130     8612.300     8612.300     8612.300     8612.310
  1170:     8612.310     8612.310     8612.310     8612.310     8612.310
  1175:     8613.980     8613.980     8616.310     8617.310     8617.310
  1180:     8617.420     8617.420     8622.300     8622.310     8973.490
  1185:     8973.490     8973.490     8973.500     8973.500     8973.500
  1190:     8973.500     8973.500     8973.500     8977.310     8977.470
  1195:     8977.500     8978.500     8978.500     8983.490     8983.500
  1200:     8992.420     8992.930     9018.510     9028.720     9028.720
  1205:     9028.720     9028.730     9028.730     9028.730     9028.730
  1210:     9028.730     9028.730     9029.890     9029.890     9031.830
  1215:     9031.830     9032.730     9033.730     9033.730     9033.930
  1220:     9033.930     9038.720     9038.730     9206.750     9206.750
  1225:     9206.750     9206.760     9206.760     9206.760     9206.760
  1230:     9206.760     9206.760     9210.760     9211.760     9211.760
  1235:     9216.750     9216.760     9349.790     9349.790     9349.790
  1240:     9349.800     9349.800     9349.800     9349.800     9349.800
  1245:     9349.800     9353.800     9354.800     9354.800     9356.960
  1250:     9356.960     9359.790     9359.800     9466.640     9466.640
  1255:     9466.640     9466.650     9466.650     9466.650     9466.650
  1260:     9466.650     9466.650     9468.140     9468.140     9470.650
  1265:     9471.650     9471.650     9472.890     9472.890     9476.640
  1270:     9476.650     9544.530     9544.530     9544.530     9544.540
  1275:     9544.540     9544.540     9544.540     9544.540     9544.540
  1280:     9547.890     9547.890     9548.540     9549.540     9549.540
  1285:     9554.530     9554.540     9582.720     9582.720     9582.720
  1290:     9582.730     9582.730     9582.730     9582.730     9582.730
  1295:     9582.730     9586.730     9587.730     9587.730     9592.720
  1300:     9592.730     9675.770     9675.770     9675.770     9675.780
  1305:     9675.780     9675.780     9675.780     9675.780     9675.780
  1310:     9676.460     9676.460     9679.780     9680.780     9680.780
  1315:     9685.770     9685.780     9746.740     9746.740     9746.740
  1320:     9746.750     9746.750     9746.750     9746.750     9746.750
  1325:     9746.750     9750.750     9751.750     9751.750     9756.740
  1330:     9756.750     9760.950     9760.950     9760.950     9760.960
  1335:     9760.960     9760.960     9760.960     9760.960     9760.960
  1340:     9764.960     9765.960     9765.960     9770.950     9770.960
  1345:     9773.950     9773.950     9773.950     9773.960     9773.960
  1350:     9773.960     9773.960     9773.960     9773.960     9777.960
  1355:     9778.960     9778.960     9783.950     9783.960     9917.160
  1360:     9917.160     9917.160     9917.170     9917.170     9917.170
  1365:     9917.170     9917.170     9917.170     9921.170     9922.170
  1370:     9922.170     9927.160     9927.170    10015.310    10015.310
  1375:    10015.310    10015.320    10015.320    10015.320    10015.320
  1380:    10015.320    10015.320    10018.390    10018.390    10019.320
  1385:    10020.320    10020.320    10025.310    10025.320    10036.770
  1390:    10036.770    10036.770    10036.780    10036.780    10036.780
  1395:    10036.780    10036.780    10036.780    10040.780    10041.780
  1400:    10041.780    10046.770    10046.780    10161.710    10161.710
  1405:    10161.710    10161.720    10161.720    10161.720    10161.720
  1410:    10161.720    10161.720    10164.930    10164.930    10165.720
  1415:    10166.720    10166.720    10171.710    10171.720    10286.170
  1420:    10286.170    10286.170    10286.180    10286.180    10286.180
  1425:    10286.180    10286.180    10286.180    10287.760    10287.760
  1430:    10290.180    10291.180    10291.180    10296.170    10296.180
  1435:    10366.780    10366.780    10366.780    10366.790    10366.790
  1440:    10366.790    10366.790    10366.790    10366.790    10368.960
  1445:    10368.960    10370.130    10370.130    10370.790    10371.790
  1450:    10371.790    10376.780    10376.790    10452.770    10452.770
  1455:    10452.770    10452.780    10452.780    10452.780    10452.780
  1460:    10452.780    10452.780    10456.780    10457.780    10457.780
  1465:    10462.770    10462.780    10493.680    10493.680    10493.680
  1470:    10493.690    10493.690    10493.690    10493.690    10493.690
  1475:    10493.690    10497.690    10498.690    10498.690    10499.610
  1480:    10499.610    10503.040    10503.040    10503.680    10503.690
  1485:    10515.940    10515.940    10515.940    10515.950    10515.950
  1490:    10515.950    10515.950    10515.950    10515.950    10519.950
  1495:    10520.950    10520.950    10525.940    10525.950    10526.620
  1500:    10526.620    10526.620    10526.630    10526.630    10526.630
  1505:    10526.630    10526.630    10526.630    10527.330    10527.330
  1510:    10530.630    10531.630    10531.630    10536.620    10536.630
  1515:    10539.400    10539.400    10539.400    10539.410    10539.410
  1520:    10539.410    10539.410    10539.410    10539.410    10543.410
  1525:    10544.410    10544.410    10549.400    10549.410    10554.040
  1530:    10576.660    10577.030    10601.650    10601.650    10601.650
  1535:    10601.660    10601.660    10601.660    10601.660    10601.660
  1540:    10601.660    10605.660    10606.660    10606.660    10611.650
  1545:    10611.660    10627.180    10627.180    10627.180    10627.190
  1550:    10627.190    10627.190    10627.190    10627.190    10627.190
  1555:    10630.010    10630.300    10631.190    10632.190    10632.190
  1560:    10637.180    10637.190    10646.540    10648.680    10700.340
  1565:    10700.340    10700.340    10700.350    10700.350    10700.350
  1570:    10700.350    10700.350    10700.350    10704.270    10704.350
  1575:    10704.700    10705.350    10705.350    10710.340    10710.350
  1580:    10717.050    10759.430    10759.630    10762.180    10762.180
  1585:    10762.180    10762.190    10762.190    10762.190    10762.190
  1590:    10762.190    10762.190    10764.380    10764.380    10766.120
  1595:    10766.190    10767.190    10767.190    10772.180    10772.190
  1600:    10800.000
