File: C:\MED-PC\Data\2024-11-20_09h14m_Subject 37.txt


Start Date: 11/20/24
End Date: 11/20/24
Subject: 37
Experiment: OralFentSA
Group: One
Box: 5
Start Time: 09:14:32
End Time: 12:15:11
MSN: Golden_Liq_SelfAdmin_EXT
F:       0.000
G:     344.000
H:   10800.000
I:       0.000
J:       0.000
K:       0.000
L:       0.000
M:       0.000
N:       0.000
O:       0.000
P:       0.000
Q:       0.000
R:       0.000
S:       0.000
U:       0.000
V:       0.000
W:       0.000
X:       0.000
Y:       0.000
Z:       0.000
A:
     0:        0.000        0.000      180.000        4.000        0.000
     5:        5.000        0.000        5.000        0.000        0.000
    10:        1.000        0.000       10.000   100000.000       26.000
    15:       23.000      600.000        0.000        0.000        0.000
    20:        0.000
B:
     0:        0.000        0.000        0.000        0.000        0.000
     5:        0.000        0.000        0.000        0.000        0.000
    10:        0.000        0.000     1000.000 10000000.000        0.000
    15:        0.000        0.000        0.000        0.000        0.000
    20:        0.000
C:
     0:        0.000       13.000        8.000       15.000      242.000
     5:     9673.650       14.610        9.000      602.940       66.993
    10:       15.000        8.000        0.000        0.000        0.000
    15:        0.000        0.000        0.000        0.000        0.000
    20:        0.000
D:
     0:       35.920      128.130        4.370      381.900        8.170
     5:        7.280       13.460        9.100       14.610
E:
     0:       19.000       11.000       26.000       27.000        1.000
     5:        2.000        4.000       22.000       24.000       12.000
    10:       20.000       19.000       11.000        6.000        6.000
    15:        6.000        2.000        4.000       22.000       24.000
    20:       12.000       19.000       11.000        2.000        4.000
    25:       22.000       24.000       12.000       19.000       11.000
    30:        6.000        6.000        6.000        6.000        6.000
    35:        2.000        4.000       22.000       24.000       12.000
    40:        6.000       19.000       11.000        6.000        6.000
    45:        1.000        6.000        6.000        6.000        2.000
    50:        4.000       22.000       24.000       12.000       19.000
    55:       11.000        2.000        4.000       22.000       24.000
    60:       12.000       19.000       11.000        1.000        6.000
    65:        6.000        6.000        6.000        6.000        6.000
    70:        6.000        6.000        2.000        4.000       22.000
    75:       24.000       12.000       21.000       22.000       21.000
    80:       22.000        6.000        6.000       19.000       11.000
    85:        6.000        6.000        6.000        6.000        6.000
    90:        6.000        6.000        6.000        6.000        6.000
    95:        6.000        6.000        6.000        6.000        6.000
   100:        6.000        6.000        6.000        6.000        6.000
   105:        6.000        6.000        6.000        6.000        6.000
   110:        6.000        6.000        6.000        6.000        6.000
   115:        6.000        6.000        6.000        6.000        6.000
   120:        6.000        6.000        6.000        6.000        6.000
   125:        6.000        6.000        6.000        6.000        2.000
   130:        4.000       22.000       24.000       12.000        6.000
   135:        6.000       19.000       11.000        6.000        6.000
   140:        6.000        6.000        6.000        6.000        6.000
   145:        6.000        6.000        6.000        6.000        6.000
   150:        6.000        6.000        6.000        6.000        6.000
   155:        6.000        6.000        6.000        6.000        6.000
   160:        6.000        6.000        6.000        6.000        6.000
   165:        6.000        6.000        6.000        6.000        6.000
   170:        6.000        6.000        6.000        6.000        6.000
   175:        6.000        6.000        6.000        6.000        6.000
   180:        6.000        6.000        6.000        6.000        6.000
   185:        6.000        6.000        6.000        6.000        6.000
   190:        6.000        6.000        6.000        6.000        6.000
   195:        6.000        6.000        6.000        6.000        6.000
   200:        6.000        6.000        6.000        6.000        6.000
   205:        1.000        6.000        6.000        6.000        6.000
   210:        6.000        6.000        6.000        6.000        6.000
   215:        6.000        6.000        6.000        6.000        6.000
   220:        6.000        6.000        6.000        6.000        6.000
   225:        6.000        6.000        6.000        6.000        6.000
   230:        6.000        2.000        4.000       22.000       24.000
   235:       12.000       20.000       19.000       11.000        2.000
   240:        4.000       22.000       24.000       12.000       21.000
   245:       22.000       19.000       11.000        6.000        6.000
   250:        6.000        6.000        1.000        6.000        6.000
   255:        6.000        6.000        6.000        6.000        6.000
   260:        6.000        6.000        6.000        2.000        4.000
   265:       22.000       24.000       12.000        6.000       19.000
   270:       11.000        6.000        6.000        6.000        6.000
   275:        6.000        6.000        6.000        6.000        6.000
   280:        6.000        6.000        6.000        6.000        6.000
   285:        6.000        6.000        6.000        6.000        6.000
   290:        6.000        6.000        6.000        6.000        6.000
   295:        6.000        6.000        6.000        6.000        6.000
   300:        6.000        6.000        6.000        6.000        6.000
   305:        6.000        6.000        6.000        6.000        6.000
   310:        6.000        6.000        6.000        2.000        4.000
   315:       22.000       24.000       12.000       19.000       11.000
   320:        6.000        1.000        6.000        6.000        6.000
   325:        6.000        6.000        6.000        6.000        6.000
   330:        6.000        6.000        6.000        6.000        6.000
   335:        6.000        6.000        6.000        6.000        6.000
   340:        6.000        6.000        6.000        6.000      100.000
T:
     0:        0.000        0.000        0.000        0.000       29.210
     5:       50.120       50.120       50.120       50.130       50.130
    10:       56.120       60.120       60.130       86.050       89.610
    15:       91.330      104.430      104.430      104.430      104.440
    20:      104.440      114.430      114.440      164.570      164.570
    25:      164.570      164.580      164.580      174.570      174.580
    30:      292.710      295.780      295.920      298.430      303.080
    35:      351.700      351.700      351.700      351.710      351.710
    40:      356.080      361.700      361.710      592.520      594.890
    45:      636.540      651.240      660.130      662.960      671.400
    50:      671.400      671.400      671.410      671.410      681.400
    55:      681.410      720.810      720.810      720.810      720.820
    60:      720.820      730.810      730.820     1085.020     1102.720
    65:     1104.540     1105.120     1106.380     1107.040     1111.980
    70:     1112.080     1112.270     1140.910     1140.910     1140.910
    75:     1140.920     1140.920     1146.120     1146.120     1146.420
    80:     1146.420     1149.090     1149.580     1150.910     1150.920
    85:     1210.870     1211.540     1217.020     1336.150     1347.860
    90:     1348.330     1351.080     1352.960     1354.130     1355.170
    95:     1400.510     1402.170     1641.300     1656.900     1657.160
   100:     1670.380     1671.440     1739.020     1739.080     1740.190
   105:     1740.910     1745.740     1750.350     1759.400     1763.740
   110:     1776.520     1779.010     1782.790     1788.390     1791.430
   115:     1791.550     1792.470     1795.010     1825.990     1826.160
   120:     1829.940     2004.480     2020.040     2020.090     2020.750
   125:     2021.630     2032.020     2034.740     2035.580     2047.200
   130:     2047.200     2047.200     2047.210     2047.210     2054.490
   135:     2056.900     2057.200     2057.210     2166.950     2170.320
   140:     2178.890     2179.210     2184.580     2201.060     2203.170
   145:     2397.550     2404.020     2404.890     2439.580     2451.300
   150:     2696.280     2698.050     2701.530     2702.380     2705.130
   155:     2705.290     2707.940     2709.440     2734.580     3071.950
   160:     3483.480     4228.150     4235.310     4235.340     4235.800
   165:     4235.970     4980.910     5016.680     5359.960     5365.890
   170:     5406.580     5712.680     5712.780     5732.740     5732.790
   175:     5741.550     5742.600     5743.150     5912.260     5912.760
   180:     5914.160     5922.260     5922.420     6189.370     6189.430
   185:     6189.470     6189.930     6215.720     6215.780     6244.070
   190:     6349.790     6355.830     6389.240     6390.960     6399.470
   195:     6401.640     6402.990     6403.450     6403.710     6433.390
   200:     6660.200     6665.560     6702.710     6705.680     6724.450
   205:     6899.730     6947.700     6950.270     6950.830     6951.950
   210:     6952.800     6952.920     6959.320     6964.950     7001.730
   215:     7008.520     7014.130     7108.230     7134.580     7134.760
   220:     7135.330     7135.910     7136.090     7136.450     7136.630
   225:     7136.760     7136.880     7136.960     7144.300     7145.860
   230:     7399.110     7410.690     7410.690     7410.690     7410.700
   235:     7410.700     7419.530     7420.690     7420.700     7430.090
   240:     7430.090     7430.090     7430.100     7430.100     7432.590
   245:     7432.590     7440.090     7440.100     7443.560     7531.250
   250:     7532.320     7533.490     7768.740     7786.220     7791.190
   255:     7803.080     7809.380     7817.230     7817.540     7818.270
   260:     7826.740     7830.080     7864.880     7872.140     7872.140
   265:     7872.140     7872.150     7872.150     7881.250     7882.140
   270:     7882.150     7882.500     7888.470     7892.940     7911.790
   275:     8135.300     8135.420     8211.970     8212.390     8212.460
   280:     8452.770     8453.560     8489.300     8493.720     8498.670
   285:     8662.170     8663.660     8719.160     8720.420     8893.750
   290:     8955.160     8981.340     8983.810     8983.860     8983.900
   295:     8984.060     8984.210     8984.300     8984.350     8984.600
   300:     8984.680     8985.030     8985.870     9123.070     9212.260
   305:     9217.690     9311.250     9311.330     9313.680     9313.860
   310:     9376.340     9557.710     9558.880     9673.640     9673.640
   315:     9673.640     9673.650     9673.650     9683.640     9683.650
   320:     9688.260     9753.380     9771.750     9773.820    10076.800
   325:    10077.100    10077.140    10077.190    10078.020    10082.750
   330:    10082.880    10301.220    10528.150    10529.250    10531.960
   335:    10616.430    10617.440    10618.830    10622.300    10657.780
   340:    10669.950    10671.970    10672.260    10672.290    10800.000
