File: C:\MED-PC\Data\2024-11-21_13h10m_Subject 51.txt


Start Date: 11/21/24
End Date: 11/21/24
Subject: 51
Experiment: OralFentSA
Group: One
Box: 7
Start Time: 13:10:01
End Time: 16:10:17
MSN: Golden_Liq_SelfAdmin_EXT
F:       0.000
G:     373.000
H:   10800.000
I:       0.000
J:       0.000
K:       0.000
L:       0.000
M:       0.000
N:       0.000
O:       0.000
P:       0.000
Q:       0.000
R:       0.000
S:       0.000
U:       0.000
V:       0.000
W:       0.000
X:       0.000
Y:       0.000
Z:       0.000
A:
     0:        0.000        0.000      180.000        4.000        0.000
     5:        5.000        0.000        5.000        0.000        0.000
    10:        1.000        0.000       10.000   100000.000       28.000
    15:       24.000      600.000        0.000        0.000        0.000
    20:        0.000
B:
     0:        0.000        0.000        0.000        0.000        0.000
     5:        0.000        0.000        0.000        0.000        0.000
    10:        0.000        0.000     1000.000 10000000.000        0.000
    15:        0.000        0.000        0.000        0.000        0.000
    20:        0.000
C:
     0:        0.000       14.000       34.000       14.000      242.000
     5:    10108.150       19.540       12.000      811.310       67.609
    10:       14.000       34.000        0.000        0.000        0.000
    15:        0.000        0.000        0.000        0.000        0.000
    20:        0.000
D:
     0:        6.680        6.780       54.740       95.210      303.140
     5:       12.310        1.220       18.550      280.880        7.010
    10:        5.250       19.540
E:
     0:       19.000       11.000       26.000       27.000        2.000
     5:        4.000       22.000       24.000       12.000       20.000
    10:        6.000        6.000        6.000        6.000        6.000
    15:       19.000       11.000        2.000        4.000       22.000
    20:       24.000       12.000        6.000        6.000       19.000
    25:       11.000        2.000        4.000       22.000       24.000
    30:       12.000       21.000       22.000       19.000       11.000
    35:        2.000        4.000       22.000       24.000       12.000
    40:       19.000       11.000        1.000        6.000        6.000
    45:        6.000        6.000        6.000        6.000        6.000
    50:        6.000        6.000        6.000        6.000        6.000
    55:        6.000        6.000        6.000        6.000        6.000
    60:        6.000        6.000        6.000        6.000        6.000
    65:        6.000        6.000        6.000        6.000        6.000
    70:        6.000        6.000        6.000        6.000        6.000
    75:        6.000        6.000        6.000        2.000        4.000
    80:       22.000       24.000       12.000       20.000       19.000
    85:       11.000        6.000        6.000        6.000        6.000
    90:        6.000        6.000        6.000        6.000        6.000
    95:        6.000        6.000        6.000        6.000        6.000
   100:        6.000        6.000        6.000        1.000        6.000
   105:        2.000        4.000       22.000       24.000       12.000
   110:       19.000       11.000        1.000        1.000        6.000
   115:        6.000        6.000        6.000        6.000        6.000
   120:        6.000        6.000        6.000        6.000        6.000
   125:        6.000        6.000        6.000        6.000        6.000
   130:        6.000        6.000        6.000        6.000        6.000
   135:        6.000        6.000        6.000        6.000        6.000
   140:        6.000        6.000        6.000        6.000        6.000
   145:        6.000        6.000        6.000        6.000        6.000
   150:        6.000        6.000        6.000        6.000        1.000
   155:        2.000        4.000       22.000       24.000       12.000
   160:       19.000       11.000        6.000        6.000        6.000
   165:        6.000        6.000        6.000        6.000        6.000
   170:        6.000        6.000        6.000        6.000        6.000
   175:        6.000        6.000        6.000        6.000        6.000
   180:        6.000        6.000        6.000        6.000        6.000
   185:        6.000        6.000        6.000        6.000        6.000
   190:        6.000        6.000        6.000        6.000        6.000
   195:        6.000        6.000        6.000        6.000        6.000
   200:        2.000        4.000       22.000       24.000       12.000
   205:        6.000        6.000       19.000       11.000        6.000
   210:        1.000        6.000        6.000        6.000        6.000
   215:        6.000        6.000        6.000        6.000        6.000
   220:        6.000        6.000        6.000        6.000        6.000
   225:        6.000        6.000        6.000        6.000        6.000
   230:        6.000        6.000        6.000        6.000        6.000
   235:        6.000        1.000        1.000        6.000        2.000
   240:        4.000       22.000       24.000       12.000       19.000
   245:       11.000        6.000        6.000        6.000        6.000
   250:        6.000        6.000        6.000        6.000        6.000
   255:        6.000        6.000        6.000        6.000        6.000
   260:        6.000        6.000        6.000        6.000        6.000
   265:        1.000        1.000        6.000        2.000        4.000
   270:       22.000       24.000       12.000       19.000       11.000
   275:        6.000        6.000        6.000        6.000        6.000
   280:        6.000        6.000        6.000        6.000        6.000
   285:        6.000        6.000        6.000        6.000        6.000
   290:        6.000        6.000        1.000        1.000        6.000
   295:        6.000        6.000        6.000        1.000        1.000
   300:        1.000        2.000        4.000       22.000       24.000
   305:       12.000        6.000        6.000       19.000       11.000
   310:        1.000        6.000        6.000        6.000        1.000
   315:        6.000        6.000        6.000        1.000        1.000
   320:        1.000        6.000        6.000        6.000        6.000
   325:        6.000        6.000        6.000        6.000        1.000
   330:        1.000        1.000        1.000        6.000        6.000
   335:        6.000        6.000        1.000        1.000        1.000
   340:        1.000        1.000        2.000        4.000       22.000
   345:       24.000       12.000        6.000       19.000       11.000
   350:        2.000        4.000       22.000       24.000       12.000
   355:       19.000       11.000        6.000        6.000        6.000
   360:        6.000        6.000        6.000        6.000        6.000
   365:        6.000        6.000        6.000        6.000        6.000
   370:        1.000        1.000        1.000      100.000
T:
     0:        0.000        0.000        0.000        0.000       14.350
     5:       14.350       14.350       14.360       14.360       17.670
    10:       21.040       22.020       22.180       22.440       22.680
    15:       24.350       24.360       53.510       53.510       53.510
    20:       53.520       53.520       60.300       60.550       63.510
    25:       63.520      129.590      129.590      129.590      129.600
    30:      129.600      133.710      133.710      139.590      139.600
    35:      141.940      141.940      141.940      141.950      141.950
    40:      151.940      151.950      158.340      196.690      198.510
    45:      199.470      199.510      200.190      200.950      201.370
    50:      208.250      210.340      211.140      211.450      212.140
    55:      212.210      212.780      213.050      214.830      214.860
    60:      215.020      215.170      215.320      215.570      216.180
    65:      220.060      221.450      222.290      222.520      222.820
    70:      222.880      225.490      228.010      228.700      229.270
    75:      234.610      234.830      235.120      245.510      245.510
    80:      245.510      245.520      245.520      252.560      255.510
    85:      255.520      340.730      368.180      368.390      371.500
    90:      371.590      373.090      373.340      373.520      373.600
    95:      375.920      378.010      378.210      378.660      379.630
   100:      380.450      381.360      381.390      390.300      398.830
   105:      438.540      438.540      438.540      438.550      438.550
   110:      448.540      448.550      453.650      554.410      741.690
   115:      741.740      742.160      742.700      743.000      758.720
   120:      758.900      758.930      759.420      759.500      759.530
   125:      760.380      856.430      856.810      857.680      861.220
   130:     1314.580     1315.530     1623.070     1627.950     1628.060
   135:     1628.740     1629.760     1629.920     1629.990     1630.030
   140:     1973.700     1973.860     1973.940     1974.180     1981.870
   145:     1982.010     1985.070     1989.650     1990.170     1990.260
   150:     1990.330     2126.990     2128.330     2128.370     2138.260
   155:     2165.760     2165.760     2165.760     2165.770     2165.770
   160:     2175.760     2175.770     2178.080     2178.180     2178.750
   165:     2200.760     2201.620     2202.760     2202.950     2293.380
   170:     2583.880     2588.690     2588.760     2588.940     2605.280
   175:     2606.400     2607.950     2608.160     2616.830     2616.940
   180:     2617.120     2617.240     2617.300     2617.620     2617.720
   185:     2618.480     2619.100     2619.210     2619.580     2619.770
   190:     2619.860     2619.910     2619.980     2620.060     2620.510
   195:     2621.130     2621.430     2622.190     2965.720     2968.660
   200:     2994.750     2994.750     2994.750     2994.760     2994.760
   205:     2995.980     2996.540     3004.750     3004.760     3134.040
   210:     3177.900     3564.010     3565.620     3568.650     3569.520
   215:     3570.290     3572.000     3572.250     3573.360     3573.780
   220:     3573.820     3574.340     3575.450     3611.020     3630.960
   225:     3645.400     3777.830     3778.030     3781.310     3781.860
   230:     3781.910     3786.960     3791.220     3792.940     3793.130
   235:     3795.820     3812.770     3813.480     4097.060     4438.050
   240:     4438.050     4438.050     4438.060     4438.060     4448.050
   245:     4448.060     4456.610     4456.910     4469.180     4470.660
   250:     4486.050     4486.230     4486.360     4486.400     4486.730
   255:     4489.090     4489.640     4489.680     4489.760     4490.150
   260:     4490.470     4529.450     4529.540     4553.790     4554.490
   265:     5031.480     5036.860     5187.360     5201.860     5201.860
   270:     5201.860     5201.870     5201.870     5211.860     5211.870
   275:     5482.750     5485.950     5486.040     5486.310     5487.080
   280:     5487.170     5487.230     6195.770     6196.320     6196.430
   285:     6200.410     6200.900     6210.140     6210.260     6211.960
   290:     6213.860     6746.410     6922.800     6927.800     6989.480
   295:     7052.820     7054.080     7054.460     7412.950     7825.360
   300:     7828.060     7841.450     7841.450     7841.450     7841.460
   305:     7841.460     7848.470     7848.700     7851.450     7851.460
   310:     7876.050     7885.270     7889.430     7893.500     8078.900
   315:     8148.780     8150.400     8151.220     8258.650     8300.870
   320:     8501.930     8631.730     8631.800     8632.010     8632.260
   325:     8633.210     8640.680     8640.950     8641.200     8878.310
   330:     8965.280     8967.490     9331.720     9357.160     9365.470
   335:     9404.550     9471.240     9587.250     9658.160     9662.840
   340:     9824.320    10087.150    10093.820    10093.820    10093.820
   345:    10093.830    10093.830    10099.080    10103.820    10103.830
   350:    10108.140    10108.140    10108.140    10108.150    10108.150
   355:    10118.140    10118.150    10127.690    10127.920    10200.900
   360:    10202.470    10204.940    10205.230    10205.310    10205.420
   365:    10205.450    10205.540    10205.660    10206.160    10206.540
   370:    10291.330    10621.500    10625.730    10800.000
