File: C:\MED-PC\Data\2024-11-12_15h29m_Subject 53.txt


Start Date: 11/12/24
End Date: 11/12/24
Subject: 53
Experiment: OralFentSA
Group: One
Box: 9
Start Time: 15:29:22
End Time: 18:29:34
MSN: Golden_Liq_SelfAdmin_EXT
F:       0.000
G:    2189.000
H:   10800.000
I:       0.000
J:       0.000
K:       0.000
L:       0.000
M:       0.000
N:       0.000
O:       0.000
P:       0.000
Q:       0.000
R:       0.000
S:       0.000
U:       0.000
V:       0.000
W:       0.000
X:       0.000
Y:       0.000
Z:       0.000
A:
     0:        0.000        0.000      180.000        4.000        0.000
     5:        5.000        0.000        5.000        0.000        0.000
    10:        1.000        0.000       10.000   100000.000       19.000
    15:       17.000      600.000        0.000        0.000        0.000
    20:        0.000
B:
     0:        0.000        0.000        0.000        0.000        0.000
     5:        0.000        0.000        0.000        0.000        0.000
    10:        0.000        0.000     1000.000 10000000.000        0.000
    15:        0.000        0.000        0.000        0.000        0.000
    20:        0.000
C:
     0:        0.000       78.000        0.000      245.000     1310.000
     5:    10403.630        1.070       60.000     1840.810       30.680
    10:      245.000        0.000        0.000        0.000        0.000
    15:        0.000        0.000        0.000        0.000        0.000
    20:        0.000
D:
     0:       13.390        4.320        3.080      116.030       20.570
     5:        2.040      118.010        3.480        0.780        2.030
    10:        1.860       83.770       15.990        2.240      256.240
    15:        3.520        5.970        2.810        3.030        4.020
    20:       64.210       13.450        6.970       11.500        8.510
    25:        3.470        3.910       30.790        7.040        1.200
    30:        4.280       42.520        5.140        1.990        2.940
    35:       41.880        1.400        7.980        3.290        9.630
    40:       10.420        7.290        3.850        4.030        2.530
    45:        3.740        3.310       55.000       46.210      150.340
    50:       67.300      402.260        3.510        2.260      126.640
    55:        2.610        2.760        8.350        2.050        1.070
E:
     0:       19.000       11.000       26.000       27.000        6.000
     5:        6.000        6.000        6.000        6.000        6.000
    10:        6.000        6.000        6.000        6.000        6.000
    15:        6.000        6.000        6.000        6.000        6.000
    20:        6.000        6.000        6.000        6.000        6.000
    25:        6.000        6.000        6.000        6.000        6.000
    30:        6.000        6.000        6.000        6.000        6.000
    35:        6.000        6.000        6.000        6.000        6.000
    40:        6.000        6.000        6.000        6.000        6.000
    45:        6.000        6.000        2.000        4.000       22.000
    50:       24.000       12.000       21.000       22.000       21.000
    55:       22.000       21.000       22.000       21.000       22.000
    60:       21.000       22.000       21.000       22.000       21.000
    65:       22.000       19.000       11.000        6.000        6.000
    70:        2.000        4.000       22.000       24.000       12.000
    75:       21.000       22.000       21.000       22.000       21.000
    80:       22.000       21.000       22.000       21.000       22.000
    85:       21.000       22.000        6.000        6.000       19.000
    90:       11.000        2.000        4.000       22.000       24.000
    95:       12.000       21.000       22.000        6.000       19.000
   100:       11.000        6.000        6.000        6.000        6.000
   105:        6.000        6.000        6.000        6.000        6.000
   110:        6.000        6.000        6.000        6.000        6.000
   115:        6.000        6.000        6.000        6.000        6.000
   120:        6.000        6.000        6.000        6.000        6.000
   125:        6.000        6.000        6.000        6.000        6.000
   130:        6.000        6.000        6.000        6.000        6.000
   135:        6.000        6.000        6.000        6.000        2.000
   140:        4.000       22.000       24.000       12.000       21.000
   145:       22.000       19.000       11.000        6.000        6.000
   150:        6.000        6.000        6.000        6.000        6.000
   155:        6.000        6.000        6.000        2.000        4.000
   160:       22.000       24.000       12.000       21.000       22.000
   165:       21.000       22.000       21.000       22.000       19.000
   170:       11.000        2.000        4.000       22.000       24.000
   175:       12.000       19.000       11.000        6.000        6.000
   180:        6.000        6.000        6.000        6.000        6.000
   185:        6.000        6.000        6.000        6.000        6.000
   190:        6.000        6.000        6.000        2.000        4.000
   195:       22.000       24.000       12.000        6.000        6.000
   200:       19.000       11.000        6.000        6.000        6.000
   205:        6.000        6.000        6.000        6.000        6.000
   210:        6.000        6.000        6.000        2.000        4.000
   215:       22.000       24.000       12.000       19.000       11.000
   220:        2.000        4.000       22.000       24.000       12.000
   225:       19.000       11.000        6.000        6.000        6.000
   230:        6.000        6.000        6.000        6.000        6.000
   235:        6.000        6.000        6.000        6.000        6.000
   240:        6.000        6.000        6.000        6.000        6.000
   245:        6.000        6.000        6.000        6.000        6.000
   250:        6.000        6.000        6.000        6.000        6.000
   255:        6.000        6.000        6.000        6.000        6.000
   260:        6.000        6.000        6.000        6.000        6.000
   265:        6.000        6.000        6.000        6.000        6.000
   270:        6.000        6.000        6.000        6.000        6.000
   275:        6.000        6.000        6.000        2.000        4.000
   280:       22.000       24.000       12.000       21.000       22.000
   285:       21.000       22.000        6.000        6.000        6.000
   290:        6.000        6.000        6.000        6.000        6.000
   295:       19.000       11.000        6.000        6.000        6.000
   300:        6.000        6.000        6.000        6.000        6.000
   305:        6.000        6.000        6.000        6.000        6.000
   310:        2.000        4.000       22.000       24.000       12.000
   315:        6.000        6.000        6.000        6.000        6.000
   320:        6.000       19.000       11.000        6.000        6.000
   325:        6.000        6.000        6.000        6.000        6.000
   330:        6.000        6.000        6.000        6.000        6.000
   335:        6.000        6.000        2.000        4.000       22.000
   340:       24.000       12.000        6.000        6.000        6.000
   345:        6.000       19.000       11.000        6.000        6.000
   350:        6.000        6.000        6.000        6.000        6.000
   355:        6.000        6.000        6.000        6.000        6.000
   360:        6.000        6.000        6.000        6.000        6.000
   365:        6.000        6.000        2.000        4.000       22.000
   370:       24.000       12.000       21.000       22.000       21.000
   375:       22.000       21.000       22.000       21.000       22.000
   380:       21.000       22.000       21.000       22.000       21.000
   385:       22.000       19.000       11.000        2.000        4.000
   390:       22.000       24.000       12.000        6.000        6.000
   395:        6.000        6.000       21.000       22.000       19.000
   400:       11.000        6.000        6.000        6.000        2.000
   405:        4.000       22.000       24.000       12.000       21.000
   410:       22.000       21.000       22.000       19.000       11.000
   415:        6.000        6.000        6.000        6.000        6.000
   420:        6.000        6.000        6.000        6.000        6.000
   425:        6.000        2.000        4.000       22.000       24.000
   430:       12.000       21.000       22.000       21.000       22.000
   435:       21.000       22.000       19.000       11.000        6.000
   440:        6.000        6.000        6.000        6.000        6.000
   445:        6.000        6.000        6.000        6.000        6.000
   450:        6.000        6.000        6.000        2.000        4.000
   455:       22.000       24.000       12.000       21.000       22.000
   460:       21.000       22.000       19.000       11.000        2.000
   465:        4.000       22.000       24.000       12.000        6.000
   470:        6.000        6.000        6.000        6.000       19.000
   475:       11.000        2.000        4.000       22.000       24.000
   480:       12.000       21.000       22.000       21.000       22.000
   485:       19.000       11.000        6.000        6.000        6.000
   490:        6.000        6.000        6.000        6.000        6.000
   495:        6.000        6.000        6.000        6.000        6.000
   500:        6.000        6.000        2.000        4.000       22.000
   505:       24.000       12.000        6.000        6.000       19.000
   510:       11.000        2.000        4.000       22.000       24.000
   515:       12.000        6.000        6.000       19.000       11.000
   520:        6.000        6.000        6.000        6.000        6.000
   525:        6.000        6.000        6.000        6.000        6.000
   530:        6.000        6.000        6.000        6.000        6.000
   535:        6.000        6.000        6.000        6.000        6.000
   540:        6.000        2.000        4.000       22.000       24.000
   545:       12.000        6.000        6.000        6.000        6.000
   550:       21.000       22.000       19.000       11.000        2.000
   555:        4.000       22.000       24.000       12.000       21.000
   560:       22.000        6.000        6.000       19.000       11.000
   565:        6.000        6.000        6.000        6.000        6.000
   570:        6.000        2.000        4.000       22.000       24.000
   575:       12.000       21.000       22.000        6.000        6.000
   580:        6.000       19.000       11.000        2.000        4.000
   585:       22.000       24.000       12.000       21.000       22.000
   590:       21.000       22.000       21.000       22.000       21.000
   595:       22.000       21.000       22.000       21.000       22.000
   600:       19.000       11.000        2.000        4.000       22.000
   605:       24.000       12.000       21.000       22.000       21.000
   610:       22.000       21.000       22.000       21.000       22.000
   615:       21.000       22.000       19.000       11.000        2.000
   620:        4.000       22.000       24.000       12.000       19.000
   625:       11.000        6.000        6.000        6.000        6.000
   630:        6.000        6.000        6.000        6.000        6.000
   635:        6.000        6.000        6.000        6.000        6.000
   640:        6.000        6.000        6.000        6.000        6.000
   645:        6.000        6.000        6.000        6.000        6.000
   650:        6.000        6.000        6.000        6.000        6.000
   655:        6.000        2.000        4.000       22.000       24.000
   660:       12.000       21.000       22.000       19.000       11.000
   665:        2.000        4.000       22.000       24.000       12.000
   670:       21.000       22.000       19.000       11.000        6.000
   675:        6.000        6.000        6.000        6.000        2.000
   680:        4.000       22.000       24.000       12.000       21.000
   685:       22.000       21.000       22.000       21.000       22.000
   690:       21.000       22.000        6.000       19.000       11.000
   695:        6.000        6.000        6.000        6.000        6.000
   700:        6.000        6.000        6.000        6.000        6.000
   705:        6.000        6.000        6.000        6.000        6.000
   710:        6.000        6.000        6.000        6.000        6.000
   715:        6.000        6.000        6.000        6.000        6.000
   720:        6.000        6.000        6.000        6.000        6.000
   725:        6.000        6.000        2.000        4.000       22.000
   730:       24.000       12.000       21.000       22.000       19.000
   735:       11.000        2.000        4.000       22.000       24.000
   740:       12.000       21.000       22.000       21.000       22.000
   745:       21.000       22.000       21.000       22.000       21.000
   750:       22.000       21.000       22.000       21.000       22.000
   755:       21.000       22.000       21.000       22.000       21.000
   760:       22.000       21.000       22.000       21.000       22.000
   765:       19.000       11.000        6.000        6.000        6.000
   770:        6.000        6.000        6.000        6.000        6.000
   775:        6.000        6.000        2.000        4.000       22.000
   780:       24.000       12.000       21.000       22.000        6.000
   785:        6.000        6.000       19.000       11.000        6.000
   790:        6.000        2.000        4.000       22.000       24.000
   795:       12.000        6.000        6.000       19.000       11.000
   800:        6.000        6.000        6.000        2.000        4.000
   805:       22.000       24.000       12.000        6.000        6.000
   810:       19.000       11.000        6.000        6.000        6.000
   815:        6.000        6.000        6.000        6.000        6.000
   820:        6.000        6.000        6.000        6.000        6.000
   825:        6.000        6.000        6.000        2.000        4.000
   830:       22.000       24.000       12.000       21.000       22.000
   835:       21.000       22.000       19.000       11.000        6.000
   840:        6.000        6.000        6.000        6.000        6.000
   845:        6.000        6.000        6.000        6.000        6.000
   850:        6.000        6.000        2.000        4.000       22.000
   855:       24.000       12.000       21.000       22.000       21.000
   860:       22.000       21.000       22.000       21.000       22.000
   865:       21.000       22.000       21.000       22.000       21.000
   870:       22.000       21.000       22.000       21.000       22.000
   875:       19.000       11.000        2.000        4.000       22.000
   880:       24.000       12.000       21.000       22.000       21.000
   885:       22.000        6.000        6.000       19.000       11.000
   890:        6.000        6.000        6.000        6.000        2.000
   895:        4.000       22.000       24.000       12.000        6.000
   900:        6.000        6.000        6.000        6.000        6.000
   905:       19.000       11.000        6.000        6.000        6.000
   910:        6.000        6.000        6.000        6.000        6.000
   915:        6.000        6.000        6.000        6.000        6.000
   920:        6.000        6.000        6.000        6.000        6.000
   925:        6.000        6.000        6.000        6.000        6.000
   930:        6.000        6.000        6.000        6.000        6.000
   935:        6.000        6.000        6.000        6.000        6.000
   940:        6.000        6.000        6.000        6.000        6.000
   945:        6.000        6.000        6.000        6.000        6.000
   950:        6.000        6.000        6.000        6.000        6.000
   955:        6.000        6.000        6.000        6.000        6.000
   960:        6.000        6.000        6.000        6.000        6.000
   965:        6.000        6.000        6.000        6.000        6.000
   970:        6.000        6.000        6.000        6.000        6.000
   975:        6.000        6.000        6.000        6.000        6.000
   980:        6.000        6.000        6.000        2.000        4.000
   985:       22.000       24.000       12.000       21.000       22.000
   990:        6.000       19.000       11.000        2.000        4.000
   995:       22.000       24.000       12.000       21.000       22.000
  1000:       19.000       11.000        6.000        6.000        6.000
  1005:        6.000        6.000        6.000        6.000        6.000
  1010:        6.000        6.000        6.000        6.000        6.000
  1015:        6.000        6.000        6.000        6.000        6.000
  1020:        6.000        6.000        6.000        6.000        6.000
  1025:        6.000        6.000        6.000        6.000        6.000
  1030:        6.000        6.000        6.000        6.000        6.000
  1035:        6.000        6.000        6.000        6.000        6.000
  1040:        6.000        6.000        6.000        6.000        6.000
  1045:        6.000        6.000        6.000        6.000        6.000
  1050:        6.000        6.000        6.000        6.000        6.000
  1055:        6.000        6.000        6.000        6.000        6.000
  1060:        6.000        6.000        6.000        6.000        6.000
  1065:        6.000        6.000        6.000        6.000        6.000
  1070:        6.000        6.000        6.000        6.000        6.000
  1075:        6.000        6.000        6.000        6.000        6.000
  1080:        6.000        6.000        6.000        6.000        6.000
  1085:        6.000        6.000        6.000        6.000        6.000
  1090:        6.000        6.000        6.000        6.000        6.000
  1095:        6.000        6.000        6.000        6.000        6.000
  1100:        6.000        6.000        6.000        6.000        6.000
  1105:        6.000        6.000        6.000        6.000        6.000
  1110:        6.000        6.000        6.000        6.000        6.000
  1115:        6.000        6.000        6.000        6.000        6.000
  1120:        6.000        6.000        6.000        6.000        6.000
  1125:        6.000        6.000        6.000        6.000        6.000
  1130:        6.000        6.000        6.000        6.000        6.000
  1135:        6.000        6.000        6.000        6.000        6.000
  1140:        6.000        6.000        6.000        6.000        6.000
  1145:        6.000        6.000        6.000        6.000        6.000
  1150:        6.000        6.000        6.000        6.000        6.000
  1155:        6.000        6.000        6.000        6.000        6.000
  1160:        6.000        6.000        6.000        6.000        6.000
  1165:        6.000        6.000        6.000        6.000        6.000
  1170:        6.000        6.000        6.000        6.000        6.000
  1175:        6.000        6.000        6.000        6.000        6.000
  1180:        6.000        6.000        2.000        4.000       22.000
  1185:       24.000       12.000       19.000       11.000        2.000
  1190:        4.000       22.000       24.000       12.000       21.000
  1195:       22.000        6.000        6.000        6.000        6.000
  1200:        6.000        6.000       19.000       11.000        6.000
  1205:        6.000        6.000        6.000        6.000        6.000
  1210:        6.000        6.000        6.000        6.000        6.000
  1215:        6.000        6.000        6.000        6.000        6.000
  1220:        6.000        6.000        6.000        6.000        6.000
  1225:        6.000        6.000        6.000        6.000        6.000
  1230:        6.000        6.000        6.000        6.000        6.000
  1235:        6.000        6.000        6.000        6.000        6.000
  1240:        6.000        6.000        6.000        6.000        6.000
  1245:        6.000        6.000        6.000        6.000        6.000
  1250:        6.000        6.000        6.000        6.000        6.000
  1255:        6.000        6.000        6.000        6.000        6.000
  1260:        6.000        6.000        6.000        6.000        6.000
  1265:        6.000        2.000        4.000       22.000       24.000
  1270:       12.000        6.000        6.000        6.000       19.000
  1275:       11.000        6.000        6.000        6.000        6.000
  1280:        6.000        2.000        4.000       22.000       24.000
  1285:       12.000        6.000        6.000        6.000        6.000
  1290:        6.000        6.000        6.000       19.000       11.000
  1295:        6.000        6.000        6.000        6.000        6.000
  1300:        6.000        6.000        6.000        6.000        6.000
  1305:        6.000        2.000        4.000       22.000       24.000
  1310:       12.000       21.000       22.000       21.000       22.000
  1315:       21.000       22.000       19.000       11.000        2.000
  1320:        4.000       22.000       24.000       12.000       19.000
  1325:       11.000        6.000        6.000        6.000        6.000
  1330:        6.000        6.000        6.000        6.000        6.000
  1335:        6.000        6.000        6.000        6.000        6.000
  1340:        6.000        6.000        6.000        6.000        6.000
  1345:        6.000        6.000        6.000        6.000        6.000
  1350:        6.000        6.000        6.000        6.000        6.000
  1355:        6.000        6.000        6.000        6.000        2.000
  1360:        4.000       22.000       24.000       12.000        6.000
  1365:        6.000        6.000        6.000        6.000        6.000
  1370:        6.000        6.000        6.000        6.000       19.000
  1375:       11.000        6.000        2.000        4.000       22.000
  1380:       24.000       12.000       21.000       22.000       21.000
  1385:       22.000       21.000       22.000       21.000       22.000
  1390:        6.000        6.000        6.000        6.000       19.000
  1395:       11.000        6.000        6.000        6.000        6.000
  1400:        6.000        6.000        6.000        6.000        6.000
  1405:        6.000        6.000        6.000        6.000        6.000
  1410:        6.000        6.000        6.000        6.000        6.000
  1415:        6.000        6.000        6.000        6.000        6.000
  1420:        6.000        6.000        6.000        6.000        6.000
  1425:        6.000        6.000        2.000        4.000       22.000
  1430:       24.000       12.000       21.000       22.000       19.000
  1435:       11.000        2.000        4.000       22.000       24.000
  1440:       12.000        6.000        6.000       19.000       11.000
  1445:        6.000        6.000        6.000        6.000        6.000
  1450:        6.000        6.000        6.000        6.000        6.000
  1455:        6.000        6.000        6.000        6.000        6.000
  1460:        6.000        6.000        6.000        6.000        6.000
  1465:        6.000        6.000        6.000        6.000        6.000
  1470:        6.000        6.000        6.000        6.000        6.000
  1475:        6.000        6.000        6.000        6.000        6.000
  1480:        6.000        6.000        6.000        6.000        6.000
  1485:        6.000        6.000        6.000        6.000        6.000
  1490:        6.000        6.000        6.000        6.000        6.000
  1495:        6.000        6.000        6.000        6.000        6.000
  1500:        6.000        6.000        6.000        6.000        6.000
  1505:        6.000        6.000        6.000        6.000        6.000
  1510:        6.000        6.000        6.000        6.000        6.000
  1515:        6.000        6.000        6.000        6.000        6.000
  1520:        6.000        6.000        6.000        6.000        6.000
  1525:        6.000        6.000        6.000        6.000        6.000
  1530:        6.000        6.000        6.000        6.000        6.000
  1535:        6.000        6.000        6.000        6.000        6.000
  1540:        6.000        6.000        6.000        6.000        6.000
  1545:        6.000        6.000        6.000        6.000        6.000
  1550:        2.000        4.000       22.000       24.000       12.000
  1555:       21.000       22.000       21.000       22.000       21.000
  1560:       22.000       21.000       22.000       21.000       22.000
  1565:       21.000       22.000       21.000       22.000       21.000
  1570:       22.000        6.000       19.000       11.000        6.000
  1575:        2.000        4.000       22.000       24.000       12.000
  1580:       21.000       22.000       21.000       22.000       21.000
  1585:       22.000       21.000       22.000       21.000       22.000
  1590:       21.000       22.000       21.000       22.000       21.000
  1595:       22.000       19.000       11.000        2.000        4.000
  1600:       22.000       24.000       12.000       21.000       22.000
  1605:       21.000       22.000       21.000       22.000       21.000
  1610:       22.000       21.000       22.000       21.000       22.000
  1615:       21.000       22.000       21.000       22.000       21.000
  1620:       22.000       21.000       22.000       19.000       11.000
  1625:        2.000        4.000       22.000       24.000       12.000
  1630:       21.000       22.000       21.000       22.000       21.000
  1635:       22.000       21.000       22.000       21.000       22.000
  1640:       21.000       22.000       21.000       22.000       21.000
  1645:       22.000       21.000       22.000       21.000       22.000
  1650:       21.000       22.000       19.000       11.000        6.000
  1655:        6.000        2.000        4.000       22.000       24.000
  1660:       12.000       21.000       22.000       21.000       22.000
  1665:       21.000       22.000       21.000       22.000       21.000
  1670:       22.000       21.000       22.000       21.000       22.000
  1675:       21.000       22.000       19.000       11.000        2.000
  1680:        4.000       22.000       24.000       12.000       21.000
  1685:       22.000       21.000       22.000       21.000       22.000
  1690:       21.000       22.000       21.000       22.000       21.000
  1695:       22.000       21.000       22.000       21.000       22.000
  1700:       21.000       22.000       21.000       22.000       21.000
  1705:       22.000       21.000       22.000       21.000       22.000
  1710:       21.000       22.000       21.000       22.000       21.000
  1715:       22.000       19.000       11.000        2.000        4.000
  1720:       22.000       24.000       12.000       21.000       22.000
  1725:       21.000       22.000       21.000       22.000       21.000
  1730:       22.000       21.000       22.000       21.000       22.000
  1735:        6.000        6.000        6.000       19.000       11.000
  1740:        6.000        2.000        4.000       22.000       24.000
  1745:       12.000       21.000       22.000       21.000       22.000
  1750:        6.000        6.000       19.000       11.000        6.000
  1755:        6.000        6.000        2.000        4.000       22.000
  1760:       24.000       12.000       19.000       11.000        2.000
  1765:        4.000       22.000       24.000       12.000        6.000
  1770:        6.000        6.000       19.000       11.000        2.000
  1775:        4.000       22.000       24.000       12.000        6.000
  1780:        6.000       19.000       11.000        2.000        4.000
  1785:       22.000       24.000       12.000        6.000        6.000
  1790:        6.000       19.000       11.000        6.000        6.000
  1795:        6.000        6.000        6.000        6.000        6.000
  1800:        6.000        6.000        2.000        4.000       22.000
  1805:       24.000       12.000        6.000       19.000       11.000
  1810:        6.000        6.000        6.000        6.000        6.000
  1815:        6.000        2.000        4.000       22.000       24.000
  1820:       12.000       19.000       11.000        6.000        6.000
  1825:        6.000        6.000        6.000        6.000        6.000
  1830:        6.000        6.000        6.000        6.000        6.000
  1835:        6.000        6.000        2.000        4.000       22.000
  1840:       24.000       12.000       21.000       22.000       21.000
  1845:       22.000       19.000       11.000        6.000        6.000
  1850:        6.000        6.000        6.000        6.000        6.000
  1855:        6.000        6.000        6.000        6.000        6.000
  1860:        6.000        6.000        6.000        6.000        6.000
  1865:        6.000        6.000        6.000        6.000        6.000
  1870:        6.000        6.000        6.000        6.000        6.000
  1875:        6.000        6.000        6.000        6.000        6.000
  1880:        2.000        4.000       22.000       24.000       12.000
  1885:       21.000       22.000       19.000       11.000        6.000
  1890:        6.000        6.000        6.000        2.000        4.000
  1895:       22.000       24.000       12.000       19.000       11.000
  1900:        6.000        6.000        6.000        6.000        6.000
  1905:        6.000        6.000        6.000        6.000        6.000
  1910:        6.000        6.000        6.000        6.000        6.000
  1915:        6.000        6.000        6.000        6.000        6.000
  1920:        6.000        6.000        6.000        6.000        6.000
  1925:        6.000        6.000        6.000        6.000        6.000
  1930:        6.000        6.000        6.000        6.000        6.000
  1935:        6.000        6.000        6.000        6.000        6.000
  1940:        6.000        6.000        6.000        6.000        6.000
  1945:        6.000        6.000        6.000        6.000        6.000
  1950:        6.000        6.000        2.000        4.000       22.000
  1955:       24.000       12.000       19.000       11.000        6.000
  1960:        6.000        6.000        6.000        2.000        4.000
  1965:       22.000       24.000       12.000        6.000        6.000
  1970:        6.000        6.000       19.000       11.000        2.000
  1975:        4.000       22.000       24.000       12.000        6.000
  1980:        6.000        6.000        6.000        6.000       19.000
  1985:       11.000        6.000        6.000        6.000        6.000
  1990:        6.000        6.000        2.000        4.000       22.000
  1995:       24.000       12.000       19.000       11.000        6.000
  2000:        6.000        6.000        6.000        6.000        6.000
  2005:        6.000        6.000        6.000        6.000        6.000
  2010:        6.000        6.000        6.000        6.000        6.000
  2015:        6.000        6.000        6.000        6.000        6.000
  2020:        6.000        6.000        6.000        2.000        4.000
  2025:       22.000       24.000       12.000        6.000        6.000
  2030:        6.000       19.000       11.000        6.000        6.000
  2035:        6.000        6.000        6.000        6.000        6.000
  2040:        6.000        6.000        2.000        4.000       22.000
  2045:       24.000       12.000        6.000        6.000        6.000
  2050:        6.000        6.000        6.000        6.000        6.000
  2055:        6.000       19.000       11.000        6.000        6.000
  2060:        6.000        6.000        2.000        4.000       22.000
  2065:       24.000       12.000       21.000       22.000        6.000
  2070:        6.000        6.000        6.000        6.000       19.000
  2075:       11.000        6.000        6.000        6.000        6.000
  2080:        6.000        6.000        6.000        6.000        6.000
  2085:        6.000        6.000        6.000        6.000        6.000
  2090:        2.000        4.000       22.000       24.000       12.000
  2095:        6.000        6.000        6.000        6.000        6.000
  2100:        6.000        6.000       19.000       11.000        6.000
  2105:        6.000        6.000        6.000        6.000        6.000
  2110:        6.000        2.000        4.000       22.000       24.000
  2115:       12.000        6.000        6.000        6.000        6.000
  2120:        6.000        6.000        6.000       19.000       11.000
  2125:        6.000        6.000        6.000        6.000        6.000
  2130:        6.000        6.000        6.000        6.000        6.000
  2135:        6.000        6.000        6.000        6.000        6.000
  2140:        6.000        6.000        6.000        6.000        6.000
  2145:        6.000        6.000        6.000        6.000        6.000
  2150:        6.000        6.000        6.000        6.000        6.000
  2155:        6.000        6.000        6.000        6.000        6.000
  2160:        6.000        6.000        6.000        6.000        6.000
  2165:        6.000        6.000        6.000        6.000        6.000
  2170:        6.000        6.000        6.000        6.000        6.000
  2175:        6.000        6.000        6.000        6.000        6.000
  2180:        6.000        6.000        6.000        6.000        6.000
  2185:        6.000        6.000        6.000        6.000      100.000
T:
     0:        0.000        0.000        0.000        0.000        6.750
     5:        7.640        7.660        7.720       19.270       20.310
    10:       20.640       22.350       22.500       22.630       25.340
    15:       75.280       76.010       76.360       78.220       78.320
    20:       79.620       84.750       85.150       85.190       85.280
    25:      122.120      123.460      124.220      137.010      149.670
    30:      157.350      157.670      158.660      158.980      159.010
    35:      159.180      175.130      175.690      175.710      338.450
    40:      339.260      339.440      339.560      339.860      340.160
    45:      340.240      340.930      365.130      365.130      365.130
    50:      365.140      365.140      368.500      368.500      368.780
    55:      368.780      370.080      370.080      370.330      370.330
    60:      371.250      371.250      373.270      373.270      373.800
    65:      373.800      375.130      375.140      378.530      378.760
    70:      395.000      395.000      395.000      395.010      395.010
    75:      396.290      396.290      396.780      396.780      397.210
    80:      397.210      397.670      397.670      398.010      398.010
    85:      398.090      398.090      399.330      399.920      405.000
    90:      405.010      439.130      439.130      439.130      439.140
    95:      439.140      441.400      441.400      442.220      449.130
   100:      449.140      499.760      505.190      506.900      506.980
   105:      508.570      508.890      508.960      509.040      509.980
   110:      516.170      516.920      520.150      525.410      530.700
   115:      531.150      536.130      536.420      536.740      536.860
   120:      537.240      537.270      542.810      543.540      543.560
   125:      551.330      551.540      552.070      571.510      571.930
   130:      573.490      574.070      578.300      578.670      581.230
   135:      581.380      581.480      581.570      581.710      592.330
   140:      592.330      592.330      592.340      592.340      597.900
   145:      597.900      602.330      602.340      708.370      709.110
   150:      709.350      710.000      710.380      713.210      713.320
   155:      715.370      804.490      902.200      914.980      914.980
   160:      914.980      914.990      914.990      918.880      918.880
   165:      920.150      920.150      921.150      921.150      924.980
   170:      924.990      931.810      931.810      931.810      931.820
   175:      931.820      941.810      941.820      952.390      952.980
   180:      953.170      957.950      960.350      961.330      961.580
   185:      963.840      964.050      964.750      964.970      966.550
   190:      967.130      967.400      967.450      972.650      972.650
   195:      972.650      972.660      972.660      974.700      976.730
   200:      982.650      982.660      982.860      983.310     1058.610
   205:     1058.900     1059.150     1062.390     1063.440     1063.610
   210:     1063.730     1064.110     1064.660     1076.670     1076.670
   215:     1076.670     1076.680     1076.680     1086.670     1086.680
   220:     1089.370     1089.370     1089.370     1089.380     1089.380
   225:     1099.370     1099.380     1207.390     1207.420     1208.370
   230:     1214.770     1214.900     1231.480     1231.840     1231.860
   235:     1241.940     1241.970     1242.030     1242.060     1242.310
   240:     1242.370     1243.800     1244.130     1245.100     1248.320
   245:     1249.140     1250.530     1250.720     1250.760     1250.920
   250:     1251.560     1251.720     1252.710     1253.240     1253.300
   255:     1253.450     1254.010     1255.690     1256.580     1256.660
   260:     1256.780     1257.320     1264.210     1269.420     1271.260
   265:     1272.090     1272.880     1276.270     1276.370     1277.070
   270:     1277.660     1278.430     1278.470     1282.270     1282.370
   275:     1282.430     1285.890     1285.910     1301.300     1301.300
   280:     1301.300     1301.310     1301.310     1303.050     1303.050
   285:     1304.350     1304.350     1304.790     1305.870     1307.120
   290:     1307.840     1308.440     1308.600     1308.700     1308.840
   295:     1311.300     1311.310     1319.160     1319.610     1319.660
   300:     1327.110     1327.410     1328.380     1330.170     1339.040
   305:     1339.140     1339.330     1347.780     1348.400     1348.550
   310:     1513.220     1513.220     1513.220     1513.230     1513.230
   315:     1514.010     1514.340     1514.470     1514.960     1516.020
   320:     1516.110     1523.220     1523.230     1632.490     1632.720
   325:     1632.890     1634.990     1728.170     1728.510     1730.200
   330:     1731.610     1731.760     1731.880     1738.430     1740.700
   335:     1740.880     1743.290     1744.470     1744.470     1744.470
   340:     1744.480     1744.480     1746.510     1746.790     1746.840
   345:     1749.090     1754.470     1754.480     1768.390     1770.530
   350:     1770.690     1770.770     1790.190     1791.120     1792.280
   355:     1792.760     1792.860     1793.410     1795.290     1796.790
   360:     1796.900     1796.960     1797.130     1798.290     1798.520
   365:     1800.830     1801.260     1807.040     1807.040     1807.040
   370:     1807.050     1807.050     1809.290     1809.290     1809.410
   375:     1809.410     1810.800     1810.800     1812.020     1812.020
   380:     1812.430     1812.430     1814.800     1814.800     1815.090
   385:     1815.090     1817.040     1817.050     1818.270     1818.270
   390:     1818.270     1818.280     1818.280     1820.140     1820.380
   395:     1820.760     1821.020     1822.160     1822.160     1828.270
   400:     1828.280     1828.840     1832.030     1832.230     1869.190
   405:     1869.190     1869.190     1869.200     1869.200     1870.530
   410:     1870.530     1873.600     1873.600     1879.190     1879.200
   415:     1952.970     1953.100     1955.480     1957.560     1958.760
   420:     1959.910     1969.910     1969.980     1971.640     1974.640
   425:     1974.820     2055.340     2055.340     2055.340     2055.350
   430:     2055.350     2059.570     2059.570     2060.540     2060.540
   435:     2064.470     2064.470     2065.340     2065.350     2071.340
   440:     2075.480     2075.930     2076.140     2077.690     2077.740
   445:     2078.890     2081.660     2083.080     2083.160     2083.340
   450:     2163.050     2164.000     2165.850     2343.210     2343.210
   455:     2343.210     2343.220     2343.220     2348.800     2348.800
   460:     2352.700     2352.700     2353.210     2353.220     2353.680
   465:     2353.680     2353.680     2353.690     2353.690     2355.930
   470:     2356.770     2356.930     2356.970     2358.410     2363.680
   475:     2363.690     2368.580     2368.580     2368.580     2368.590
   480:     2368.590     2368.750     2368.750     2375.760     2375.760
   485:     2378.580     2378.590     2624.830     2624.860     2626.750
   490:     2627.210     2627.630     2628.580     2630.730     2631.030
   495:     2631.080     2631.150     2635.730     2635.780     2635.840
   500:     2636.070     2637.930     2640.780     2640.780     2640.780
   505:     2640.790     2640.790     2644.310     2645.100     2650.780
   510:     2650.790     2659.100     2659.100     2659.100     2659.110
   515:     2659.110     2665.080     2668.970     2669.100     2669.110
   520:     2669.300     2724.920     2725.260     2729.880     2974.870
   525:     2975.680     2976.140     2976.520     3087.770     3088.010
   530:     3088.100     3088.200     3088.280     3088.300     3088.380
   535:     3088.770     3089.600     3094.920     3095.170     3096.850
   540:     3099.120     3114.330     3114.330     3114.330     3114.340
   545:     3114.340     3117.150     3118.310     3118.810     3119.020
   550:     3122.260     3122.260     3124.330     3124.340     3133.510
   555:     3133.510     3133.510     3133.520     3133.520     3134.740
   560:     3134.740     3136.550     3137.140     3143.510     3143.520
   565:     3445.200     3458.760     3459.300     3460.580     3460.620
   570:     3461.430     3471.910     3471.910     3471.910     3471.920
   575:     3471.920     3473.850     3473.850     3475.940     3475.960
   580:     3476.020     3481.910     3481.920     3532.770     3532.770
   585:     3532.770     3532.780     3532.780     3535.720     3535.720
   590:     3536.670     3536.670     3539.070     3539.070     3539.590
   595:     3539.590     3540.030     3540.030     3541.790     3541.790
   600:     3542.770     3542.780     3545.360     3545.360     3545.360
   605:     3545.370     3545.370     3546.000     3546.000     3546.550
   610:     3546.550     3547.680     3547.680     3547.940     3547.940
   615:     3548.700     3548.700     3555.360     3555.370     3556.540
   620:     3556.540     3556.540     3556.550     3556.550     3566.540
   625:     3566.550     3620.760     3622.110     3622.630     3623.440
   630:     3625.450     3625.530     3626.570     3626.950     3627.500
   635:     3627.590     3627.840     3627.940     3629.020     3629.300
   640:     3629.520     3629.640     3630.400     3630.760     3636.670
   645:     3724.760     3726.640     3730.380     3730.540     3743.390
   650:     3744.820     3745.610     3753.320     3753.850     3756.040
   655:     3756.090     3785.780     3785.780     3785.780     3785.790
   660:     3785.790     3785.920     3785.920     3795.780     3795.790
   665:     3803.840     3803.840     3803.840     3803.850     3803.850
   670:     3811.600     3811.600     3813.840     3813.850     3817.300
   675:     3817.990     3863.350     3863.780     3864.020     3883.550
   680:     3883.550     3883.550     3883.560     3883.560     3884.870
   685:     3884.870     3885.090     3885.090     3888.390     3888.390
   690:     3889.930     3889.930     3890.530     3893.550     3893.560
   695:     3895.180     3895.580     3896.030     3906.010     3907.800
   700:     3908.620     3909.680     3910.100     3910.530     3915.030
   705:     4032.420     4033.150     4033.250     4033.350     4033.440
   710:     4033.550     4034.040     4034.460     4049.510     4049.710
   715:     4050.490     4050.810     4054.090     4055.960     4056.470
   720:     4058.520     4058.690     4069.520     4070.290     4070.590
   725:     4070.620     4075.850     4092.910     4092.910     4092.910
   730:     4092.920     4092.920     4095.910     4095.910     4102.910
   735:     4102.920     4135.510     4135.510     4135.510     4135.520
   740:     4135.520     4135.950     4135.950     4136.110     4136.110
   745:     4138.810     4138.810     4139.210     4139.210     4139.710
   750:     4139.710     4140.200     4140.200     4142.570     4142.570
   755:     4143.210     4143.210     4143.620     4143.620     4144.290
   760:     4144.290     4144.790     4144.790     4145.210     4145.210
   765:     4145.510     4145.520     4147.020     4147.520     4149.740
   770:     4152.050     4153.440     4305.840     4306.540     4306.570
   775:     4307.320     4307.690     4380.580     4380.580     4380.580
   780:     4380.590     4380.590     4381.920     4381.920     4389.100
   785:     4389.160     4389.220     4390.580     4390.590     4396.950
   790:     4397.500     4554.750     4554.750     4554.750     4554.760
   795:     4554.760     4558.230     4558.280     4564.750     4564.760
   800:     4573.520     4573.850     4574.780     4604.850     4604.850
   805:     4604.850     4604.860     4604.860     4608.770     4610.450
   810:     4614.850     4614.860     4629.480     4630.500     4630.650
   815:     4632.330     4632.380     4635.160     4635.320     4635.840
   820:     4636.000     4636.110     4636.390     4637.290     4637.320
   825:     4639.740     4642.020     4643.790     4667.140     4667.140
   830:     4667.140     4667.150     4667.150     4669.670     4669.670
   835:     4673.720     4673.720     4677.140     4677.150     4697.940
   840:     4699.390     4704.240     4705.270     4710.840     4711.730
   845:     4714.170     4714.230     4770.750     4770.990     4771.050
   850:     4771.120     4778.460     4780.050     4780.050     4780.050
   855:     4780.060     4780.060     4784.190     4784.190     4784.400
   860:     4784.400     4784.660     4784.660     4785.390     4785.390
   865:     4785.550     4785.550     4786.730     4786.730     4787.000
   870:     4787.000     4788.770     4788.770     4789.970     4789.970
   875:     4790.050     4790.060     4790.180     4790.180     4790.180
   880:     4790.190     4790.190     4793.860     4793.860     4795.980
   885:     4795.980     4797.230     4798.260     4800.180     4800.190
   890:     4804.990     4805.310     4806.020     4809.390     4811.340
   895:     4811.340     4811.340     4811.350     4811.350     4812.550
   900:     4815.140     4815.520     4816.180     4817.580     4817.830
   905:     4821.340     4821.350     4831.040     4831.230     4831.310
   910:     4837.130     4837.230     4837.560     4846.780     4846.970
   915:     4847.090     4855.160     4855.360     4855.470     4868.990
   920:     4869.100     4869.190     4869.210     4869.320     4869.430
   925:     4869.510     4869.750     4876.130     4876.240     4886.840
   930:     4886.920     4887.020     4887.070     4887.370     4887.440
   935:     4892.040     4893.830     4896.270     4896.720     4897.030
   940:     4898.450     4898.550     4900.750     4900.770     4946.950
   945:     4947.190     4947.520     4948.850     4949.510     4949.830
   950:     4949.960     4952.140     4952.820     4957.360     4957.750
   955:     4957.940     4958.090     4963.280     4963.580     4963.680
   960:     4963.990     4964.060     4964.080     4964.230     4964.650
   965:     4964.830     4965.350     4965.540     4976.680     4976.790
   970:     4977.220     4977.470     5000.190     5002.860     5002.960
   975:     5003.550     5003.880     5019.350     5020.690     5021.790
   980:     5026.490     5026.820     5026.960     5042.940     5042.940
   985:     5042.940     5042.950     5042.950     5044.950     5044.950
   990:     5047.230     5052.940     5052.950     5069.150     5069.150
   995:     5069.150     5069.160     5069.160     5073.510     5073.510
  1000:     5079.150     5079.160     5111.680     5111.740     5112.010
  1005:     5112.610     5113.390     5121.220     5122.510     5137.440
  1010:     5139.690     5139.830     5139.970     5141.530     5144.730
  1015:     5144.880     5144.990     5145.230     5145.360     5145.470
  1020:     5145.570     5145.710     5145.960     5146.120     5146.300
  1025:     5146.420     5146.550     5146.650     5146.850     5146.950
  1030:     5147.120     5147.360     5148.180     5148.330     5148.460
  1035:     5149.780     5154.570     5155.730     5155.820     5156.490
  1040:     5156.810     5156.950     5157.570     5158.300     5159.250
  1045:     5159.300     5164.450     5168.770     5168.970     5174.370
  1050:     5174.480     5175.320     5175.700     5176.000     5189.530
  1055:     5190.270     5190.490     5190.860     5191.990     5193.490
  1060:     5196.690     5196.720     5201.950     5202.530     5204.070
  1065:     5204.170     5207.170     5207.240     5207.600     5207.940
  1070:     5208.230     5208.270     5208.440     5208.880     5209.140
  1075:     5209.260     5209.350     5209.590     5209.840     5211.230
  1080:     5211.470     5211.660     5215.750     5216.050     5216.220
  1085:     5216.340     5216.540     5216.860     5217.450     5217.700
  1090:     5218.260     5218.470     5219.040     5219.230     5219.330
  1095:     5219.430     5219.630     5229.730     5237.820     5238.840
  1100:     5238.910     5238.940     5239.230     5239.310     5239.470
  1105:     5239.600     5242.340     5242.790     5243.330     5244.620
  1110:     5249.440     5249.800     5252.390     5253.180     5253.260
  1115:     5255.640     5255.710     5256.070     5260.340     5261.400
  1120:     5261.730     5265.870     5267.170     5267.340     5267.480
  1125:     5267.730     5268.110     5268.340     5279.480     5279.800
  1130:     5280.070     5280.230     5280.320     5280.500     5282.260
  1135:     5282.620     5282.870     5283.030     5283.190     5283.450
  1140:     5283.740     5284.680     5285.410     5285.610     5285.690
  1145:     5285.990     5286.160     5286.350     5287.600     5287.780
  1150:     5287.900     5288.640     5288.710     5288.870     5289.110
  1155:     5289.230     5290.900     5294.760     5294.810     5295.550
  1160:     5299.990     5305.560     5305.920     5306.040     5306.250
  1165:     5306.660     5306.860     5307.120     5307.330     5309.500
  1170:     5311.010     5313.230     5315.020     5315.590     5315.670
  1175:     5316.060     5316.520     5318.400     5318.460     5318.500
  1180:     5319.640     5319.950     5331.350     5331.350     5331.350
  1185:     5331.360     5331.360     5341.350     5341.360     5348.020
  1190:     5348.020     5348.020     5348.030     5348.030     5349.920
  1195:     5349.920     5353.170     5354.480     5354.570     5354.780
  1200:     5354.830     5357.270     5358.020     5358.030     5358.480
  1205:     5359.210     5361.190     5362.160     5366.560     5366.660
  1210:     5367.010     5418.460     5420.640     5420.830     5422.270
  1215:     5422.600     5422.780     5422.950     5424.650     5425.260
  1220:     5425.710     5426.180     5426.330     5427.880     5428.410
  1225:     5428.880     5429.160     5429.200     5429.340     5431.340
  1230:     5491.610     5493.310     5494.490     5495.940     5496.310
  1235:     5496.370     5496.430     5496.450     5496.940     5508.660
  1240:     5509.220     5509.240     5510.860     5511.470     5512.980
  1245:     5519.390     5519.510     5519.560     5519.640     5520.570
  1250:     5522.160     5522.340     5522.520     5532.310     5533.320
  1255:     5533.980     5534.240     5535.070     5541.980     5543.930
  1260:     5553.170     5554.310     5557.640     5560.770     5561.020
  1265:     5562.280     5618.290     5618.290     5618.290     5618.300
  1270:     5618.300     5620.290     5621.400     5622.920     5628.290
  1275:     5628.300     5644.580     5646.470     5651.550     5653.260
  1280:     5653.300     5668.180     5668.180     5668.180     5668.190
  1285:     5668.190     5671.130     5672.170     5672.230     5673.530
  1290:     5673.570     5673.690     5674.670     5678.180     5678.190
  1295:     5748.190     5749.300     5750.620     5750.690     5752.580
  1300:     5753.480     5754.110     5756.800     5758.040     5759.360
  1305:     5761.240     5791.640     5791.640     5791.640     5791.650
  1310:     5791.650     5792.150     5792.150     5796.070     5796.070
  1315:     5799.290     5799.290     5801.640     5801.650     5810.330
  1320:     5810.330     5810.330     5810.340     5810.340     5820.330
  1325:     5820.340     5852.220     5856.860     5857.080     5876.030
  1330:     5876.080     5876.160     5876.320     5876.410     5876.560
  1335:     5876.720     5878.580     5878.820     5879.050     5879.250
  1340:     5879.400     5880.790     5880.900     5881.160     5881.360
  1345:     5887.240     5887.570     5890.840     5903.020     5904.830
  1350:     5908.520     5909.240     5912.150     5912.270     5913.480
  1355:     5913.600     5913.660     6074.700     6076.680     6293.590
  1360:     6293.590     6293.590     6293.600     6293.600     6295.000
  1365:     6295.600     6295.650     6295.710     6295.810     6298.490
  1370:     6298.590     6300.070     6300.280     6303.290     6303.590
  1375:     6303.600     6304.370     6358.310     6358.310     6358.310
  1380:     6358.320     6358.320     6361.290     6361.290     6361.840
  1385:     6361.840     6362.770     6362.770     6363.020     6363.020
  1390:     6366.300     6366.760     6366.950     6367.500     6368.310
  1395:     6368.320     6371.410     6425.860     6425.960     6427.690
  1400:     6429.150     6429.510     6432.430     6436.650     6438.060
  1405:     6438.410     6438.450     6439.440     6441.670     6441.740
  1410:     6441.820     6442.000     6442.170     6442.260     6442.990
  1415:     6443.140     6443.600     6443.700     6444.720     6444.810
  1420:     6445.170     6446.610     6446.670     6447.800     6447.940
  1425:     6451.520     6463.490     6593.030     6593.030     6593.030
  1430:     6593.040     6593.040     6594.580     6594.580     6603.030
  1435:     6603.040     6657.010     6657.010     6657.010     6657.020
  1440:     6657.020     6660.310     6660.980     6667.010     6667.020
  1445:     6684.700     6687.680     6687.700     6687.800     6689.020
  1450:     6732.990     6733.340     6733.990     6734.020     6734.730
  1455:     6745.890     6748.300     6785.510     6786.460     6786.570
  1460:     6787.160     6788.650     6790.050     6790.110     6796.850
  1465:     6819.540     6819.920     6821.300     6822.940     6825.810
  1470:     6825.990     6826.200     6826.290     6827.180     6827.210
  1475:     6833.290     6835.060     6841.730     6844.000     6847.500
  1480:     6847.800     6847.970     6848.160     6850.450     6850.490
  1485:     6850.800     6855.220     6855.450     6855.560     6857.290
  1490:     6857.570     6857.640     6857.730     6858.790     6858.820
  1495:     6861.990     6862.060     6863.020     6863.630     6863.660
  1500:     6863.710     6863.820     6863.960     6864.050     6864.100
  1505:     6864.170     6865.350     6865.480     6867.250     6867.640
  1510:     6872.750     6872.940     6873.090     6873.170     6873.950
  1515:     6873.990     6874.070     6874.740     6874.810     6875.020
  1520:     6936.780     6937.990     6938.890     6939.050     6939.110
  1525:     6939.130     6939.200     6939.850     6944.100     6944.470
  1530:     6945.150     6945.190     6946.590     6946.850     6946.940
  1535:     6946.990     6947.260     6947.850     6947.900     6947.980
  1540:     6948.080     6948.190     6948.240     6948.340     6948.370
  1545:     6949.030     6953.630     6976.750     6977.520     7006.150
  1550:     7009.430     7009.430     7009.430     7009.440     7009.440
  1555:     7012.430     7012.430     7012.740     7012.740     7013.870
  1560:     7013.870     7015.830     7015.830     7016.370     7016.370
  1565:     7016.580     7016.580     7017.280     7017.280     7017.790
  1570:     7017.790     7019.070     7019.430     7019.440     7020.750
  1575:     7026.040     7026.040     7026.040     7026.050     7026.050
  1580:     7029.120     7029.120     7030.820     7030.820     7031.740
  1585:     7031.740     7032.440     7032.440     7032.830     7032.830
  1590:     7033.000     7033.000     7034.010     7034.010     7034.460
  1595:     7034.460     7036.040     7036.050     7036.100     7036.100
  1600:     7036.100     7036.110     7036.110     7036.530     7036.530
  1605:     7037.520     7037.520     7038.070     7038.070     7038.550
  1610:     7038.550     7039.950     7039.950     7040.540     7040.540
  1615:     7041.820     7041.820     7043.570     7043.570     7044.560
  1620:     7044.560     7045.280     7045.280     7046.100     7046.110
  1625:     7046.390     7046.390     7046.390     7046.400     7046.400
  1630:     7047.240     7047.240     7048.030     7048.030     7048.550
  1635:     7048.550     7048.740     7048.740     7050.180     7050.180
  1640:     7050.850     7050.850     7051.310     7051.310     7053.270
  1645:     7053.270     7053.740     7053.740     7054.520     7054.520
  1650:     7055.730     7055.730     7056.390     7056.400     7056.820
  1655:     7058.010     7061.810     7061.810     7061.810     7061.820
  1660:     7061.820     7063.110     7063.110     7063.670     7063.670
  1665:     7063.890     7063.890     7064.360     7064.360     7064.580
  1670:     7064.580     7065.980     7065.980     7066.860     7066.860
  1675:     7067.180     7067.180     7071.810     7071.820     7075.280
  1680:     7075.280     7075.280     7075.290     7075.290     7076.610
  1685:     7076.610     7077.430     7077.430     7078.160     7078.160
  1690:     7078.880     7078.880     7079.280     7079.280     7079.890
  1695:     7079.890     7080.110     7080.110     7080.230     7080.230
  1700:     7080.410     7080.410     7081.340     7081.340     7081.850
  1705:     7081.850     7082.130     7082.130     7082.360     7082.360
  1710:     7083.650     7083.650     7084.030     7084.030     7084.350
  1715:     7084.350     7085.280     7085.290     7085.380     7085.380
  1720:     7085.380     7085.390     7085.390     7086.390     7086.390
  1725:     7087.330     7087.330     7087.890     7087.890     7088.080
  1730:     7088.080     7089.690     7089.690     7090.840     7090.840
  1735:     7092.680     7093.720     7093.740     7095.380     7095.390
  1740:     7096.600     7130.090     7130.090     7130.090     7130.100
  1745:     7130.100     7132.330     7132.330     7133.330     7133.330
  1750:     7133.950     7139.960     7140.090     7140.100     7160.800
  1755:     7161.710     7161.800     7297.690     7297.690     7297.690
  1760:     7297.700     7297.700     7307.690     7307.700     7483.430
  1765:     7483.430     7483.430     7483.440     7483.440     7487.470
  1770:     7488.040     7488.140     7493.430     7493.440     7550.520
  1775:     7550.520     7550.520     7550.530     7550.530     7553.060
  1780:     7553.750     7560.520     7560.530     7583.580     7583.580
  1785:     7583.580     7583.590     7583.590     7587.330     7587.450
  1790:     7593.500     7593.580     7593.590     7593.880     7597.680
  1795:     7597.880     7598.180     7622.420     7622.840     7623.420
  1800:     7624.340     7625.730     7634.110     7634.110     7634.110
  1805:     7634.120     7634.120     7637.430     7644.110     7644.120
  1810:     7648.450     7649.040     7673.200     7673.510     7681.290
  1815:     7681.450     7691.320     7691.320     7691.320     7691.330
  1820:     7691.330     7701.320     7701.330     7746.330     7747.340
  1825:     7747.530     7748.430     7748.620     7748.690     7756.190
  1830:     7762.180     7762.600     7762.690     7762.750     7762.820
  1835:     7770.390     7773.510     7953.510     7953.510     7953.510
  1840:     7953.520     7953.520     7954.030     7954.030     7955.350
  1845:     7955.350     7963.510     7963.520     7999.730     8006.290
  1850:     8015.500     8016.150     8023.680     8024.400     8024.550
  1855:     8025.020     8025.570     8026.030     8026.120     8026.260
  1860:     8026.370     8026.980     8027.320     8028.210     8028.320
  1865:     8028.470     8029.190     8029.270     8029.870     8036.010
  1870:     8036.220     8036.360     8041.070     8043.800     8047.110
  1875:     8047.380     8052.370     8052.430     8054.840     8055.060
  1880:     8097.220     8097.220     8097.220     8097.230     8097.230
  1885:     8099.920     8099.920     8107.220     8107.230     8247.570
  1890:     8248.760     8249.730     8258.830     8361.770     8361.770
  1895:     8361.770     8361.780     8361.780     8371.770     8371.780
  1900:     8429.080     8430.570     8549.950     8549.990     8551.150
  1905:     8553.520     8553.630     8556.850     8557.670     8559.460
  1910:     8559.520     8559.590     8560.370     8560.630     8562.550
  1915:     8562.570     8562.610     8564.220     8564.310     8564.330
  1920:     8564.940     8565.080     8565.510     8566.730     8566.930
  1925:     8567.040     8567.170     8576.410     8577.320     8578.020
  1930:     8588.690     8588.790     8589.120     8589.140     8589.330
  1935:     8589.710     8589.860     8592.180     8592.340     8592.700
  1940:     8592.780     8598.800     8604.890     8612.160     8612.220
  1945:     8612.320     8612.560     8828.030     8880.960     8881.680
  1950:     8902.410     8903.770     8933.870     8933.870     8933.870
  1955:     8933.880     8933.880     8943.870     8943.880     9336.140
  1960:     9337.240     9339.060     9339.370     9495.820     9495.820
  1965:     9495.820     9495.830     9495.830     9499.340     9499.890
  1970:     9500.180     9500.240     9505.820     9505.830     9556.970
  1975:     9556.970     9556.970     9556.980     9556.980     9559.240
  1980:     9560.690     9561.870     9561.920     9561.950     9566.970
  1985:     9566.980     9754.400     9755.680     9910.100     9910.420
  1990:     9911.410     9911.460     9921.580     9921.580     9921.580
  1995:     9921.590     9921.590     9931.580     9931.590    10048.230
  2000:    10048.300    10048.470    10048.510    10049.030    10049.070
  2005:    10049.280    10094.800    10096.950    10097.370    10097.730
  2010:    10097.890    10097.950    10098.050    10098.430    10099.150
  2015:    10099.330    10100.070    10100.160    10100.260    10102.870
  2020:    10103.230    10103.290    10105.390    10112.580    10112.580
  2025:    10112.580    10112.590    10112.590    10115.200    10116.120
  2030:    10116.200    10122.580    10122.590    10122.920    10123.140
  2035:    10126.140    10126.380    10126.580    10128.900    10128.970
  2040:    10130.770    10138.250    10160.110    10160.110    10160.110
  2045:    10160.120    10160.120    10162.880    10163.360    10163.500
  2050:    10163.840    10164.110    10166.150    10166.220    10166.410
  2055:    10167.470    10170.110    10170.120    10170.790    10170.820
  2060:    10171.920    10175.320    10185.850    10185.850    10185.850
  2065:    10185.860    10185.860    10190.250    10190.250    10194.210
  2070:    10194.740    10195.040    10195.110    10195.180    10195.850
  2075:    10195.860    10196.600    10196.670    10201.500    10201.940
  2080:    10203.710    10206.840    10206.910    10207.010    10207.070
  2085:    10208.900    10209.040    10209.380    10209.530    10210.150
  2090:    10271.620    10271.620    10271.620    10271.630    10271.630
  2095:    10273.680    10274.920    10276.640    10276.690    10276.760
  2100:    10281.010    10281.040    10281.620    10281.630    10281.700
  2105:    10281.730    10283.220    10284.340    10364.210    10364.690
  2110:    10364.710    10403.620    10403.620    10403.620    10403.630
  2115:    10403.630    10404.700    10405.320    10406.350    10407.510
  2120:    10411.380    10411.630    10413.110    10413.620    10413.630
  2125:    10413.750    10413.830    10422.000    10422.290    10422.940
  2130:    10457.480    10458.340    10459.000    10459.360    10462.570
  2135:    10463.420    10463.860    10463.940    10464.400    10464.490
  2140:    10464.550    10464.740    10465.030    10466.490    10468.500
  2145:    10468.620    10469.840    10470.070    10470.500    10470.740
  2150:    10473.400    10473.440    10478.480    10478.550    10478.570
  2155:    10480.180    10480.320    10481.750    10481.930    10481.990
  2160:    10484.830    10487.460    10487.520    10487.650    10490.640
  2165:    10490.800    10496.380    10496.580    10496.710    10496.840
  2170:    10497.000    10497.050    10497.590    10498.260    10498.520
  2175:    10509.860    10511.600    10511.710    10513.840    10516.890
  2180:    10517.060    10517.400    10517.720    10518.380    10518.720
  2185:    10785.710    10785.990    10786.250    10797.900    10800.000
