File: C:\MED-PC\Data\2024-11-06_16h03m_Subject 52.txt


Start Date: 11/06/24
End Date: 11/06/24
Subject: 52
Experiment: OralFentSA
Group: One
Box: 8
Start Time: 16:03:35
End Time: 19:04:05
MSN: 20241014_Golden_Liq_SelfAdmin
F:       0.000
G:     693.000
H:   10800.000
I:       0.000
J:       0.000
K:       0.000
L:       0.000
M:       0.000
N:       0.000
O:       0.000
P:       0.000
Q:       0.000
R:       0.000
S:       0.000
U:       0.000
V:       0.000
W:       0.000
X:       0.000
Y:       0.000
Z:       0.000
A:
     0:        0.000        0.000      180.000        4.000        0.000
     5:        5.000        0.000        5.000        0.000        0.000
    10:        1.000        0.000       10.000   100000.000       25.000
    15:       13.000      640.000        0.000        0.000        0.000
    20:        0.000
B:
     0:        0.000        0.000        0.000      400.000        0.000
     5:      500.000        0.000      500.000        0.000        0.000
    10:        0.000        0.000     1000.000 10000000.000        0.000
    15:        0.000        0.000        0.000        0.000        0.000
    20:        0.000
C:
     0:       43.000       44.000       22.000       52.000       47.000
     5:    10444.280       10.150       13.000     1403.950      107.996
    10:       52.000       22.000        0.000        0.000        0.000
    15:        0.000        0.000        0.000        0.000        0.000
    20:        0.000
D:
     0:       58.230      337.780      166.150        3.200       21.130
     5:       30.470       29.450       17.730        9.490      151.000
    10:      480.960       88.210       10.150
E:
     0:       19.000       11.000       26.000       27.000        1.000
     5:        2.000        4.000       22.000       24.000       12.000
    10:       13.000        8.000        5.000       17.000       18.000
    15:       14.000       10.000       19.000       11.000        1.000
    20:        6.000        6.000        6.000        6.000        6.000
    25:        6.000        6.000        6.000        6.000        2.000
    30:        4.000       22.000       24.000       12.000       13.000
    35:        8.000        5.000       17.000       18.000       14.000
    40:       10.000       19.000       11.000        6.000        2.000
    45:        4.000       22.000       24.000       12.000       13.000
    50:        8.000        5.000       17.000       18.000       14.000
    55:       10.000       19.000       11.000        2.000        4.000
    60:       22.000       24.000       12.000       13.000        8.000
    65:        5.000       17.000       18.000       14.000       10.000
    70:       19.000       11.000        6.000        6.000        6.000
    75:        6.000        6.000        6.000        6.000        6.000
    80:        2.000        4.000       22.000       24.000       12.000
    85:       13.000        8.000        5.000       17.000       18.000
    90:       14.000       10.000       19.000       11.000        1.000
    95:        2.000        4.000       22.000       24.000       12.000
   100:       13.000        8.000        5.000       17.000       18.000
   105:       14.000       10.000       19.000       11.000        1.000
   110:        2.000        4.000       22.000       24.000       12.000
   115:       13.000        8.000        5.000       17.000       18.000
   120:       14.000       10.000       19.000       11.000        2.000
   125:        4.000       22.000       24.000       12.000       13.000
   130:        8.000        5.000       17.000       18.000       14.000
   135:       10.000       19.000       11.000        2.000        4.000
   140:       22.000       24.000       12.000       13.000        8.000
   145:        5.000       17.000       18.000       14.000       10.000
   150:       19.000       11.000        1.000        1.000        1.000
   155:        2.000        4.000       22.000       24.000       12.000
   160:       13.000        8.000        5.000       17.000        6.000
   165:       18.000        6.000       14.000       10.000        6.000
   170:       19.000       11.000        1.000        2.000        4.000
   175:       22.000       24.000       12.000       13.000        8.000
   180:        5.000       17.000       18.000       14.000       10.000
   185:       19.000       11.000        1.000        1.000        2.000
   190:        4.000       22.000       24.000       12.000       13.000
   195:        8.000        5.000       17.000       18.000       14.000
   200:       10.000       19.000       11.000        1.000        1.000
   205:        2.000        4.000       22.000       24.000       12.000
   210:       13.000        8.000        5.000       17.000       18.000
   215:       14.000       10.000       19.000       11.000        6.000
   220:        6.000        6.000        1.000        2.000        4.000
   225:       22.000       24.000       12.000       13.000        8.000
   230:        5.000       17.000       18.000       14.000       10.000
   235:       21.000       22.000       19.000       11.000        6.000
   240:        2.000        4.000       22.000       24.000       12.000
   245:       13.000        8.000        5.000       17.000       18.000
   250:       14.000       10.000       19.000       11.000        1.000
   255:        2.000        4.000       22.000       24.000       12.000
   260:       13.000        8.000        5.000       17.000       18.000
   265:       14.000       10.000       19.000       11.000        2.000
   270:        4.000       22.000       24.000       12.000       13.000
   275:        8.000        5.000       17.000       20.000       18.000
   280:       14.000       10.000       19.000       11.000        6.000
   285:        6.000        6.000        6.000        6.000        6.000
   290:        2.000        4.000       22.000       24.000       12.000
   295:       13.000        8.000        5.000       17.000       18.000
   300:       14.000       10.000       19.000       11.000        2.000
   305:        4.000       22.000       24.000       12.000       13.000
   310:        8.000        5.000       17.000       18.000       14.000
   315:       10.000       19.000       11.000        1.000        2.000
   320:        4.000       22.000       24.000       12.000       13.000
   325:        8.000        5.000       17.000       18.000       14.000
   330:       10.000       19.000       11.000        2.000        4.000
   335:       22.000       24.000       12.000       13.000        8.000
   340:        5.000       17.000       18.000       14.000       10.000
   345:       21.000       22.000       19.000       11.000        2.000
   350:        4.000       22.000       24.000       12.000       13.000
   355:        8.000        5.000       17.000       18.000       14.000
   360:       10.000       21.000       22.000       21.000       22.000
   365:       19.000       11.000        1.000        1.000        2.000
   370:        4.000       22.000       24.000       12.000       13.000
   375:        8.000        5.000       17.000       21.000       22.000
   380:       18.000       14.000       10.000       19.000       11.000
   385:        6.000        6.000        6.000        1.000        2.000
   390:        4.000       22.000       24.000       12.000       13.000
   395:        8.000        5.000       17.000       18.000       14.000
   400:       10.000       19.000       11.000        2.000        4.000
   405:       22.000       24.000       12.000       13.000        8.000
   410:        5.000       17.000       18.000       14.000       10.000
   415:       19.000       11.000        2.000        4.000       22.000
   420:       24.000       12.000       13.000        8.000        5.000
   425:       17.000       18.000       14.000       10.000       19.000
   430:       11.000        2.000        4.000       22.000       24.000
   435:       12.000       13.000        8.000        5.000       17.000
   440:       21.000       22.000       21.000       22.000       18.000
   445:       14.000       10.000       21.000       22.000       19.000
   450:       11.000        2.000        4.000       22.000       24.000
   455:       12.000       13.000        8.000        5.000       17.000
   460:       18.000       14.000       10.000        6.000       19.000
   465:       11.000        2.000        4.000       22.000       24.000
   470:       12.000       13.000        8.000        5.000       17.000
   475:       21.000       22.000       18.000       14.000       10.000
   480:       19.000       11.000        6.000        6.000        6.000
   485:        2.000        4.000       22.000       24.000       12.000
   490:       13.000        8.000        5.000       17.000       18.000
   495:       14.000       10.000       19.000       11.000        6.000
   500:        6.000        6.000        6.000        2.000        4.000
   505:       22.000       24.000       12.000       13.000        8.000
   510:        5.000       17.000       18.000       14.000       10.000
   515:       19.000       11.000        2.000        4.000       22.000
   520:       24.000       12.000       13.000        8.000        5.000
   525:       17.000       18.000       14.000       10.000       19.000
   530:       11.000        2.000        4.000       22.000       24.000
   535:       12.000       13.000        8.000        5.000       17.000
   540:       18.000       14.000       10.000       19.000       11.000
   545:        2.000        4.000       22.000       24.000       12.000
   550:       13.000        8.000        5.000       17.000       18.000
   555:       14.000       10.000       19.000       11.000        2.000
   560:        4.000       22.000       24.000       12.000       13.000
   565:        8.000        5.000       17.000       18.000       14.000
   570:       10.000       20.000       20.000       19.000       11.000
   575:        6.000        6.000        1.000        2.000        4.000
   580:       22.000       24.000       12.000       13.000        8.000
   585:        5.000       17.000       18.000       14.000       10.000
   590:       19.000       11.000        2.000        4.000       22.000
   595:       24.000       12.000       13.000        8.000        5.000
   600:       17.000       18.000       14.000       10.000       19.000
   605:       11.000        2.000        4.000       22.000       24.000
   610:       12.000       13.000        8.000        5.000       17.000
   615:       18.000       14.000       10.000       19.000       11.000
   620:        2.000        4.000       22.000       24.000       12.000
   625:       13.000        8.000        5.000       17.000       18.000
   630:       14.000       10.000       19.000       11.000        2.000
   635:        4.000       22.000       24.000       12.000       13.000
   640:        8.000        5.000       17.000       18.000       14.000
   645:       10.000       19.000       11.000        6.000        6.000
   650:        6.000        2.000        4.000       22.000       24.000
   655:       12.000       13.000        8.000        5.000       17.000
   660:       18.000       14.000       10.000       19.000       11.000
   665:        2.000        4.000       22.000       24.000       12.000
   670:       13.000        8.000        5.000       17.000       18.000
   675:       14.000       10.000       19.000       11.000        2.000
   680:        4.000       22.000       24.000       12.000       13.000
   685:        8.000        5.000       17.000       18.000       14.000
   690:       10.000       19.000       11.000      100.000
T:
     0:        0.000        0.000        0.000        0.000       21.020
     5:       58.420       58.420       58.420       58.430       58.430
    10:       58.430       58.430       58.430       58.430       62.430
    15:       63.430       63.430       68.420       68.430       78.690
    20:      116.660      120.010      129.140      129.580      130.710
    25:      130.880      131.700      137.810      137.890      141.870
    30:      141.870      141.870      141.880      141.880      141.880
    35:      141.880      141.880      141.880      145.880      146.880
    40:      146.880      151.870      151.880      479.660      651.400
    45:      651.400      651.400      651.410      651.410      651.410
    50:      651.410      651.410      651.410      655.410      656.410
    55:      656.410      661.400      661.410      911.400      911.400
    60:      911.400      911.410      911.410      911.410      911.410
    65:      911.410      911.410      915.410      916.410      916.410
    70:      921.400      921.410     1077.560     1079.930     1096.110
    75:     1099.330     1099.420     1101.100     1106.410     1110.800
    80:     1135.880     1135.880     1135.880     1135.890     1135.890
    85:     1135.890     1135.890     1135.890     1135.890     1139.890
    90:     1140.890     1140.890     1145.880     1145.890     1151.870
    95:     1157.630     1157.630     1157.630     1157.640     1157.640
   100:     1157.640     1157.640     1157.640     1157.640     1161.640
   105:     1162.640     1162.640     1167.630     1167.640     1186.340
   110:     1210.810     1210.810     1210.810     1210.820     1210.820
   115:     1210.820     1210.820     1210.820     1210.820     1214.820
   120:     1215.820     1215.820     1220.810     1220.820     1303.500
   125:     1303.500     1303.500     1303.510     1303.510     1303.510
   130:     1303.510     1303.510     1303.510     1307.510     1308.510
   135:     1308.510     1313.500     1313.510     1583.210     1583.210
   140:     1583.210     1583.220     1583.220     1583.220     1583.220
   145:     1583.220     1583.220     1587.220     1588.220     1588.220
   150:     1593.210     1593.220     2255.110     2392.560     2399.140
   155:     2430.190     2430.190     2430.190     2430.200     2430.200
   160:     2430.200     2430.200     2430.200     2430.200     2433.400
   165:     2434.200     2435.150     2435.200     2435.200     2435.360
   170:     2440.190     2440.200     2442.120     2507.810     2507.810
   175:     2507.810     2507.820     2507.820     2507.820     2507.820
   180:     2507.820     2507.820     2511.820     2512.820     2512.820
   185:     2517.810     2517.820     2527.610     2529.790     2562.880
   190:     2562.880     2562.880     2562.890     2562.890     2562.890
   195:     2562.890     2562.890     2562.890     2566.890     2567.890
   200:     2567.890     2572.880     2572.890     2573.520     2574.760
   205:     2578.650     2578.650     2578.650     2578.660     2578.660
   210:     2578.660     2578.660     2578.660     2578.660     2582.660
   215:     2583.660     2583.660     2588.650     2588.660     2599.790
   220:     2599.840     2600.320     2635.370     2650.260     2650.260
   225:     2650.260     2650.270     2650.270     2650.270     2650.270
   230:     2650.270     2650.270     2654.270     2655.270     2655.270
   235:     2657.310     2657.310     2660.260     2660.270     2680.740
   240:     2696.910     2696.910     2696.910     2696.920     2696.920
   245:     2696.920     2696.920     2696.920     2696.920     2700.920
   250:     2701.920     2701.920     2706.910     2706.920     2835.880
   255:     2999.330     2999.330     2999.330     2999.340     2999.340
   260:     2999.340     2999.340     2999.340     2999.340     3003.340
   265:     3004.340     3004.340     3009.330     3009.340     3031.440
   270:     3031.440     3031.440     3031.450     3031.450     3031.450
   275:     3031.450     3031.450     3031.450     3033.960     3035.450
   280:     3036.450     3036.450     3041.440     3041.450     3060.900
   285:     3060.960     3061.460     3072.570     3075.810     3079.900
   290:     3599.430     3599.430     3599.430     3599.440     3599.440
   295:     3599.440     3599.440     3599.440     3599.440     3603.440
   300:     3604.440     3604.440     3609.430     3609.440     4062.820
   305:     4062.820     4062.820     4062.830     4062.830     4062.830
   310:     4062.830     4062.830     4062.830     4066.830     4067.830
   315:     4067.830     4072.820     4072.830     4976.630     4998.590
   320:     4998.590     4998.590     4998.600     4998.600     4998.600
   325:     4998.600     4998.600     4998.600     5002.600     5003.600
   330:     5003.600     5008.590     5008.600     5047.900     5047.900
   335:     5047.900     5047.910     5047.910     5047.910     5047.910
   340:     5047.910     5047.910     5051.910     5052.910     5052.910
   345:     5054.120     5054.120     5057.900     5057.910     5064.250
   350:     5064.250     5064.250     5064.260     5064.260     5064.260
   355:     5064.260     5064.260     5064.260     5068.260     5069.260
   360:     5069.260     5069.730     5069.730     5072.410     5072.410
   365:     5074.250     5074.260     5082.920     5148.650     5168.090
   370:     5168.090     5168.090     5168.100     5168.100     5168.100
   375:     5168.100     5168.100     5168.100     5171.410     5171.410
   380:     5172.100     5173.100     5173.100     5178.090     5178.100
   385:     5185.830     5195.470     5196.260     5204.540     5278.430
   390:     5278.430     5278.430     5278.440     5278.440     5278.440
   395:     5278.440     5278.440     5278.440     5282.440     5283.440
   400:     5283.440     5288.430     5288.440     5309.710     5309.710
   405:     5309.710     5309.720     5309.720     5309.720     5309.720
   410:     5309.720     5309.720     5313.720     5314.720     5314.720
   415:     5319.710     5319.720     5670.920     5670.920     5670.920
   420:     5670.930     5670.930     5670.930     5670.930     5670.930
   425:     5670.930     5674.930     5675.930     5675.930     5680.920
   430:     5680.930     7528.650     7528.650     7528.650     7528.660
   435:     7528.660     7528.660     7528.660     7528.660     7528.660
   440:     7528.870     7528.870     7529.050     7529.050     7532.660
   445:     7533.660     7533.660     7538.430     7538.430     7538.650
   450:     7538.660     7701.490     7701.490     7701.490     7701.500
   455:     7701.500     7701.500     7701.500     7701.500     7701.500
   460:     7705.500     7706.500     7706.500     7710.990     7711.490
   465:     7711.500     7718.390     7718.390     7718.390     7718.400
   470:     7718.400     7718.400     7718.400     7718.400     7718.400
   475:     7721.990     7721.990     7722.400     7723.400     7723.400
   480:     7728.390     7728.400     7869.400     7870.610     7871.200
   485:     7915.420     7915.420     7915.420     7915.430     7915.430
   490:     7915.430     7915.430     7915.430     7915.430     7919.430
   495:     7920.430     7920.430     7925.420     7925.430     8396.390
   500:     8402.070     8405.290     8405.420     8411.660     8411.660
   505:     8411.660     8411.670     8411.670     8411.670     8411.670
   510:     8411.670     8411.670     8415.670     8416.670     8416.670
   515:     8421.660     8421.670     8438.140     8438.140     8438.140
   520:     8438.150     8438.150     8438.150     8438.150     8438.150
   525:     8438.150     8442.150     8443.150     8443.150     8448.140
   530:     8448.150     8474.360     8474.360     8474.360     8474.370
   535:     8474.370     8474.370     8474.370     8474.370     8474.370
   540:     8478.370     8479.370     8479.370     8484.360     8484.370
   545:     8678.540     8678.540     8678.540     8678.550     8678.550
   550:     8678.550     8678.550     8678.550     8678.550     8682.550
   555:     8683.550     8683.550     8688.540     8688.550     9551.140
   560:     9551.140     9551.140     9551.150     9551.150     9551.150
   565:     9551.150     9551.150     9551.150     9555.150     9556.150
   570:     9556.150     9556.990     9558.670     9561.140     9561.150
   575:     9639.360     9639.850     9665.350     9727.750     9727.750
   580:     9727.750     9727.760     9727.760     9727.760     9727.760
   585:     9727.760     9727.760     9731.760     9732.760     9732.760
   590:     9737.750     9737.760     9975.130     9975.130     9975.130
   595:     9975.140     9975.140     9975.140     9975.140     9975.140
   600:     9975.140     9979.140     9980.140     9980.140     9985.130
   605:     9985.140    10088.660    10088.660    10088.660    10088.670
   610:    10088.670    10088.670    10088.670    10088.670    10088.670
   615:    10092.670    10093.670    10093.670    10098.660    10098.670
   620:    10335.230    10335.230    10335.230    10335.240    10335.240
   625:    10335.240    10335.240    10335.240    10335.240    10339.240
   630:    10340.240    10340.240    10345.230    10345.240    10366.110
   635:    10366.110    10366.110    10366.120    10366.120    10366.120
   640:    10366.120    10366.120    10366.120    10370.120    10371.120
   645:    10371.120    10376.110    10376.120    10376.270    10376.480
   650:    10401.200    10416.930    10416.930    10416.930    10416.940
   655:    10416.940    10416.940    10416.940    10416.940    10416.940
   660:    10420.940    10421.940    10421.940    10426.930    10426.940
   665:    10432.720    10432.720    10432.720    10432.730    10432.730
   670:    10432.730    10432.730    10432.730    10432.730    10436.730
   675:    10437.730    10437.730    10442.720    10442.730    10444.270
   680:    10444.270    10444.270    10444.280    10444.280    10444.280
   685:    10444.280    10444.280    10444.280    10448.280    10449.280
   690:    10449.280    10454.270    10454.280    10800.000
