File: C:\MED-PC\Data\2024-11-11_13h21m_Subject 49.txt


Start Date: 11/11/24
End Date: 11/11/24
Subject: 49
Experiment: OralFentSA
Group: One
Box: 5
Start Time: 13:21:04
End Time: 16:21:22
MSN: Golden_Liq_SelfAdmin_EXT
F:       0.000
G:    2598.000
H:   10799.750
I:       0.000
J:       0.000
K:       0.000
L:       0.000
M:       0.000
N:       0.000
O:       0.000
P:       0.000
Q:       0.000
R:       0.000
S:       0.000
U:       0.000
V:       0.000
W:       0.000
X:       0.000
Y:       0.000
Z:       0.000
A:
     0:        0.000        0.000      180.000        4.000        0.000
     5:        5.000        0.000        5.000        0.000        0.000
    10:        1.000        0.000       10.000   100000.000       25.000
    15:       16.000      600.000        0.000        0.000        0.000
    20:        0.000
B:
     0:        0.000        0.000        0.000        0.000        0.000
     5:        0.000        0.000        0.000        0.000        0.000
    10:        0.000        0.000     1000.000 10000000.000        0.000
    15:        0.000        0.000        0.000        0.000        0.000
    20:        0.000
C:
     0:        0.000      171.000        0.000      570.000      604.000
     5:    10605.550        1.680      124.000     2139.620       17.255
    10:      570.000        0.000        0.000        0.000        0.000
    15:        0.000        0.000        0.000        0.000        0.000
    20:        0.000
D:
     0:        8.690        2.180        0.960        9.260        3.470
     5:        5.730        1.170        7.210        1.150        2.650
    10:        4.530        1.350       16.480        4.370        1.700
    15:        1.590        1.550        0.900        1.060        6.600
    20:        4.650        3.060        5.420        2.320        1.510
    25:       32.760        3.520        9.590        0.750        1.390
    30:        1.960        1.900       17.980        5.690       38.910
    35:       24.290        0.830        2.990        2.750        7.420
    40:        1.840       22.550        0.780        3.240        2.050
    45:        1.110        3.440        1.090        0.830        2.760
    50:        0.660        3.340        3.070        1.780        3.590
    55:       16.910        2.540        0.650        2.600        1.740
    60:       31.620       34.660       71.520        2.020       14.060
    65:        2.170        3.260        4.290       91.860        2.000
    70:       99.710        2.310       18.510        2.960       36.540
    75:        1.820        6.770       10.650        3.280       15.700
    80:        5.370        1.550       35.640        1.620        1.830
    85:       30.440        1.800       24.670        8.110       15.530
    90:        0.650       15.300       31.570        1.510        8.600
    95:       13.210       19.600        6.280       18.270       15.750
   100:       14.580        1.270        5.430        6.220      300.730
   105:       13.500        5.500       42.940       73.810       17.930
   110:       17.190        9.230       37.840        7.210       55.550
   115:        5.510      321.540       23.230        8.030       11.260
   120:        2.580       44.710       70.280        1.680
E:
     0:       19.000       11.000       26.000       27.000        6.000
     5:        2.000        4.000       22.000       24.000       12.000
    10:       21.000       22.000       21.000       22.000       21.000
    15:       22.000       21.000       22.000       21.000       22.000
    20:       21.000       22.000       21.000       22.000        6.000
    25:        6.000       19.000       11.000        2.000        4.000
    30:       22.000       24.000       12.000       21.000       22.000
    35:       21.000       22.000        6.000       19.000       11.000
    40:        6.000        2.000        4.000       22.000       24.000
    45:       12.000        6.000       21.000       22.000       21.000
    50:       22.000       21.000       22.000       19.000       11.000
    55:        2.000        4.000       22.000       24.000       12.000
    60:       21.000       22.000       19.000       11.000        2.000
    65:        4.000       22.000       24.000       12.000       21.000
    70:       22.000        6.000       19.000       11.000        6.000
    75:        6.000        2.000        4.000       22.000       24.000
    80:       12.000       21.000       22.000       21.000       22.000
    85:        6.000        6.000        6.000        6.000        6.000
    90:       21.000       22.000       21.000       22.000       19.000
    95:       11.000        2.000        4.000       22.000       24.000
   100:       12.000       21.000       22.000       21.000       22.000
   105:       21.000       22.000       21.000       22.000       21.000
   110:       22.000       21.000       22.000        6.000        6.000
   115:        6.000       19.000       11.000        6.000        6.000
   120:        2.000        4.000       22.000       24.000       12.000
   125:       21.000       22.000       21.000       22.000       21.000
   130:       22.000       21.000       22.000       21.000       22.000
   135:       21.000       22.000       21.000       22.000       21.000
   140:       22.000       19.000       11.000        2.000        4.000
   145:       22.000       24.000       12.000       21.000       22.000
   150:       21.000       22.000       21.000       22.000       21.000
   155:       22.000       21.000       22.000       21.000       22.000
   160:       21.000       22.000       21.000       22.000       21.000
   165:       22.000       19.000       11.000        2.000        4.000
   170:       22.000       24.000       12.000       19.000       11.000
   175:        2.000        4.000       22.000       24.000       12.000
   180:        6.000       21.000       22.000       21.000       22.000
   185:       21.000       22.000       21.000       22.000       21.000
   190:       22.000       21.000       22.000       21.000       22.000
   195:       21.000       22.000       21.000       22.000       21.000
   200:       22.000       21.000       22.000       21.000       22.000
   205:       21.000       22.000       21.000       22.000       21.000
   210:       22.000       21.000       22.000       19.000       11.000
   215:        2.000        4.000       22.000       24.000       12.000
   220:       21.000       22.000       21.000       22.000       21.000
   225:       22.000       21.000       22.000       21.000       22.000
   230:       21.000       22.000       21.000       22.000       21.000
   235:       22.000        6.000       21.000       22.000       21.000
   240:       22.000       21.000       22.000       21.000       22.000
   245:       21.000       22.000       21.000       22.000       19.000
   250:       11.000        6.000        6.000        2.000        4.000
   255:       22.000       24.000       12.000       21.000       22.000
   260:       19.000       11.000        2.000        4.000       22.000
   265:       24.000       12.000       21.000       22.000       19.000
   270:       11.000        2.000        4.000       22.000       24.000
   275:       12.000       21.000       22.000       21.000       22.000
   280:       21.000       22.000       19.000       11.000        2.000
   285:        4.000       22.000       24.000       12.000        6.000
   290:        6.000       21.000       22.000       21.000       22.000
   295:       19.000       11.000        2.000        4.000       22.000
   300:       24.000       12.000       21.000       22.000        6.000
   305:        6.000       19.000       11.000        6.000        6.000
   310:        6.000        2.000        4.000       22.000       24.000
   315:       12.000       21.000       22.000        6.000       21.000
   320:       22.000        6.000        6.000       19.000       11.000
   325:        6.000        6.000        6.000        2.000        4.000
   330:       22.000       24.000       12.000       19.000       11.000
   335:        2.000        4.000       22.000       24.000       12.000
   340:        6.000       19.000       11.000        6.000        2.000
   345:        4.000       22.000       24.000       12.000       21.000
   350:       22.000       21.000       22.000       21.000       22.000
   355:       21.000       22.000       19.000       11.000        2.000
   360:        4.000       22.000       24.000       12.000       21.000
   365:       22.000       21.000       22.000       19.000       11.000
   370:        6.000        2.000        4.000       22.000       24.000
   375:       12.000       21.000       22.000       21.000       22.000
   380:        6.000        6.000       21.000       22.000       21.000
   385:       22.000       21.000       22.000        6.000       19.000
   390:       11.000        2.000        4.000       22.000       24.000
   395:       12.000       21.000       22.000       19.000       11.000
   400:        2.000        4.000       22.000       24.000       12.000
   405:       21.000       22.000        6.000        6.000       19.000
   410:       11.000        6.000        6.000        2.000        4.000
   415:       22.000       24.000       12.000       21.000       22.000
   420:       21.000       22.000       19.000       11.000        2.000
   425:        4.000       22.000       24.000       12.000       21.000
   430:       22.000        6.000        6.000       21.000       22.000
   435:       21.000       22.000       21.000       22.000       21.000
   440:       22.000       21.000       22.000       19.000       11.000
   445:        2.000        4.000       22.000       24.000       12.000
   450:        6.000       21.000       22.000       21.000       22.000
   455:        6.000       19.000       11.000        6.000        6.000
   460:        6.000        6.000        6.000        6.000        6.000
   465:        6.000        6.000        6.000        6.000        6.000
   470:        6.000        6.000        6.000        6.000        6.000
   475:        6.000        6.000        2.000        4.000       22.000
   480:       24.000       12.000        6.000        6.000       19.000
   485:       11.000        2.000        4.000       22.000       24.000
   490:       12.000        6.000       21.000       22.000       21.000
   495:       22.000       21.000       22.000       21.000       22.000
   500:       19.000       11.000        6.000        6.000        6.000
   505:        6.000        6.000        6.000        2.000        4.000
   510:       22.000       24.000       12.000        6.000        6.000
   515:       21.000       22.000       21.000       22.000       19.000
   520:       11.000        6.000        2.000        4.000       22.000
   525:       24.000       12.000       21.000       22.000       21.000
   530:       22.000       21.000       22.000       21.000       22.000
   535:       21.000       22.000        6.000        6.000        6.000
   540:       19.000       11.000        2.000        4.000       22.000
   545:       24.000       12.000        6.000       19.000       11.000
   550:        6.000        6.000        6.000        6.000        6.000
   555:        6.000        6.000        2.000        4.000       22.000
   560:       24.000       12.000       21.000       22.000       19.000
   565:       11.000        2.000        4.000       22.000       24.000
   570:       12.000       21.000       22.000        6.000        6.000
   575:       21.000       22.000       21.000       22.000       21.000
   580:       22.000       21.000       22.000       19.000       11.000
   585:        2.000        4.000       22.000       24.000       12.000
   590:        6.000        6.000        6.000       19.000       11.000
   595:        6.000        6.000        2.000        4.000       22.000
   600:       24.000       12.000        6.000       21.000       22.000
   605:        6.000       19.000       11.000        2.000        4.000
   610:       22.000       24.000       12.000       19.000       11.000
   615:        6.000        2.000        4.000       22.000       24.000
   620:       12.000       21.000       22.000       21.000       22.000
   625:       21.000       22.000       21.000       22.000        6.000
   630:        6.000        6.000        6.000        6.000        6.000
   635:        6.000       19.000       11.000        6.000        6.000
   640:        6.000        6.000        6.000        6.000        6.000
   645:        6.000        6.000        6.000        6.000        6.000
   650:        6.000        6.000        2.000        4.000       22.000
   655:       24.000       12.000        6.000       19.000       11.000
   660:        6.000        6.000        6.000        6.000        6.000
   665:        2.000        4.000       22.000       24.000       12.000
   670:        6.000       19.000       11.000        2.000        4.000
   675:       22.000       24.000       12.000       19.000       11.000
   680:        2.000        4.000       22.000       24.000       12.000
   685:        6.000       19.000       11.000        2.000        4.000
   690:       22.000       24.000       12.000        6.000        6.000
   695:       21.000       22.000       21.000       22.000       21.000
   700:       22.000       21.000       22.000       19.000       11.000
   705:        6.000        2.000        4.000       22.000       24.000
   710:       12.000        6.000       21.000       22.000       21.000
   715:       22.000       19.000       11.000        2.000        4.000
   720:       22.000       24.000       12.000       19.000       11.000
   725:        6.000        6.000        6.000        6.000        6.000
   730:        6.000        6.000        6.000        6.000        6.000
   735:        6.000        6.000        2.000        4.000       22.000
   740:       24.000       12.000        6.000        6.000       21.000
   745:       22.000       19.000       11.000        6.000        2.000
   750:        4.000       22.000       24.000       12.000       21.000
   755:       22.000       21.000       22.000       21.000       22.000
   760:       21.000       22.000       21.000       22.000       21.000
   765:       22.000       21.000       22.000       19.000       11.000
   770:        6.000        6.000        6.000        6.000        6.000
   775:        6.000        6.000        2.000        4.000       22.000
   780:       24.000       12.000       21.000       22.000       21.000
   785:       22.000       19.000       11.000        6.000        6.000
   790:        6.000        2.000        4.000       22.000       24.000
   795:       12.000        6.000        6.000        6.000       21.000
   800:       22.000       19.000       11.000        2.000        4.000
   805:       22.000       24.000       12.000       21.000       22.000
   810:       21.000       22.000       21.000       22.000        6.000
   815:        6.000        6.000       21.000       22.000       21.000
   820:       22.000        6.000       19.000       11.000        2.000
   825:        4.000       22.000       24.000       12.000       21.000
   830:       22.000        6.000       21.000       22.000       21.000
   835:       22.000       21.000       22.000       21.000       22.000
   840:       21.000       22.000        6.000       19.000       11.000
   845:        6.000        6.000        2.000        4.000       22.000
   850:       24.000       12.000       21.000       22.000        6.000
   855:        6.000        6.000       19.000       11.000        6.000
   860:        6.000        6.000        6.000        6.000        6.000
   865:        2.000        4.000       22.000       24.000       12.000
   870:        6.000        6.000       21.000       22.000        6.000
   875:       19.000       11.000        6.000        6.000        6.000
   880:        6.000        6.000        6.000        6.000        6.000
   885:        6.000        6.000        6.000        6.000        6.000
   890:        6.000        6.000        2.000        4.000       22.000
   895:       24.000       12.000       19.000       11.000        6.000
   900:        2.000        4.000       22.000       24.000       12.000
   905:        6.000        6.000        6.000        6.000        6.000
   910:       21.000       22.000       21.000       22.000        6.000
   915:       21.000       22.000       21.000       22.000       19.000
   920:       11.000        2.000        4.000       22.000       24.000
   925:       12.000       21.000       22.000       21.000       22.000
   930:       21.000       22.000       21.000       22.000       21.000
   935:       22.000       21.000       22.000       21.000       22.000
   940:       21.000       22.000       21.000       22.000        6.000
   945:       21.000       22.000       21.000       22.000       21.000
   950:       22.000       21.000       22.000       21.000       22.000
   955:       21.000       22.000       19.000       11.000        6.000
   960:        2.000        4.000       22.000       24.000       12.000
   965:       21.000       22.000       21.000       22.000        6.000
   970:       21.000       22.000       21.000       22.000        6.000
   975:       19.000       11.000        6.000        6.000        6.000
   980:        6.000        6.000        6.000        6.000        6.000
   985:        6.000        6.000        6.000        6.000        6.000
   990:        2.000        4.000       22.000       24.000       12.000
   995:        6.000        6.000        6.000       19.000       11.000
  1000:        6.000        6.000        6.000        6.000        2.000
  1005:        4.000       22.000       24.000       12.000       21.000
  1010:       22.000       21.000       22.000        6.000       19.000
  1015:       11.000        6.000        6.000        2.000        4.000
  1020:       22.000       24.000       12.000       21.000       22.000
  1025:        6.000        6.000       21.000       22.000       21.000
  1030:       22.000       21.000       22.000       21.000       22.000
  1035:       21.000       22.000       19.000       11.000        2.000
  1040:        4.000       22.000       24.000       12.000       21.000
  1045:       22.000       21.000       22.000       19.000       11.000
  1050:        2.000        4.000       22.000       24.000       12.000
  1055:        6.000        6.000       19.000       11.000        6.000
  1060:        2.000        4.000       22.000       24.000       12.000
  1065:       21.000       22.000        6.000        6.000        6.000
  1070:        6.000        6.000       19.000       11.000        6.000
  1075:        6.000        6.000        6.000        2.000        4.000
  1080:       22.000       24.000       12.000        6.000        6.000
  1085:        6.000        6.000        6.000        6.000        6.000
  1090:        6.000       19.000       11.000        6.000        6.000
  1095:        6.000        6.000        6.000        6.000        6.000
  1100:        6.000        6.000        6.000        2.000        4.000
  1105:       22.000       24.000       12.000        6.000       19.000
  1110:       11.000        6.000        6.000        6.000        6.000
  1115:        6.000        6.000        2.000        4.000       22.000
  1120:       24.000       12.000        6.000        6.000        6.000
  1125:        6.000        6.000        6.000        6.000        6.000
  1130:        6.000       19.000       11.000        6.000        2.000
  1135:        4.000       22.000       24.000       12.000        6.000
  1140:        6.000        6.000       21.000       22.000       21.000
  1145:       22.000        6.000        6.000        6.000       19.000
  1150:       11.000        6.000        6.000        6.000        6.000
  1155:        2.000        4.000       22.000       24.000       12.000
  1160:       21.000       22.000       21.000       22.000       21.000
  1165:       22.000        6.000        6.000       21.000       22.000
  1170:       21.000       22.000       21.000       22.000       21.000
  1175:       22.000       21.000       22.000       21.000       22.000
  1180:       19.000       11.000        2.000        4.000       22.000
  1185:       24.000       12.000       21.000       22.000       19.000
  1190:       11.000        6.000        6.000        2.000        4.000
  1195:       22.000       24.000       12.000        6.000       21.000
  1200:       22.000       21.000       22.000       21.000       22.000
  1205:        6.000        6.000        6.000       19.000       11.000
  1210:        6.000        6.000        6.000        2.000        4.000
  1215:       22.000       24.000       12.000        6.000        6.000
  1220:        6.000        6.000        6.000        6.000        6.000
  1225:        6.000       19.000       11.000        6.000        6.000
  1230:        6.000        6.000        6.000        6.000        6.000
  1235:        6.000        6.000        6.000        6.000        6.000
  1240:        6.000        6.000        6.000        2.000        4.000
  1245:       22.000       24.000       12.000       21.000       22.000
  1250:        6.000       19.000       11.000        6.000        6.000
  1255:        6.000        2.000        4.000       22.000       24.000
  1260:       12.000        6.000        6.000       19.000       11.000
  1265:        2.000        4.000       22.000       24.000       12.000
  1270:       21.000       22.000       19.000       11.000        2.000
  1275:        4.000       22.000       24.000       12.000       19.000
  1280:       11.000        6.000        6.000        2.000        4.000
  1285:       22.000       24.000       12.000       19.000       11.000
  1290:        6.000        6.000        6.000        6.000        6.000
  1295:        2.000        4.000       22.000       24.000       12.000
  1300:       19.000       11.000        6.000        6.000        6.000
  1305:        6.000        6.000        6.000        6.000        6.000
  1310:        6.000        6.000        6.000        6.000        6.000
  1315:        6.000        6.000        6.000        2.000        4.000
  1320:       22.000       24.000       12.000        6.000       19.000
  1325:       11.000        2.000        4.000       22.000       24.000
  1330:       12.000       19.000       11.000        2.000        4.000
  1335:       22.000       24.000       12.000       21.000       22.000
  1340:       19.000       11.000        6.000        2.000        4.000
  1345:       22.000       24.000       12.000        6.000        6.000
  1350:       19.000       11.000        6.000        6.000        6.000
  1355:        2.000        4.000       22.000       24.000       12.000
  1360:       21.000       22.000        6.000       19.000       11.000
  1365:        2.000        4.000       22.000       24.000       12.000
  1370:       21.000       22.000        6.000       19.000       11.000
  1375:        6.000        2.000        4.000       22.000       24.000
  1380:       12.000       21.000       22.000       19.000       11.000
  1385:        6.000        2.000        4.000       22.000       24.000
  1390:       12.000        6.000       21.000       22.000       21.000
  1395:       22.000       21.000       22.000       21.000       22.000
  1400:        6.000       21.000       22.000       21.000       22.000
  1405:       19.000       11.000        2.000        4.000       22.000
  1410:       24.000       12.000       21.000       22.000       19.000
  1415:       11.000        2.000        4.000       22.000       24.000
  1420:       12.000       19.000       11.000        6.000        6.000
  1425:        6.000        6.000        6.000        6.000        2.000
  1430:        4.000       22.000       24.000       12.000       21.000
  1435:       22.000        6.000        6.000       19.000       11.000
  1440:        2.000        4.000       22.000       24.000       12.000
  1445:       19.000       11.000        6.000        6.000        6.000
  1450:        2.000        4.000       22.000       24.000       12.000
  1455:       21.000       22.000       21.000       22.000        6.000
  1460:        6.000       19.000       11.000        2.000        4.000
  1465:       22.000       24.000       12.000       21.000       22.000
  1470:       19.000       11.000        6.000        6.000        6.000
  1475:        6.000        2.000        4.000       22.000       24.000
  1480:       12.000        6.000       19.000       11.000        6.000
  1485:        6.000        2.000        4.000       22.000       24.000
  1490:       12.000       21.000       22.000       21.000       22.000
  1495:       21.000       22.000        6.000        6.000        6.000
  1500:       19.000       11.000        2.000        4.000       22.000
  1505:       24.000       12.000       19.000       11.000        6.000
  1510:        6.000        2.000        4.000       22.000       24.000
  1515:       12.000       21.000       22.000       19.000       11.000
  1520:        2.000        4.000       22.000       24.000       12.000
  1525:       21.000       22.000       21.000       22.000       21.000
  1530:       22.000       21.000       22.000       21.000       22.000
  1535:       21.000       22.000       21.000       22.000       21.000
  1540:       22.000        6.000        6.000       21.000       22.000
  1545:       21.000       22.000       21.000       22.000       21.000
  1550:       22.000       21.000       22.000       21.000       22.000
  1555:       21.000       22.000       21.000       22.000        6.000
  1560:        6.000        6.000       19.000       11.000        6.000
  1565:        6.000        2.000        4.000       22.000       24.000
  1570:       12.000       21.000       22.000       21.000       22.000
  1575:       21.000       22.000       19.000       11.000        2.000
  1580:        4.000       22.000       24.000       12.000       21.000
  1585:       22.000       21.000       22.000       21.000       22.000
  1590:       21.000       22.000       19.000       11.000        6.000
  1595:        6.000        6.000        6.000        2.000        4.000
  1600:       22.000       24.000       12.000        6.000        6.000
  1605:        6.000        6.000       19.000       11.000        6.000
  1610:        6.000        6.000        6.000        2.000        4.000
  1615:       22.000       24.000       12.000        6.000       19.000
  1620:       11.000        6.000        6.000        6.000        6.000
  1625:        6.000        2.000        4.000       22.000       24.000
  1630:       12.000       21.000       22.000       21.000       22.000
  1635:       21.000       22.000       21.000       22.000       21.000
  1640:       22.000       19.000       11.000        2.000        4.000
  1645:       22.000       24.000       12.000       19.000       11.000
  1650:        6.000        6.000        2.000        4.000       22.000
  1655:       24.000       12.000        6.000        6.000       19.000
  1660:       11.000        6.000        6.000        6.000        6.000
  1665:        6.000        6.000        6.000        2.000        4.000
  1670:       22.000       24.000       12.000        6.000       19.000
  1675:       11.000        6.000        6.000        6.000        6.000
  1680:        6.000        6.000        2.000        4.000       22.000
  1685:       24.000       12.000       21.000       22.000       19.000
  1690:       11.000        6.000        6.000        2.000        4.000
  1695:       22.000       24.000       12.000       21.000       22.000
  1700:       21.000       22.000       19.000       11.000        2.000
  1705:        4.000       22.000       24.000       12.000        6.000
  1710:       21.000       22.000       21.000       22.000       19.000
  1715:       11.000        6.000        2.000        4.000       22.000
  1720:       24.000       12.000       21.000       22.000       19.000
  1725:       11.000        2.000        4.000       22.000       24.000
  1730:       12.000       21.000       22.000       21.000       22.000
  1735:       21.000       22.000       21.000       22.000       21.000
  1740:       22.000       21.000       22.000       21.000       22.000
  1745:       21.000       22.000       21.000       22.000       21.000
  1750:       22.000       21.000       22.000       21.000       22.000
  1755:       19.000       11.000        6.000        2.000        4.000
  1760:       22.000       24.000       12.000       21.000       22.000
  1765:       21.000       22.000       21.000       22.000       21.000
  1770:       22.000       21.000       22.000       21.000       22.000
  1775:       21.000       22.000       21.000       22.000       19.000
  1780:       11.000        2.000        4.000       22.000       24.000
  1785:       12.000       21.000       22.000       21.000       22.000
  1790:        6.000       19.000       11.000        6.000        6.000
  1795:        6.000        2.000        4.000       22.000       24.000
  1800:       12.000       19.000       11.000        2.000        4.000
  1805:       22.000       24.000       12.000       21.000       22.000
  1810:       19.000       11.000        6.000        2.000        4.000
  1815:       22.000       24.000       12.000        6.000        6.000
  1820:       19.000       11.000        6.000        6.000        6.000
  1825:        2.000        4.000       22.000       24.000       12.000
  1830:       21.000       22.000       21.000       22.000       21.000
  1835:       22.000       19.000       11.000        2.000        4.000
  1840:       22.000       24.000       12.000       21.000       22.000
  1845:       19.000       11.000        6.000        2.000        4.000
  1850:       22.000       24.000       12.000       19.000       11.000
  1855:        6.000        6.000        2.000        4.000       22.000
  1860:       24.000       12.000        6.000       19.000       11.000
  1865:        6.000        6.000        2.000        4.000       22.000
  1870:       24.000       12.000       21.000       22.000       21.000
  1875:       22.000       21.000       22.000       21.000       22.000
  1880:       21.000       22.000       21.000       22.000       21.000
  1885:       22.000       21.000       22.000       21.000       22.000
  1890:       21.000       22.000       21.000       22.000       21.000
  1895:       22.000       21.000       22.000       21.000       22.000
  1900:       21.000       22.000        6.000       21.000       22.000
  1905:       19.000       11.000        2.000        4.000       22.000
  1910:       24.000       12.000       21.000       22.000       21.000
  1915:       22.000       21.000       22.000       21.000       22.000
  1920:       21.000       22.000       21.000       22.000       19.000
  1925:       11.000        2.000        4.000       22.000       24.000
  1930:       12.000       21.000       22.000       21.000       22.000
  1935:       19.000       11.000        6.000        6.000        6.000
  1940:        6.000        6.000        6.000        6.000        2.000
  1945:        4.000       22.000       24.000       12.000       21.000
  1950:       22.000       19.000       11.000        2.000        4.000
  1955:       22.000       24.000       12.000       19.000       11.000
  1960:        6.000        6.000        2.000        4.000       22.000
  1965:       24.000       12.000       19.000       11.000        2.000
  1970:        4.000       22.000       24.000       12.000       19.000
  1975:       11.000        2.000        4.000       22.000       24.000
  1980:       12.000        6.000       21.000       22.000       19.000
  1985:       11.000        2.000        4.000       22.000       24.000
  1990:       12.000       21.000       22.000       19.000       11.000
  1995:        2.000        4.000       22.000       24.000       12.000
  2000:       19.000       11.000        2.000        4.000       22.000
  2005:       24.000       12.000       19.000       11.000        6.000
  2010:        6.000        6.000        2.000        4.000       22.000
  2015:       24.000       12.000       19.000       11.000        6.000
  2020:        2.000        4.000       22.000       24.000       12.000
  2025:       21.000       22.000       19.000       11.000        6.000
  2030:        6.000        6.000        6.000        6.000        6.000
  2035:        2.000        4.000       22.000       24.000       12.000
  2040:        6.000        6.000        6.000       21.000       22.000
  2045:       21.000       22.000       19.000       11.000        6.000
  2050:        6.000        2.000        4.000       22.000       24.000
  2055:       12.000       19.000       11.000        2.000        4.000
  2060:       22.000       24.000       12.000       21.000       22.000
  2065:        6.000       19.000       11.000        6.000        6.000
  2070:        6.000        6.000        6.000        6.000        2.000
  2075:        4.000       22.000       24.000       12.000       21.000
  2080:       22.000       21.000       22.000       19.000       11.000
  2085:        2.000        4.000       22.000       24.000       12.000
  2090:        6.000       19.000       11.000        6.000        6.000
  2095:        2.000        4.000       22.000       24.000       12.000
  2100:       21.000       22.000       19.000       11.000        6.000
  2105:        6.000        6.000        6.000        6.000        6.000
  2110:        6.000        6.000        6.000        6.000        6.000
  2115:        6.000        6.000        6.000        2.000        4.000
  2120:       22.000       24.000       12.000       19.000       11.000
  2125:        6.000        6.000        6.000        6.000        6.000
  2130:        6.000        6.000        6.000        6.000        6.000
  2135:        6.000        6.000        6.000        6.000        6.000
  2140:        2.000        4.000       22.000       24.000       12.000
  2145:       21.000       22.000        6.000       19.000       11.000
  2150:        2.000        4.000       22.000       24.000       12.000
  2155:       19.000       11.000        6.000        6.000        6.000
  2160:        2.000        4.000       22.000       24.000       12.000
  2165:       19.000       11.000        6.000        6.000        6.000
  2170:        6.000        6.000        6.000        6.000        2.000
  2175:        4.000       22.000       24.000       12.000       21.000
  2180:       22.000       19.000       11.000        6.000        6.000
  2185:        6.000        6.000        2.000        4.000       22.000
  2190:       24.000       12.000       19.000       11.000        2.000
  2195:        4.000       22.000       24.000       12.000       21.000
  2200:       22.000       19.000       11.000        2.000        4.000
  2205:       22.000       24.000       12.000       19.000       11.000
  2210:        2.000        4.000       22.000       24.000       12.000
  2215:       19.000       11.000        6.000        6.000        6.000
  2220:        6.000        6.000        2.000        4.000       22.000
  2225:       24.000       12.000        6.000       19.000       11.000
  2230:        6.000        6.000        6.000        6.000        6.000
  2235:        6.000        6.000        6.000        6.000        6.000
  2240:        2.000        4.000       22.000       24.000       12.000
  2245:       21.000       22.000       19.000       11.000        6.000
  2250:        6.000        6.000        6.000        6.000        6.000
  2255:        6.000        6.000        6.000        6.000        6.000
  2260:        6.000        6.000        6.000        6.000        2.000
  2265:        4.000       22.000       24.000       12.000       21.000
  2270:       22.000       21.000       22.000       19.000       11.000
  2275:        2.000        4.000       22.000       24.000       12.000
  2280:       21.000       22.000       19.000       11.000        2.000
  2285:        4.000       22.000       24.000       12.000       21.000
  2290:       22.000       21.000       22.000       21.000       22.000
  2295:        6.000       19.000       11.000        2.000        4.000
  2300:       22.000       24.000       12.000       21.000       22.000
  2305:       21.000       22.000       21.000       22.000       21.000
  2310:       22.000       21.000       22.000       21.000       22.000
  2315:       19.000       11.000        2.000        4.000       22.000
  2320:       24.000       12.000       21.000       22.000       21.000
  2325:       22.000       21.000       22.000       21.000       22.000
  2330:       21.000       22.000       19.000       11.000        6.000
  2335:        2.000        4.000       22.000       24.000       12.000
  2340:       21.000       22.000       21.000       22.000       21.000
  2345:       22.000       21.000       22.000       21.000       22.000
  2350:       21.000       22.000       21.000       22.000       21.000
  2355:       22.000        6.000       21.000       22.000       19.000
  2360:       11.000        2.000        4.000       22.000       24.000
  2365:       12.000       21.000       22.000       21.000       22.000
  2370:       21.000       22.000       21.000       22.000       21.000
  2375:       22.000       21.000       22.000       21.000       22.000
  2380:       21.000       22.000       21.000       22.000       21.000
  2385:       22.000       21.000       22.000       21.000       22.000
  2390:       21.000       22.000       21.000       22.000       21.000
  2395:       22.000       19.000       11.000        2.000        4.000
  2400:       22.000       24.000       12.000       21.000       22.000
  2405:       21.000       22.000       21.000       22.000       19.000
  2410:       11.000        6.000        6.000        2.000        4.000
  2415:       22.000       24.000       12.000       21.000       22.000
  2420:       19.000       11.000        2.000        4.000       22.000
  2425:       24.000       12.000       21.000       22.000       21.000
  2430:       22.000       19.000       11.000        2.000        4.000
  2435:       22.000       24.000       12.000       21.000       22.000
  2440:       21.000       22.000       19.000       11.000        6.000
  2445:        6.000        6.000        6.000        6.000        6.000
  2450:        6.000        6.000        6.000        6.000        6.000
  2455:        6.000        6.000        2.000        4.000       22.000
  2460:       24.000       12.000       19.000       11.000        2.000
  2465:        4.000       22.000       24.000       12.000        6.000
  2470:       19.000       11.000        6.000        6.000        6.000
  2475:        2.000        4.000       22.000       24.000       12.000
  2480:       21.000       22.000       21.000       22.000       21.000
  2485:       22.000       21.000       22.000       21.000       22.000
  2490:       21.000       22.000       21.000       22.000       21.000
  2495:       22.000       19.000       11.000        2.000        4.000
  2500:       22.000       24.000       12.000       19.000       11.000
  2505:        6.000        6.000        6.000        2.000        4.000
  2510:       22.000       24.000       12.000        6.000       19.000
  2515:       11.000        6.000        6.000        6.000        6.000
  2520:        2.000        4.000       22.000       24.000       12.000
  2525:       21.000       22.000       21.000       22.000       21.000
  2530:       22.000       21.000       22.000       21.000       22.000
  2535:       21.000       22.000       21.000       22.000       21.000
  2540:       22.000       21.000       22.000       21.000       22.000
  2545:       21.000       22.000       19.000       11.000        2.000
  2550:        4.000       22.000       24.000       12.000       19.000
  2555:       11.000        6.000        6.000        6.000        2.000
  2560:        4.000       22.000       24.000       12.000       21.000
  2565:       22.000       19.000       11.000        2.000        4.000
  2570:       22.000       24.000       12.000       21.000       22.000
  2575:       21.000       22.000       21.000       22.000       21.000
  2580:       22.000       21.000       22.000       21.000       22.000
  2585:       19.000       11.000        6.000        6.000        2.000
  2590:        4.000       22.000       24.000       12.000        6.000
  2595:        6.000       19.000       11.000
T:
     0:        0.000        0.000        0.000        0.000       99.180
     5:      101.210      101.210      101.210      101.220      101.220
    10:      101.890      101.890      103.550      103.550      104.240
    15:      104.240      104.840      104.840      105.580      105.580
    20:      106.770      106.770      108.120      108.120      109.910
    25:      110.450      111.210      111.220      120.190      120.190
    30:      120.190      120.200      120.200      120.610      120.610
    35:      121.400      121.400      122.380      130.190      130.200
    40:      130.430      131.790      131.790      131.790      131.800
    45:      131.800      132.760      139.350      139.350      140.080
    50:      140.080      140.290      140.290      141.790      141.800
    55:      172.400      172.400      172.400      172.410      172.410
    60:      172.720      172.720      182.400      182.410      187.090
    65:      187.090      187.090      187.100      187.100      187.910
    70:      187.910      196.360      197.090      197.100      197.840
    75:      198.060      200.080      200.080      200.080      200.090
    80:      200.090      201.890      201.890      202.230      202.230
    85:      203.560      204.350      205.510      205.870      206.800
    90:      208.190      208.190      209.820      209.820      210.080
    95:      210.090      210.570      210.570      210.570      210.580
   100:      210.580      210.670      210.670      211.420      211.420
   105:      211.530      211.530      212.320      212.320      213.580
   110:      213.580      215.340      215.340      216.310      216.530
   115:      216.790      220.570      220.580      245.520      245.750
   120:      247.830      247.830      247.830      247.840      247.840
   125:      248.440      248.440      253.970      253.970      254.110
   130:      254.110      255.100      255.100      255.710      255.710
   135:      256.120      256.120      256.860      256.860      257.110
   140:      257.110      257.830      257.840      258.200      258.200
   145:      258.200      258.210      258.210      258.310      258.310
   150:      258.400      258.400      259.080      259.080      259.260
   155:      259.260      259.450      259.450      259.570      259.570
   160:      259.770      259.770      260.010      260.010      260.300
   165:      260.300      268.200      268.210      271.740      271.740
   170:      271.740      271.750      271.750      281.740      281.750
   175:      287.060      287.060      287.060      287.070      287.070
   180:      288.240      289.850      289.850      289.960      289.960
   185:      290.040      290.040      290.160      290.160      290.300
   190:      290.300      290.670      290.670      291.270      291.270
   195:      292.220      292.220      293.750      293.750      293.860
   200:      293.860      293.940      293.940      294.050      294.050
   205:      294.390      294.390      294.760      294.760      295.260
   210:      295.260      296.450      296.450      297.060      297.070
   215:      301.780      301.780      301.780      301.790      301.790
   220:      305.110      305.110      305.210      305.210      305.950
   225:      305.950      306.140      306.140      306.570      306.570
   230:      307.350      307.350      307.920      307.920      307.950
   235:      307.950      309.000      309.930      309.930      310.210
   240:      310.210      310.690      310.690      310.800      310.800
   245:      310.880      310.880      311.140      311.140      311.780
   250:      311.790      320.050      320.260      331.630      331.630
   255:      331.630      331.640      331.640      332.460      332.460
   260:      341.630      341.640      456.730      456.730      456.730
   265:      456.740      456.740      457.160      457.160      466.730
   270:      466.740      470.660      470.660      470.660      470.670
   275:      470.670      478.360      478.360      478.670      478.670
   280:      479.130      479.130      480.660      480.670      484.680
   285:      484.680      484.680      484.690      484.690      485.840
   290:      491.760      493.340      493.340      494.210      494.210
   295:      494.680      494.690      494.760      494.760      494.760
   300:      494.770      494.770      494.850      494.850      497.420
   305:      500.310      504.760      504.770      507.630      508.030
   310:      508.500      516.700      516.700      516.700      516.710
   315:      516.710      516.830      516.830      521.240      523.020
   320:      523.020      524.460      524.750      526.700      526.710
   325:      531.490      532.020      535.330      551.240      551.240
   330:      551.240      551.250      551.250      561.240      561.250
   335:      582.910      582.910      582.910      582.920      582.920
   340:      584.270      592.910      592.920      612.620      614.200
   345:      614.200      614.200      614.210      614.210      614.280
   350:      614.280      615.180      615.180      615.680      615.680
   355:      616.760      616.760      624.200      624.210      647.260
   360:      647.260      647.260      647.270      647.270      647.510
   365:      647.510      655.470      655.470      657.260      657.270
   370:      663.750      665.880      665.880      665.880      665.890
   375:      665.890      666.000      666.000      666.810      666.810
   380:      670.260      670.840      674.200      674.200      674.280
   385:      674.280      674.420      674.420      675.120      675.880
   390:      675.890      685.670      685.670      685.670      685.680
   395:      685.680      685.880      685.880      695.670      695.680
   400:      832.430      832.430      832.430      832.440      832.440
   405:      833.030      833.030      834.140      834.910      842.430
   410:      842.440      854.210      854.500      883.880      883.880
   415:      883.880      883.890      883.890      891.990      891.990
   420:      892.630      892.630      893.880      893.890      942.070
   425:      942.070      942.070      942.080      942.080      942.200
   430:      942.200      943.670      944.420      945.760      945.760
   435:      946.440      946.440      946.510      946.510      947.650
   440:      947.650      948.140      948.140      952.070      952.080
   445:      961.160      961.160      961.160      961.170      961.170
   450:      962.720      964.150      964.150      967.020      967.020
   455:      970.760      971.160      971.170      971.410      971.910
   460:      972.570      972.900      973.280      973.960      974.020
   465:      977.990      978.940      979.170      980.830      981.370
   470:      981.790      986.050      986.740      987.830      990.140
   475:      990.490      990.660      992.050      992.050      992.050
   480:      992.060      992.060      992.960      993.570     1002.050
   485:     1002.060     1019.830     1019.830     1019.830     1019.840
   490:     1019.840     1020.900     1024.700     1024.700     1026.230
   495:     1026.230     1026.640     1026.640     1026.950     1026.950
   500:     1029.830     1029.840     1031.430     1073.410     1087.940
   505:     1088.480     1088.900     1093.980     1102.160     1102.160
   510:     1102.160     1102.170     1102.170     1108.770     1109.720
   515:     1110.640     1110.640     1111.860     1111.860     1112.160
   520:     1112.170     1112.940     1114.180     1114.180     1114.180
   525:     1114.190     1114.190     1114.290     1114.290     1114.410
   530:     1114.410     1117.470     1117.470     1117.840     1117.840
   535:     1117.930     1117.930     1118.840     1120.060     1120.590
   540:     1124.180     1124.190     1125.610     1125.610     1125.610
   545:     1125.620     1125.620     1128.680     1135.610     1135.620
   550:     1193.480     1323.230     1332.500     1333.890     1335.510
   555:     1335.970     1336.630     1347.250     1347.250     1347.250
   560:     1347.260     1347.260     1347.750     1347.750     1357.250
   565:     1357.260     1360.890     1360.890     1360.890     1360.900
   570:     1360.900     1361.260     1361.260     1366.320     1366.480
   575:     1367.740     1367.740     1367.890     1367.890     1367.990
   580:     1367.990     1370.030     1370.030     1370.890     1370.900
   585:     1374.870     1374.870     1374.870     1374.880     1374.880
   590:     1377.200     1377.230     1377.840     1384.870     1384.880
   595:     1397.460     1461.360     1472.830     1472.830     1472.830
   600:     1472.840     1472.840     1474.350     1476.370     1476.370
   605:     1478.670     1482.830     1482.840     1501.580     1501.580
   610:     1501.580     1501.590     1501.590     1511.580     1511.590
   615:     1534.350     1535.510     1535.510     1535.510     1535.520
   620:     1535.520     1537.340     1537.340     1537.430     1537.430
   625:     1537.560     1537.560     1537.750     1537.750     1539.040
   630:     1539.290     1539.680     1544.060     1544.940     1544.990
   635:     1545.380     1545.510     1545.520     1546.550     1547.400
   640:     1548.190     1548.380     1548.460     1549.650     1550.130
   645:     1551.700     1554.450     1554.550     1554.980     1555.590
   650:     1556.730     1557.320     1566.430     1566.430     1566.430
   655:     1566.440     1566.440     1576.030     1576.430     1576.440
   660:     1576.560     1576.780     1576.870     1577.380     1578.000
   665:     1579.780     1579.780     1579.780     1579.790     1579.790
   670:     1580.540     1589.780     1589.790     1623.330     1623.330
   675:     1623.330     1623.340     1623.340     1633.330     1633.340
   680:     1635.260     1635.260     1635.260     1635.270     1635.270
   685:     1636.660     1645.260     1645.270     1649.990     1649.990
   690:     1649.990     1650.000     1650.000     1651.960     1652.760
   695:     1653.620     1653.620     1654.230     1654.230     1654.450
   700:     1654.450     1654.610     1654.610     1659.990     1660.000
   705:     1663.370     1664.410     1664.410     1664.410     1664.420
   710:     1664.420     1666.320     1672.320     1672.320     1673.410
   715:     1673.410     1674.410     1674.420     1676.910     1676.910
   720:     1676.910     1676.920     1676.920     1686.910     1686.920
   725:     1694.900     1745.650     1746.060     1746.290     1746.540
   730:     1747.020     1747.330     1748.890     1758.120     1758.570
   735:     1758.710     1758.820     1760.660     1760.660     1760.660
   740:     1760.670     1760.670     1766.360     1768.640     1769.810
   745:     1769.810     1770.660     1770.670     1771.130     1773.280
   750:     1773.280     1773.280     1773.290     1773.290     1773.870
   755:     1773.870     1774.400     1774.400     1774.710     1774.710
   760:     1776.350     1776.350     1776.450     1776.450     1777.140
   765:     1777.140     1777.400     1777.400     1783.280     1783.290
   770:     1812.200     1823.450     1830.370     1830.430     1830.660
   775:     2213.260     2277.330     2305.680     2305.680     2305.680
   780:     2305.690     2305.690     2308.650     2308.650     2315.250
   785:     2315.250     2315.680     2315.690     2329.980     2330.230
   790:     2340.830     2366.170     2366.170     2366.170     2366.180
   795:     2366.180     2367.010     2374.860     2374.910     2376.140
   800:     2376.140     2376.170     2376.180     2377.120     2377.120
   805:     2377.120     2377.130     2377.130     2377.340     2377.340
   810:     2377.520     2377.520     2379.280     2379.280     2380.120
   815:     2382.650     2383.220     2384.370     2384.370     2384.710
   820:     2384.710     2385.500     2387.120     2387.130     2388.580
   825:     2388.580     2388.580     2388.590     2388.590     2389.570
   830:     2389.570     2391.340     2394.740     2394.740     2395.040
   835:     2395.040     2396.120     2396.120     2396.360     2396.360
   840:     2396.450     2396.450     2397.950     2398.580     2398.590
   845:     2411.130     2411.300     2419.010     2419.010     2419.010
   850:     2419.020     2419.020     2423.330     2423.330     2426.440
   855:     2427.360     2427.510     2429.010     2429.020     2433.980
   860:     2434.140     2436.030     2436.130     2436.610     2436.990
   865:     2442.640     2442.640     2442.640     2442.650     2442.650
   870:     2444.490     2445.060     2449.060     2449.060     2451.950
   875:     2452.640     2452.650     2453.280     2568.200     2616.250
   880:     2616.470     2616.680     2616.910     2617.490     2617.810
   885:     2618.170     2618.380     2618.570     2618.780     2619.100
   890:     2641.080     2641.290     2662.730     2662.730     2662.730
   895:     2662.740     2662.740     2672.730     2672.740     2685.290
   900:     2688.260     2688.260     2688.260     2688.270     2688.270
   905:     2689.050     2691.930     2692.360     2692.420     2692.980
   910:     2694.140     2694.140     2694.240     2694.240     2695.320
   915:     2696.720     2696.720     2697.550     2697.550     2698.260
   920:     2698.270     2699.340     2699.340     2699.340     2699.350
   925:     2699.350     2699.420     2699.420     2700.810     2700.810
   930:     2700.910     2700.910     2701.250     2701.250     2701.360
   935:     2701.360     2701.480     2701.480     2701.620     2701.620
   940:     2701.940     2701.940     2702.240     2702.240     2702.590
   945:     2704.040     2704.040     2704.440     2704.440     2704.660
   950:     2704.660     2705.020     2705.020     2705.420     2705.420
   955:     2705.520     2705.520     2709.340     2709.350     2722.240
   960:     2737.640     2737.640     2737.640     2737.650     2737.650
   965:     2737.710     2737.710     2738.920     2738.920     2739.700
   970:     2740.800     2740.800     2741.300     2741.300     2743.680
   975:     2747.640     2747.650     2749.250     2755.220     2756.020
   980:     2756.230     2760.310     2760.720     2761.120     2761.800
   985:     2766.450     2767.670     2767.700     2768.050     2768.850
   990:     2769.950     2769.950     2769.950     2769.960     2769.960
   995:     2771.070     2774.030     2775.200     2779.950     2779.960
  1000:     2810.680     2810.820     2811.400     2812.680     2860.560
  1005:     2860.560     2860.560     2860.570     2860.570     2863.150
  1010:     2863.150     2863.240     2863.240     2864.010     2870.560
  1015:     2870.570     2887.370     2917.230     2923.470     2923.470
  1020:     2923.470     2923.480     2923.480     2923.590     2923.590
  1025:     2924.570     2924.620     2926.870     2926.870     2927.810
  1030:     2927.810     2928.010     2928.010     2928.220     2928.220
  1035:     2928.400     2928.400     2933.470     2933.480     2972.320
  1040:     2972.320     2972.320     2972.330     2972.330     2972.970
  1045:     2972.970     2980.710     2980.710     2982.320     2982.330
  1050:     3029.110     3029.110     3029.110     3029.120     3029.120
  1055:     3029.950     3030.010     3039.110     3039.120     3040.240
  1060:     3041.190     3041.190     3041.190     3041.200     3041.200
  1065:     3043.000     3043.000     3043.960     3044.890     3047.810
  1070:     3048.180     3048.890     3051.190     3051.200     3052.990
  1075:     3053.280     3055.240     3055.280     3058.480     3058.480
  1080:     3058.480     3058.490     3058.490     3059.150     3059.910
  1085:     3060.140     3062.030     3062.120     3062.530     3062.830
  1090:     3065.490     3068.480     3068.490     3069.200     3072.550
  1095:     3072.740     3072.860     3075.180     3075.330     3078.290
  1100:     3078.740     3079.780     3081.560     3096.450     3096.450
  1105:     3096.450     3096.460     3096.460     3099.800     3106.450
  1110:     3106.460     3242.820     3242.980     3244.710     3245.600
  1115:     3245.820     3248.720     3256.150     3256.150     3256.150
  1120:     3256.160     3256.160     3259.230     3259.330     3260.160
  1125:     3260.210     3260.400     3261.040     3261.180     3262.880
  1130:     3263.400     3266.150     3266.160     3269.230     3307.310
  1135:     3307.310     3307.310     3307.320     3307.320     3309.100
  1140:     3310.900     3313.330     3315.200     3315.200     3315.330
  1145:     3315.330     3315.890     3316.320     3316.560     3317.310
  1150:     3317.320     3318.200     3318.970     3319.560     3341.020
  1155:     3343.480     3343.480     3343.480     3343.490     3343.490
  1160:     3343.580     3343.580     3344.900     3344.900     3345.090
  1165:     3345.090     3347.080     3347.200     3349.060     3349.060
  1170:     3349.170     3349.170     3349.520     3349.520     3349.760
  1175:     3349.760     3350.000     3350.000     3351.820     3351.820
  1180:     3353.480     3353.490     3355.060     3355.060     3355.060
  1185:     3355.070     3355.070     3355.180     3355.180     3365.060
  1190:     3365.070     3371.980     3431.690     3433.240     3433.240
  1195:     3433.240     3433.250     3433.250     3435.790     3437.250
  1200:     3437.250     3437.550     3437.550     3437.760     3437.760
  1205:     3439.810     3441.000     3441.570     3443.240     3443.250
  1210:     3443.420     3443.900     3444.400     3447.220     3447.220
  1215:     3447.220     3447.230     3447.230     3447.880     3448.580
  1220:     3449.090     3449.150     3449.360     3449.810     3452.720
  1225:     3455.450     3457.220     3457.230     3459.420     3459.790
  1230:     3460.830     3461.160     3461.900     3462.100     3462.290
  1235:     3464.290     3465.290     3466.370     3474.150     3474.440
  1240:     3474.560     3475.070     3475.310     3491.080     3491.080
  1245:     3491.080     3491.090     3491.090     3491.400     3491.400
  1250:     3493.690     3501.080     3501.090     3545.100     3545.890
  1255:     3546.400     3847.120     3847.120     3847.120     3847.130
  1260:     3847.130     3848.870     3849.540     3857.120     3857.130
  1265:     3857.620     3857.620     3857.620     3857.630     3857.630
  1270:     3859.000     3859.000     3867.620     3867.630     3894.050
  1275:     3894.050     3894.050     3894.060     3894.060     3904.050
  1280:     3904.060     3925.680     3926.820     3932.410     3932.410
  1285:     3932.410     3932.420     3932.420     3942.410     3942.420
  1290:     3967.080     4012.780     4027.020     4027.230     4027.350
  1295:     4028.780     4028.780     4028.780     4028.790     4028.790
  1300:     4038.780     4038.790     4100.310     4148.860     4149.170
  1305:     4150.130     4150.740     4153.790     4155.920     4157.110
  1310:     4163.520     4163.940     4164.050     4164.290     4164.860
  1315:     4165.010     4165.310     4165.590     4167.390     4167.390
  1320:     4167.390     4167.400     4167.400     4169.420     4177.390
  1325:     4177.400     4179.190     4179.190     4179.190     4179.200
  1330:     4179.200     4189.190     4189.200     4193.610     4193.610
  1335:     4193.610     4193.620     4193.620     4199.600     4199.600
  1340:     4203.610     4203.620     4207.680     4209.090     4209.090
  1345:     4209.090     4209.100     4209.100     4211.270     4214.840
  1350:     4219.090     4219.100     4224.510     4294.240     4294.850
  1355:     4296.620     4296.620     4296.620     4296.630     4296.630
  1360:     4297.940     4297.940     4299.890     4306.620     4306.630
  1365:     4385.970     4385.970     4385.970     4385.980     4385.980
  1370:     4386.480     4386.480     4390.270     4395.970     4395.980
  1375:     4409.260     4419.640     4419.640     4419.640     4419.650
  1380:     4419.650     4423.850     4423.850     4429.640     4429.650
  1385:     4511.510     4549.750     4549.750     4549.750     4549.760
  1390:     4549.760     4551.760     4553.400     4553.400     4554.630
  1395:     4554.630     4554.760     4554.760     4555.110     4555.110
  1400:     4557.570     4558.790     4558.790     4558.920     4558.920
  1405:     4559.750     4559.760     4561.510     4561.510     4561.510
  1410:     4561.520     4561.520     4561.690     4561.690     4571.510
  1415:     4571.520     4596.700     4596.700     4596.700     4596.710
  1420:     4596.710     4606.700     4606.710     4696.420     4727.650
  1425:     4727.950     4728.150     4728.320     4736.490     4739.430
  1430:     4739.430     4739.430     4739.440     4739.440     4740.370
  1435:     4740.370     4741.750     4743.050     4749.430     4749.440
  1440:     4754.330     4754.330     4754.330     4754.340     4754.340
  1445:     4764.330     4764.340     4772.850     4835.600     4836.830
  1450:     4844.720     4844.720     4844.720     4844.730     4844.730
  1455:     4845.300     4845.300     4845.500     4845.500     4847.690
  1460:     4849.680     4854.720     4854.730     4873.100     4873.100
  1465:     4873.100     4873.110     4873.110     4874.880     4874.880
  1470:     4883.100     4883.110     4909.650     4910.280     4967.710
  1475:     4975.730     5047.230     5047.230     5047.230     5047.240
  1480:     5047.240     5049.060     5057.230     5057.240     5141.350
  1485:     5141.870     5143.130     5143.130     5143.130     5143.140
  1490:     5143.140     5145.880     5145.880     5145.970     5145.970
  1495:     5146.320     5146.320     5149.910     5150.330     5152.890
  1500:     5153.130     5153.140     5167.450     5167.450     5167.450
  1505:     5167.460     5167.460     5177.450     5177.460     5178.110
  1510:     5192.070     5415.270     5415.270     5415.270     5415.280
  1515:     5415.280     5424.970     5424.970     5425.270     5425.280
  1520:     5425.300     5425.300     5425.300     5425.310     5425.310
  1525:     5425.380     5425.380     5425.560     5425.560     5425.920
  1530:     5425.920     5426.570     5426.570     5426.650     5426.650
  1535:     5426.930     5426.930     5427.130     5427.130     5427.720
  1540:     5427.720     5428.590     5428.640     5430.050     5430.050
  1545:     5430.620     5430.620     5431.140     5431.140     5431.330
  1550:     5431.330     5432.630     5432.630     5432.770     5432.770
  1555:     5433.180     5433.180     5433.300     5433.300     5434.630
  1560:     5435.060     5435.140     5435.300     5435.310     5435.370
  1565:     5469.260     5470.630     5470.630     5470.630     5470.640
  1570:     5470.640     5471.640     5471.640     5476.760     5476.760
  1575:     5479.360     5479.360     5480.630     5480.640     5480.710
  1580:     5480.710     5480.710     5480.720     5480.720     5480.860
  1585:     5480.860     5482.160     5482.160     5490.470     5490.470
  1590:     5490.550     5490.550     5490.710     5490.720     5496.420
  1595:     5496.660     5505.620     5507.540     5510.280     5510.280
  1600:     5510.280     5510.290     5510.290     5515.660     5515.890
  1605:     5518.510     5518.670     5520.280     5520.290     5521.210
  1610:     5523.220     5523.630     5523.650     5527.740     5527.740
  1615:     5527.740     5527.750     5527.750     5529.300     5537.740
  1620:     5537.750     5738.140     5738.430     5738.610     5739.090
  1625:     5747.650     5750.550     5750.550     5750.550     5750.560
  1630:     5750.560     5753.280     5753.280     5753.800     5753.800
  1635:     5754.200     5754.200     5754.620     5754.620     5755.010
  1640:     5755.010     5760.550     5760.560     5763.200     5763.200
  1645:     5763.200     5763.210     5763.210     5773.200     5773.210
  1650:     5798.850     5815.830     5817.890     5817.890     5817.890
  1655:     5817.900     5817.900     5819.520     5821.200     5827.890
  1660:     5827.900     5889.630     5889.670     5889.720     5892.420
  1665:     5893.590     5896.040     5903.880     5911.200     5911.200
  1670:     5911.200     5911.210     5911.210     5913.040     5921.200
  1675:     5921.210     5998.840     5999.330     6165.120     6165.720
  1680:     6181.910     6220.560     6222.520     6222.520     6222.520
  1685:     6222.530     6222.530     6224.110     6224.110     6232.520
  1690:     6232.530     6252.970     6303.650     6306.880     6306.880
  1695:     6306.880     6306.890     6306.890     6313.030     6313.030
  1700:     6313.330     6313.330     6316.880     6316.890     6383.280
  1705:     6383.280     6383.280     6383.290     6383.290     6385.090
  1710:     6387.050     6387.050     6388.870     6388.870     6393.280
  1715:     6393.290     6393.990     6418.190     6418.190     6418.190
  1720:     6418.200     6418.200     6420.440     6420.440     6428.190
  1725:     6428.200     6428.400     6428.400     6428.400     6428.410
  1730:     6428.410     6431.970     6431.970     6432.630     6432.630
  1735:     6433.630     6433.630     6433.740     6433.740     6433.900
  1740:     6433.900     6434.760     6434.760     6435.280     6435.280
  1745:     6435.650     6435.650     6435.920     6435.920     6436.800
  1750:     6436.800     6437.240     6437.240     6437.480     6437.480
  1755:     6438.400     6438.410     6453.080     6458.510     6458.510
  1760:     6458.510     6458.520     6458.520     6459.360     6459.360
  1765:     6459.540     6459.540     6459.790     6459.790     6460.300
  1770:     6460.300     6460.450     6460.450     6460.710     6460.710
  1775:     6462.800     6462.800     6462.960     6462.960     6468.510
  1780:     6468.520     6586.510     6586.510     6586.510     6586.520
  1785:     6586.520     6593.140     6593.140     6593.560     6593.560
  1790:     6594.630     6596.510     6596.520     6618.060     6680.180
  1795:     6791.070     6813.210     6813.210     6813.210     6813.220
  1800:     6813.220     6823.210     6823.220     6846.770     6846.770
  1805:     6846.770     6846.780     6846.780     6847.390     6847.390
  1810:     6856.770     6856.780     6862.310     6866.630     6866.630
  1815:     6866.630     6866.640     6866.640     6867.290     6868.090
  1820:     6876.630     6876.640     6993.860     6994.250     6994.840
  1825:     7010.630     7010.630     7010.630     7010.640     7010.640
  1830:     7016.030     7016.030     7019.010     7019.010     7019.310
  1835:     7019.310     7020.630     7020.640     7020.920     7020.920
  1840:     7020.920     7020.930     7020.930     7021.030     7021.030
  1845:     7030.920     7030.930     7036.230     7069.470     7069.470
  1850:     7069.470     7069.480     7069.480     7079.470     7079.480
  1855:     7101.050     7104.810     7107.850     7107.850     7107.850
  1860:     7107.860     7107.860     7109.370     7117.850     7117.860
  1865:     7119.940     7120.260     7122.850     7122.850     7122.850
  1870:     7122.860     7122.860     7122.940     7122.940     7123.400
  1875:     7123.400     7123.550     7123.550     7123.690     7123.690
  1880:     7123.790     7123.790     7124.470     7124.470     7124.880
  1885:     7124.880     7125.540     7125.540     7125.730     7125.730
  1890:     7126.760     7126.760     7126.890     7126.890     7127.190
  1895:     7127.190     7129.310     7129.310     7129.740     7129.740
  1900:     7130.470     7130.470     7131.460     7132.800     7132.800
  1905:     7132.850     7132.860     7133.170     7133.170     7133.170
  1910:     7133.180     7133.180     7133.530     7133.530     7133.690
  1915:     7133.690     7133.800     7133.800     7136.670     7136.670
  1920:     7136.970     7136.970     7137.230     7137.230     7143.170
  1925:     7143.180     7146.420     7146.420     7146.420     7146.430
  1930:     7146.430     7151.740     7151.740     7152.010     7152.010
  1935:     7156.420     7156.430     7159.640     7173.660     7178.110
  1940:     7178.680     7179.630     7263.230     7263.950     7276.900
  1945:     7276.900     7276.900     7276.910     7276.910     7283.960
  1950:     7283.960     7286.900     7286.910     7291.300     7291.300
  1955:     7291.300     7291.310     7291.310     7301.300     7301.310
  1960:     7310.910     7317.490     7320.260     7320.260     7320.260
  1965:     7320.270     7320.270     7330.260     7330.270     7330.790
  1970:     7330.790     7330.790     7330.800     7330.800     7340.790
  1975:     7340.800     7343.330     7343.330     7343.330     7343.340
  1980:     7343.340     7349.620     7351.790     7351.790     7353.330
  1985:     7353.340     7354.050     7354.050     7354.050     7354.060
  1990:     7354.060     7356.870     7356.870     7364.050     7364.060
  1995:     7368.690     7368.690     7368.690     7368.700     7368.700
  2000:     7378.690     7378.700     7395.880     7395.880     7395.880
  2005:     7395.890     7395.890     7405.880     7405.890     7414.160
  2010:     7426.160     7450.130     7456.050     7456.050     7456.050
  2015:     7456.060     7456.060     7466.050     7466.060     7471.810
  2020:     7485.410     7485.410     7485.410     7485.420     7485.420
  2025:     7486.220     7486.220     7495.410     7495.420     7500.000
  2030:     7500.030     7500.910     7504.170     7522.130     7525.700
  2035:     7529.840     7529.840     7529.840     7529.850     7529.850
  2040:     7531.120     7532.610     7533.690     7535.080     7535.080
  2045:     7536.030     7536.030     7539.840     7539.850     7542.800
  2050:     7543.190     7560.420     7560.420     7560.420     7560.430
  2055:     7560.430     7570.420     7570.430     7573.620     7573.620
  2060:     7573.620     7573.630     7573.630     7575.900     7575.900
  2065:     7579.060     7583.620     7583.630     7591.120     7591.760
  2070:     7591.930     7592.130     7592.380     7594.150     7652.090
  2075:     7652.090     7652.090     7652.100     7652.100     7653.340
  2080:     7653.340     7653.590     7653.590     7662.090     7662.100
  2085:     7667.220     7667.220     7667.220     7667.230     7667.230
  2090:     7673.450     7677.220     7677.230     7695.730     7696.520
  2095:     7700.530     7700.530     7700.530     7700.540     7700.540
  2100:     7705.950     7705.950     7710.530     7710.540     8001.270
  2105:     8002.220     8014.100     8014.400     8015.640     8015.900
  2110:     8016.890     8017.240     8018.750     8020.930     8022.400
  2115:     8023.670     8023.930     8024.050     8036.880     8036.880
  2120:     8036.880     8036.890     8036.890     8046.880     8046.890
  2125:     8050.390     8050.850     8051.090     8051.440     8051.670
  2130:     8070.010     8071.470     8072.580     8073.240     8073.510
  2135:     8075.020     8077.520     8078.260     8080.500     8081.430
  2140:     8108.600     8108.600     8108.600     8108.610     8108.610
  2145:     8110.530     8110.530     8114.110     8118.600     8118.610
  2150:     8120.610     8120.610     8120.610     8120.620     8120.620
  2155:     8130.610     8130.620     8163.560     8163.800     8164.020
  2160:     8166.540     8166.540     8166.540     8166.550     8166.550
  2165:     8176.540     8176.550     8240.360     8240.620     8247.850
  2170:     8248.630     8252.340     8253.340     8253.950     8386.350
  2175:     8386.350     8386.350     8386.360     8386.360     8388.200
  2180:     8388.200     8396.350     8396.360     8404.290     8448.830
  2185:     8449.320     8449.670     8453.120     8453.120     8453.120
  2190:     8453.130     8453.130     8463.120     8463.130     8476.110
  2195:     8476.110     8476.110     8476.120     8476.120     8484.090
  2200:     8484.090     8486.110     8486.120     8486.920     8486.920
  2205:     8486.920     8486.930     8486.930     8496.920     8496.930
  2210:     8533.900     8533.900     8533.900     8533.910     8533.910
  2215:     8543.900     8543.910     8551.100     8553.370     8554.560
  2220:     8554.880     8555.150     8579.130     8579.130     8579.130
  2225:     8579.140     8579.140     8588.370     8589.130     8589.140
  2230:     8589.910     8590.630     8595.600     8596.100     8596.240
  2235:     8597.590     8597.860     8598.500     8599.490     8599.660
  2240:     8606.190     8606.190     8606.190     8606.200     8606.200
  2245:     8608.370     8608.370     8616.190     8616.200     8644.040
  2250:     8646.690     8646.990     8812.310     8813.320     8819.430
  2255:     8912.820     8913.990     8917.820     9029.660     9030.600
  2260:     9030.810     9031.340     9035.050     9035.360     9097.880
  2265:     9097.880     9097.880     9097.890     9097.890     9098.100
  2270:     9098.100     9098.270     9098.270     9107.880     9107.890
  2275:     9112.400     9112.400     9112.400     9112.410     9112.410
  2280:     9116.030     9116.030     9122.400     9122.410     9124.390
  2285:     9124.390     9124.390     9124.400     9124.400     9124.890
  2290:     9124.890     9127.010     9127.010     9128.640     9128.640
  2295:     9131.610     9134.390     9134.400     9136.450     9136.450
  2300:     9136.450     9136.460     9136.460     9136.560     9136.560
  2305:     9136.730     9136.730     9138.820     9138.820     9140.060
  2310:     9140.060     9145.550     9145.550     9146.080     9146.080
  2315:     9146.450     9146.460     9147.730     9147.730     9147.730
  2320:     9147.740     9147.740     9147.830     9147.830     9148.370
  2325:     9148.370     9148.700     9148.700     9150.250     9150.250
  2330:     9150.380     9150.380     9157.730     9157.740     9203.290
  2335:     9210.380     9210.380     9210.380     9210.390     9210.390
  2340:     9212.620     9212.620     9212.820     9212.820     9213.030
  2345:     9213.030     9213.640     9213.640     9213.830     9213.830
  2350:     9214.020     9214.020     9214.780     9214.780     9214.930
  2355:     9214.930     9215.900     9219.440     9219.440     9220.380
  2360:     9220.390     9220.600     9220.600     9220.600     9220.610
  2365:     9220.610     9220.670     9220.670     9222.270     9222.270
  2370:     9223.470     9223.470     9223.710     9223.710     9223.940
  2375:     9223.940     9224.210     9224.210     9224.360     9224.360
  2380:     9225.270     9225.270     9226.890     9226.890     9228.710
  2385:     9228.710     9229.330     9229.330     9229.560     9229.560
  2390:     9229.810     9229.810     9230.410     9230.410     9230.590
  2395:     9230.590     9230.600     9230.610     9231.020     9231.020
  2400:     9231.020     9231.030     9231.030     9231.980     9231.980
  2405:     9232.060     9232.060     9232.850     9232.850     9241.020
  2410:     9241.030     9552.570     9553.460     9580.690     9580.690
  2415:     9580.690     9580.700     9580.700     9582.640     9582.640
  2420:     9590.690     9590.700     9639.110     9639.110     9639.110
  2425:     9639.120     9639.120     9640.830     9640.830     9648.470
  2430:     9648.470     9649.110     9649.120     9737.010     9737.010
  2435:     9737.010     9737.020     9737.020     9738.400     9738.400
  2440:     9739.210     9739.210     9747.010     9747.020     9760.250
  2445:     9761.280     9761.940     9763.540     9764.200     9764.820
  2450:     9766.290     9766.450     9766.780     9767.850     9769.900
  2455:     9770.940     9772.890     9786.140     9786.140     9786.140
  2460:     9786.150     9786.150     9796.140     9796.150     9798.560
  2465:     9798.560     9798.560     9798.570     9798.570     9806.600
  2470:     9808.560     9808.570    10043.300    10044.550    10044.830
  2475:    10109.220    10109.220    10109.220    10109.230    10109.230
  2480:    10109.430    10109.430    10110.220    10110.220    10110.370
  2485:    10110.370    10110.790    10110.790    10111.330    10111.330
  2490:    10111.500    10111.500    10112.090    10112.090    10117.840
  2495:    10117.840    10119.220    10119.230    10120.480    10120.480
  2500:    10120.480    10120.490    10120.490    10130.480    10130.490
  2505:    10131.750    10190.920    10190.950    10192.980    10192.980
  2510:    10192.980    10192.990    10192.990    10195.570    10202.980
  2515:    10202.990    10208.420    10209.080    10209.850    10210.440
  2520:    10219.840    10219.840    10219.840    10219.850    10219.850
  2525:    10219.950    10219.950    10220.050    10220.050    10220.450
  2530:    10220.450    10220.560    10220.560    10220.680    10220.680
  2535:    10221.350    10221.350    10221.870    10221.870    10222.200
  2540:    10222.200    10223.220    10223.220    10223.270    10223.270
  2545:    10226.800    10226.800    10229.840    10229.850    10239.530
  2550:    10239.530    10239.530    10239.540    10239.540    10249.530
  2555:    10249.540    10284.250    10284.750    10285.840    10460.380
  2560:    10460.380    10460.380    10460.390    10460.390    10462.470
  2565:    10462.470    10470.380    10470.390    10473.520    10473.520
  2570:    10473.520    10473.530    10473.530    10475.820    10475.820
  2575:    10478.130    10478.130    10480.030    10480.030    10480.150
  2580:    10480.150    10480.580    10480.580    10481.030    10481.030
  2585:    10483.520    10483.530    10543.810    10567.380    10605.540
  2590:    10605.540    10605.540    10605.550    10605.550    10607.230
  2595:    10607.300    10615.540    10615.550
