File: C:\MED-PC\Data\2024-11-12_09h11m_Subject 42.txt


Start Date: 11/12/24
End Date: 11/12/24
Subject: 42
Experiment: OralFentSA
Group: One
Box: 10
Start Time: 09:11:46
End Time: 12:11:58
MSN: Golden_Liq_SelfAdmin_EXT
F:       0.000
G:     473.000
H:   10800.000
I:       0.000
J:       0.000
K:       0.000
L:       0.000
M:       0.000
N:       0.000
O:       0.000
P:       0.000
Q:       0.000
R:       0.000
S:       0.000
U:       0.000
V:       0.000
W:       0.000
X:       0.000
Y:       0.000
Z:       0.000
A:
     0:        0.000        0.000      180.000        4.000        0.000
     5:        5.000        0.000        5.000        0.000        0.000
    10:        1.000        0.000       10.000   100000.000       21.000
    15:       17.000      600.000        0.000        0.000        0.000
    20:        0.000
B:
     0:        0.000        0.000        0.000        0.000        0.000
     5:        0.000        0.000        0.000        0.000        0.000
    10:        0.000        0.000     1000.000 10000000.000        0.000
    15:        0.000        0.000        0.000        0.000        0.000
    20:        0.000
C:
     0:        0.000       42.000        0.000       68.000      128.000
     5:    10603.300       56.550       30.000     2922.220       97.407
    10:       68.000        0.000        0.000        0.000        0.000
    15:        0.000        0.000        0.000        0.000        0.000
    20:        0.000
D:
     0:       87.110       66.740       30.770       53.640       12.220
     5:       84.070      283.800       11.090      252.150      128.060
    10:        8.240      120.960      113.110        1.730        7.110
    15:       39.700       19.590       55.510      219.540       53.520
    20:        3.810        1.830      812.540       37.880       45.360
    25:      107.760        8.690      196.630        2.510       56.550
E:
     0:       19.000       11.000       26.000       27.000        6.000
     5:        6.000        2.000        4.000       22.000       24.000
    10:       12.000       19.000       11.000        6.000        6.000
    15:        6.000        2.000        4.000       22.000       24.000
    20:       12.000       21.000       22.000       19.000       11.000
    25:        2.000        4.000       22.000       24.000       12.000
    30:       19.000       11.000        6.000        6.000        6.000
    35:        6.000        2.000        4.000       22.000       24.000
    40:       12.000       19.000       11.000        6.000        6.000
    45:        2.000        4.000       22.000       24.000       12.000
    50:       19.000       11.000        6.000        6.000        6.000
    55:        2.000        4.000       22.000       24.000       12.000
    60:       21.000       22.000       21.000       22.000       21.000
    65:       22.000       19.000       11.000        6.000        6.000
    70:        6.000        6.000        6.000        6.000        6.000
    75:        6.000        6.000        2.000        4.000       22.000
    80:       24.000       12.000       19.000       11.000        6.000
    85:        6.000        6.000        6.000        2.000        4.000
    90:       22.000       24.000       12.000       19.000       11.000
    95:        6.000        6.000        6.000        6.000        2.000
   100:        4.000       22.000       24.000       12.000       21.000
   105:       22.000       19.000       11.000        6.000        6.000
   110:        6.000        6.000        6.000        2.000        4.000
   115:       22.000       24.000       12.000       21.000       22.000
   120:       19.000       11.000        2.000        4.000       22.000
   125:       24.000       12.000       19.000       11.000        6.000
   130:        2.000        4.000       22.000       24.000       12.000
   135:       21.000       22.000       19.000       11.000        2.000
   140:        4.000       22.000       24.000       12.000       19.000
   145:       11.000        6.000        6.000        6.000        6.000
   150:        2.000        4.000       22.000       24.000       12.000
   155:       21.000       22.000       21.000       22.000        6.000
   160:        6.000       19.000       11.000        6.000        2.000
   165:        4.000       22.000       24.000       12.000       21.000
   170:       22.000       19.000       11.000        2.000        4.000
   175:       22.000       24.000       12.000       19.000       11.000
   180:        6.000        6.000        6.000        6.000        6.000
   185:        6.000        6.000        6.000        6.000        6.000
   190:        6.000        6.000        6.000        6.000        6.000
   195:        6.000        2.000        4.000       22.000       24.000
   200:       12.000       21.000       22.000       21.000       22.000
   205:       21.000       22.000       19.000       11.000        6.000
   210:        6.000        2.000        4.000       22.000       24.000
   215:       12.000        6.000        6.000       19.000       11.000
   220:        6.000        6.000        6.000        6.000        6.000
   225:        6.000        6.000        6.000        6.000        6.000
   230:        2.000        4.000       22.000       24.000       12.000
   235:       21.000       22.000        6.000       19.000       11.000
   240:        2.000        4.000       22.000       24.000       12.000
   245:       21.000       22.000       21.000       22.000       19.000
   250:       11.000        2.000        4.000       22.000       24.000
   255:       12.000       21.000       22.000       19.000       11.000
   260:        6.000        6.000        2.000        4.000       22.000
   265:       24.000       12.000       21.000       22.000       21.000
   270:       22.000       19.000       11.000        6.000        6.000
   275:        2.000        4.000       22.000       24.000       12.000
   280:       21.000       22.000       19.000       11.000        6.000
   285:        6.000        6.000        2.000        4.000       22.000
   290:       24.000       12.000       19.000       11.000        2.000
   295:        4.000       22.000       24.000       12.000       19.000
   300:       11.000        6.000        6.000        6.000        6.000
   305:        6.000        6.000        6.000        6.000        6.000
   310:        6.000        2.000        4.000       22.000       24.000
   315:       12.000       21.000       22.000       19.000       11.000
   320:        6.000        6.000        6.000        6.000        2.000
   325:        4.000       22.000       24.000       12.000        6.000
   330:       19.000       11.000        6.000        6.000        2.000
   335:        4.000       22.000       24.000       12.000       19.000
   340:       11.000        2.000        4.000       22.000       24.000
   345:       12.000        6.000        6.000        6.000       19.000
   350:       11.000        6.000        6.000        2.000        4.000
   355:       22.000       24.000       12.000       21.000       22.000
   360:       21.000       22.000       21.000       22.000       19.000
   365:       11.000        6.000        6.000        6.000        2.000
   370:        4.000       22.000       24.000       12.000       19.000
   375:       11.000        6.000        6.000        6.000        2.000
   380:        4.000       22.000       24.000       12.000       19.000
   385:       11.000        6.000        6.000        6.000        6.000
   390:        2.000        4.000       22.000       24.000       12.000
   395:       21.000       22.000       19.000       11.000        6.000
   400:        2.000        4.000       22.000       24.000       12.000
   405:       21.000       22.000        6.000       19.000       11.000
   410:        6.000        6.000        6.000        6.000        2.000
   415:        4.000       22.000       24.000       12.000       19.000
   420:       11.000        6.000        2.000        4.000       22.000
   425:       24.000       12.000       21.000       22.000       19.000
   430:       11.000        2.000        4.000       22.000       24.000
   435:       12.000       19.000       11.000        2.000        4.000
   440:       22.000       24.000       12.000        6.000       19.000
   445:       11.000        6.000        2.000        4.000       22.000
   450:       24.000       12.000       19.000       11.000        2.000
   455:        4.000       22.000       24.000       12.000       19.000
   460:       11.000        6.000        6.000        6.000        6.000
   465:        6.000        2.000        4.000       22.000       24.000
   470:       12.000       19.000       11.000      100.000
T:
     0:        0.000        0.000        0.000        0.000        0.650
     5:        1.500        2.890        2.890        2.890        2.900
    10:        2.900       12.890       12.900       90.010       93.210
    15:       94.210      108.850      108.850      108.850      108.860
    20:      108.860      109.750      109.750      118.850      118.860
    25:      119.810      119.810      119.810      119.820      119.820
    30:      129.810      129.820      186.560      186.690      187.390
    35:      191.690      232.770      232.770      232.770      232.780
    40:      232.780      242.770      242.780      263.550      270.740
    45:      274.720      274.720      274.720      274.730      274.730
    50:      284.720      284.730      328.370      330.790      335.450
    55:      338.310      338.310      338.310      338.320      338.320
    60:      341.700      341.700      342.720      342.720      342.920
    65:      342.920      348.310      348.320      350.540      353.360
    70:      354.760      354.790      356.130      359.320      360.530
    75:      362.190      363.780      371.240      371.240      371.240
    80:      371.250      371.250      381.240      381.250      455.320
    85:      458.590      462.050      503.630      546.830      546.830
    90:      546.830      546.840      546.840      556.830      556.840
    95:      830.640      872.180     1319.610     1320.190     1340.120
   100:     1340.120     1340.120     1340.130     1340.130     1342.220
   105:     1342.220     1350.120     1350.130     1351.220     1362.160
   110:     1557.560     1560.010     1562.700     1567.010     1567.010
   115:     1567.010     1567.020     1567.020     1572.980     1572.980
   120:     1577.010     1577.020     2039.760     2039.760     2039.760
   125:     2039.770     2039.770     2049.760     2049.770     2291.920
   130:     2351.260     2351.260     2351.260     2351.270     2351.270
   135:     2355.060     2355.060     2361.260     2361.270     2364.070
   140:     2364.070     2364.070     2364.080     2364.080     2374.070
   145:     2374.080     2492.140     2495.790     2497.640     2582.970
   150:     2696.890     2696.890     2696.890     2696.900     2696.900
   155:     2698.800     2698.800     2703.990     2703.990     2705.140
   160:     2706.800     2706.890     2706.900     2707.720     2885.870
   165:     2885.870     2885.870     2885.880     2885.880     2894.050
   170:     2894.050     2895.870     2895.880     2897.110     2897.110
   175:     2897.110     2897.120     2897.120     2907.110     2907.120
   180:     3018.080     3022.040     3045.670     3051.530     3052.860
   185:     3054.400     3056.240     3059.100     3061.850     3063.250
   190:     3066.360     3068.230     3071.970     3072.430     3077.890
   195:     3083.690     3089.870     3089.870     3089.870     3089.880
   200:     3089.880     3092.240     3092.240     3094.070     3094.070
   205:     3094.990     3094.990     3099.870     3099.880     3202.990
   210:     3487.450     3701.760     3701.760     3701.760     3701.770
   215:     3701.770     3703.500     3709.880     3711.760     3711.770
   220:     3952.700     3955.300     3957.700     3959.210     3961.650
   225:     3965.010     3969.020     3971.410     3971.450     4028.010
   230:     4213.030     4213.030     4213.030     4213.040     4213.040
   235:     4216.380     4216.380     4220.150     4223.030     4223.040
   240:     4463.840     4463.840     4463.840     4463.850     4463.850
   245:     4471.140     4471.140     4471.850     4471.850     4473.840
   250:     4473.850     4663.950     4663.950     4663.950     4663.960
   255:     4663.960     4668.310     4668.310     4673.950     4673.960
   260:     4703.660     4711.920     4716.510     4716.510     4716.510
   265:     4716.520     4716.520     4720.950     4720.950     4726.460
   270:     4726.460     4726.510     4726.520     4736.110     4741.710
   275:     4793.710     4793.710     4793.710     4793.720     4793.720
   280:     4796.400     4796.400     4803.710     4803.720     4849.230
   285:     4849.300     4988.020     5018.990     5018.990     5018.990
   290:     5019.000     5019.000     5028.990     5029.000     5330.660
   295:     5330.660     5330.660     5330.670     5330.670     5340.660
   300:     5340.670     5550.210     5555.790     5555.970     5556.560
   305:     5561.060     5562.070     5565.160     5567.120     5567.190
   310:     5567.550     5706.030     5706.030     5706.030     5706.040
   315:     5706.040     5707.600     5707.600     5716.030     5716.040
   320:     5759.560     5763.700     5764.890     5786.990     5799.270
   325:     5799.270     5799.270     5799.280     5799.280     5803.090
   330:     5809.270     5809.280     5916.300     5916.380     5920.610
   335:     5920.610     5920.610     5920.620     5920.620     5930.610
   340:     5930.620     6180.790     6180.790     6180.790     6180.800
   345:     6180.800     6182.630     6187.300     6187.410     6190.790
   350:     6190.800     6193.310     6195.980     6246.410     6246.410
   355:     6246.410     6246.420     6246.420     6246.930     6246.930
   360:     6247.390     6247.390     6248.450     6248.450     6256.410
   365:     6256.420     7058.960     7095.980     7097.600     7183.660
   370:     7183.660     7183.660     7183.670     7183.670     7193.660
   375:     7193.670     7221.550     7224.720     7365.580     7563.530
   380:     7563.530     7563.530     7563.540     7563.540     7573.530
   385:     7573.540     7608.900     7644.150     7789.440     7933.450
   390:     7980.790     7980.790     7980.790     7980.800     7980.800
   395:     7983.450     7983.450     7990.790     7990.800     8088.560
   400:     8249.890     8249.890     8249.890     8249.900     8249.900
   405:     8250.660     8250.660     8258.590     8259.890     8259.900
   410:     8282.750     8282.830     8282.910     8286.860     8864.080
   415:     8864.080     8864.080     8864.090     8864.090     8874.080
   420:     8874.090     9060.720     9590.300     9590.300     9590.300
   425:     9590.310     9590.310     9591.380     9591.380     9600.300
   430:     9600.310     9887.430     9887.430     9887.430     9887.440
   435:     9887.440     9897.430     9897.440     9928.600     9928.600
   440:     9928.600     9928.610     9928.610     9931.120     9938.600
   445:     9938.610     9940.840    10210.470    10210.470    10210.470
   450:    10210.480    10210.480    10220.470    10220.480    10437.320
   455:    10437.320    10437.320    10437.330    10437.330    10447.320
   460:    10447.330    10493.880    10527.870    10598.420    10600.210
   465:    10601.900    10603.290    10603.290    10603.290    10603.300
   470:    10603.300    10613.290    10613.300    10800.000
