File: C:\MED-PC\Data\2024-10-21_13h39m_Subject 54.txt


Start Date: 10/21/24
End Date: 10/21/24
Subject: 54
Experiment: OralFentSA
Group: One
Box: 10
Start Time: 13:39:23
End Time: 16:39:47
MSN: 20241014_Golden_Liq_SelfAdmin
F:       0.000
G:    1517.000
H:   10800.000
I:       0.000
J:       0.000
K:       0.000
L:       0.000
M:       0.000
N:       0.000
O:       0.000
P:       0.000
Q:       0.000
R:       0.000
S:       0.000
U:       0.000
V:       0.000
W:       0.000
X:       0.000
Y:       0.000
Z:       0.000
A:
     0:        0.000        0.000      180.000        4.000        0.000
     5:        5.000        0.000        5.000        0.000        0.000
    10:        1.000        0.000       10.000      600.000       31.700
    15:        1.000      640.000        0.000        0.000        0.000
    20:        0.000
B:
     0:        0.000        0.000        0.000      400.000        0.000
     5:      500.000        0.000      500.000        0.000        0.000
    10:        0.000        0.000     1000.000    60000.000        0.000
    15:        0.000        0.000        0.000        0.000        0.000
    20:        0.000
C:
     0:       84.000       85.000      122.000      127.000      129.000
     5:    10715.040       47.090       40.000     2022.410       50.560
    10:      127.000      122.000        3.000        0.000        0.000
    15:        0.000        0.000        0.000        0.000        0.000
    20:        0.000
D:
     0:        3.380       17.880        4.160        9.710        2.840
     5:       52.320        3.750        7.700        7.860       67.230
    10:        4.430       55.510       13.420        4.000        6.880
    15:        2.650        5.870       15.260        1.660        3.480
    20:       28.800        6.440       15.950        4.300        6.930
    25:        5.210        6.330      190.750       12.000       18.750
    30:        2.290      588.000      219.830      185.470       91.460
    35:      194.690       39.880       48.300       19.950       47.090
E:
     0:       19.000       11.000       26.000       27.000        2.000
     5:        4.000       22.000       24.000       12.000       13.000
    10:        8.000        5.000       17.000       18.000       21.000
    15:       22.000       14.000       10.000       21.000       22.000
    20:       19.000       11.000        1.000        2.000        4.000
    25:       22.000       24.000       12.000       13.000        8.000
    30:        5.000       17.000       18.000       14.000       10.000
    35:       19.000       11.000        2.000        4.000       22.000
    40:       24.000       12.000       13.000        8.000        5.000
    45:       17.000       21.000       22.000       21.000       22.000
    50:       18.000       14.000       10.000       20.000       19.000
    55:       11.000        2.000        4.000       22.000       24.000
    60:       12.000       13.000        8.000        5.000       17.000
    65:        6.000        6.000       18.000        6.000        6.000
    70:       14.000       10.000        6.000        6.000        6.000
    75:       19.000       11.000        6.000        2.000        4.000
    80:       22.000       24.000       12.000       13.000        8.000
    85:        5.000       17.000       21.000       22.000       18.000
    90:       14.000       10.000       19.000       11.000        6.000
    95:        6.000        1.000        1.000        2.000        4.000
   100:       22.000       24.000       12.000       13.000        8.000
   105:        5.000       17.000       18.000        6.000       14.000
   110:       10.000        6.000        6.000        6.000        6.000
   115:        6.000        6.000       19.000       11.000        6.000
   120:        6.000        6.000        6.000        2.000        4.000
   125:       22.000       24.000       12.000       13.000        8.000
   130:        5.000       17.000       18.000       14.000       10.000
   135:       19.000       11.000        2.000        4.000       22.000
   140:       24.000       12.000       13.000        8.000        5.000
   145:       17.000       18.000       20.000       14.000       10.000
   150:        6.000       19.000       11.000        6.000        6.000
   155:        6.000        6.000        6.000        6.000        6.000
   160:        6.000        6.000        6.000        6.000        6.000
   165:        6.000        6.000        6.000        6.000        6.000
   170:        6.000        6.000        6.000        6.000        2.000
   175:        4.000       22.000       24.000       12.000       13.000
   180:        8.000        5.000       17.000        6.000       18.000
   185:       14.000       10.000        6.000        6.000       19.000
   190:       11.000        6.000        6.000        2.000        4.000
   195:       22.000       24.000       12.000       13.000        8.000
   200:        5.000       17.000       21.000       22.000       18.000
   205:       14.000       10.000       19.000       11.000        6.000
   210:        2.000        4.000       22.000       24.000       12.000
   215:       13.000        8.000        5.000       17.000       21.000
   220:       22.000        6.000       18.000       14.000       10.000
   225:       19.000       11.000        2.000        4.000       22.000
   230:       24.000       12.000       13.000        8.000        5.000
   235:       17.000       18.000       14.000       10.000        6.000
   240:       19.000       11.000        1.000        6.000        6.000
   245:        6.000        2.000        4.000       22.000       24.000
   250:       12.000       13.000        8.000        5.000       17.000
   255:       18.000       14.000       10.000       19.000       11.000
   260:        1.000        1.000        1.000        2.000        4.000
   265:       22.000       24.000       12.000       13.000        8.000
   270:        5.000       17.000       18.000       14.000       10.000
   275:       19.000       11.000        1.000        2.000        4.000
   280:       22.000       24.000       12.000       13.000        8.000
   285:        5.000       17.000       21.000       22.000       18.000
   290:       14.000       10.000       19.000       11.000        2.000
   295:        4.000       22.000       24.000       12.000       13.000
   300:        8.000        5.000       17.000       18.000       14.000
   305:       10.000       19.000       11.000        2.000        4.000
   310:       22.000       24.000       12.000       13.000        8.000
   315:        5.000       17.000       20.000       18.000       20.000
   320:       14.000       10.000       20.000       20.000       19.000
   325:       11.000        2.000        4.000       22.000       24.000
   330:       12.000       13.000        8.000        5.000       17.000
   335:       18.000       14.000       10.000       21.000       22.000
   340:       21.000       22.000       19.000       11.000        2.000
   345:        4.000       22.000       24.000       12.000       13.000
   350:        8.000        5.000       17.000       18.000       14.000
   355:       10.000        6.000       19.000       11.000        2.000
   360:        4.000       22.000       24.000       12.000       13.000
   365:        8.000        5.000       17.000       18.000       14.000
   370:       10.000       19.000       11.000        6.000        2.000
   375:        4.000       22.000       24.000       12.000       13.000
   380:        8.000        5.000       17.000       21.000       22.000
   385:       21.000       22.000       18.000       14.000       10.000
   390:       20.000       20.000       19.000       11.000        2.000
   395:        4.000       22.000       24.000       12.000       13.000
   400:        8.000        5.000       17.000       18.000        6.000
   405:        6.000       14.000       10.000       19.000       11.000
   410:        2.000        4.000       22.000       24.000       12.000
   415:       13.000        8.000        5.000       17.000       18.000
   420:       14.000       10.000       19.000       11.000        1.000
   425:        1.000        1.000        1.000        1.000        1.000
   430:        1.000        1.000        1.000        1.000        1.000
   435:        2.000        4.000       22.000       24.000       12.000
   440:       13.000        8.000        5.000       17.000       18.000
   445:       14.000       10.000       20.000       20.000       20.000
   450:       20.000       19.000       11.000        1.000        1.000
   455:        1.000        1.000        1.000        2.000        4.000
   460:       22.000       24.000       12.000       13.000        8.000
   465:        5.000       17.000       20.000       18.000       14.000
   470:       10.000       20.000       20.000       19.000       11.000
   475:        1.000        1.000        2.000        4.000       22.000
   480:       24.000       12.000       13.000        8.000        5.000
   485:       17.000       18.000       14.000       10.000       19.000
   490:       11.000        1.000        1.000        1.000        1.000
   495:        6.000        6.000        2.000        4.000       22.000
   500:       24.000       12.000       13.000        8.000        5.000
   505:       17.000       21.000       22.000       18.000       14.000
   510:       10.000       19.000       11.000        6.000        1.000
   515:        6.000        6.000        2.000        4.000       22.000
   520:       24.000       12.000       13.000        8.000        5.000
   525:       17.000       18.000        6.000       14.000       10.000
   530:       19.000       11.000        6.000        6.000        6.000
   535:        6.000        6.000        2.000        4.000       22.000
   540:       24.000       12.000       13.000        8.000        5.000
   545:       17.000       21.000       22.000       18.000       14.000
   550:       10.000       19.000       11.000        2.000        4.000
   555:       22.000       24.000       12.000       13.000        8.000
   560:        5.000       17.000       18.000       14.000       10.000
   565:        6.000       19.000       11.000        2.000        4.000
   570:       22.000       24.000       12.000       13.000        8.000
   575:        5.000       17.000       18.000       14.000       10.000
   580:       21.000       22.000       21.000       22.000       19.000
   585:       11.000        1.000        1.000        1.000        2.000
   590:        4.000       22.000       24.000       12.000       13.000
   595:        8.000        5.000       17.000       21.000       22.000
   600:       21.000       22.000       18.000       14.000       10.000
   605:       19.000       11.000        2.000        4.000       22.000
   610:       24.000       12.000       13.000        8.000        5.000
   615:       17.000       21.000       22.000        6.000        6.000
   620:       18.000       14.000       10.000       19.000       11.000
   625:        6.000        1.000        1.000        2.000        4.000
   630:       22.000       24.000       12.000       13.000        8.000
   635:        5.000       17.000       18.000       14.000       10.000
   640:       20.000       21.000       22.000       19.000       11.000
   645:        2.000        4.000       22.000       24.000       12.000
   650:       13.000        8.000        5.000       17.000       18.000
   655:       14.000       10.000        6.000       19.000       11.000
   660:        6.000        6.000        2.000        4.000       22.000
   665:       24.000       12.000       13.000        8.000        5.000
   670:       17.000       18.000       14.000       10.000       19.000
   675:       11.000        6.000        6.000        1.000        1.000
   680:        1.000        1.000        1.000        2.000        4.000
   685:       22.000       24.000       12.000       13.000        8.000
   690:        5.000       17.000        6.000        6.000        6.000
   695:        6.000       18.000       14.000       10.000       19.000
   700:       11.000        2.000        4.000       22.000       24.000
   705:       12.000       13.000        8.000        5.000       17.000
   710:       21.000       22.000       18.000       14.000       10.000
   715:       19.000       11.000        1.000        2.000        4.000
   720:       22.000       24.000       12.000       13.000        8.000
   725:        5.000       17.000       18.000       14.000       10.000
   730:       20.000       19.000       11.000        2.000        4.000
   735:       22.000       24.000       12.000       13.000        8.000
   740:        5.000       17.000       21.000       22.000       18.000
   745:       14.000       10.000       19.000       11.000        1.000
   750:        1.000        1.000        1.000        1.000        1.000
   755:        1.000        1.000        1.000        1.000        1.000
   760:        2.000        4.000       22.000       24.000       12.000
   765:       13.000        8.000        5.000       17.000       18.000
   770:       14.000       10.000       19.000       11.000        2.000
   775:        4.000       22.000       24.000       12.000       13.000
   780:        8.000        5.000       17.000       18.000       14.000
   785:       10.000       19.000       11.000        1.000        2.000
   790:        4.000       22.000       24.000       12.000       13.000
   795:        8.000        5.000       17.000        6.000       18.000
   800:       14.000       10.000       19.000       11.000        2.000
   805:        4.000       22.000       24.000       12.000       13.000
   810:        8.000        5.000       17.000       18.000       14.000
   815:       10.000       19.000       11.000        1.000        2.000
   820:        4.000       22.000       24.000       12.000       13.000
   825:        8.000        5.000       17.000       18.000       14.000
   830:       10.000       19.000       11.000        6.000        6.000
   835:        2.000        4.000       22.000       24.000       12.000
   840:       13.000        8.000        5.000       17.000       21.000
   845:       22.000       21.000       22.000       21.000       22.000
   850:       18.000       14.000       10.000        6.000        6.000
   855:        6.000       19.000       11.000        2.000        4.000
   860:       22.000       24.000       12.000       13.000        8.000
   865:        5.000       17.000       21.000       22.000       18.000
   870:       14.000       10.000       19.000       11.000        1.000
   875:        1.000        1.000        1.000        2.000        4.000
   880:       22.000       24.000       12.000       13.000        8.000
   885:        5.000       17.000       21.000       22.000       18.000
   890:       14.000       10.000       19.000       11.000        6.000
   895:        6.000        2.000        4.000       22.000       24.000
   900:       12.000       13.000        8.000        5.000       17.000
   905:       21.000       22.000       18.000       14.000       10.000
   910:       21.000       22.000       19.000       11.000        1.000
   915:        2.000        4.000       22.000       24.000       12.000
   920:       13.000        8.000        5.000       17.000       21.000
   925:       22.000       21.000       22.000       18.000       14.000
   930:       10.000       19.000       11.000        1.000        1.000
   935:        1.000        1.000        1.000        1.000        1.000
   940:        1.000        1.000        1.000        1.000        1.000
   945:        1.000        1.000        2.000        4.000       22.000
   950:       24.000       12.000       13.000        8.000        5.000
   955:       17.000       18.000        6.000        6.000       14.000
   960:       10.000       19.000       11.000        1.000        1.000
   965:        6.000        6.000        2.000        4.000       22.000
   970:       24.000       12.000       13.000        8.000        5.000
   975:       17.000       18.000       14.000       10.000       21.000
   980:       22.000       21.000       22.000       19.000       11.000
   985:        2.000        4.000       22.000       24.000       12.000
   990:       13.000        8.000        5.000       17.000       21.000
   995:       22.000       18.000       14.000       10.000       21.000
  1000:       22.000       21.000       22.000       19.000       11.000
  1005:        2.000        4.000       22.000       24.000       12.000
  1010:       13.000        8.000        5.000       17.000       18.000
  1015:       14.000       10.000        6.000       19.000       11.000
  1020:        1.000        2.000        4.000       22.000       24.000
  1025:       12.000       13.000        8.000        5.000       17.000
  1030:       21.000       22.000       21.000       22.000       18.000
  1035:       14.000       10.000        6.000       19.000       11.000
  1040:        2.000        4.000       22.000       24.000       12.000
  1045:       13.000        8.000        5.000       17.000       18.000
  1050:       14.000       10.000        6.000       19.000       11.000
  1055:        1.000        2.000        4.000       22.000       24.000
  1060:       12.000       13.000        8.000        5.000       17.000
  1065:       21.000       22.000       18.000       14.000       10.000
  1070:       19.000       11.000        1.000        1.000        2.000
  1075:        4.000       22.000       24.000       12.000       13.000
  1080:        8.000        5.000       17.000       18.000       14.000
  1085:       10.000       19.000       11.000        6.000        6.000
  1090:        2.000        4.000       22.000       24.000       12.000
  1095:       13.000        8.000        5.000       17.000       21.000
  1100:       22.000       18.000       14.000       10.000       19.000
  1105:       11.000        2.000        4.000       22.000       24.000
  1110:       12.000       13.000        8.000        5.000       17.000
  1115:       18.000       14.000       10.000       19.000       11.000
  1120:        6.000        2.000        4.000       22.000       24.000
  1125:       12.000       13.000        8.000        5.000       17.000
  1130:       18.000       14.000       10.000       19.000       11.000
  1135:        2.000        4.000       22.000       24.000       12.000
  1140:       13.000        8.000        5.000       17.000       18.000
  1145:       14.000       10.000       19.000       11.000        2.000
  1150:        4.000       22.000       24.000       12.000       13.000
  1155:        8.000        5.000       17.000       21.000       22.000
  1160:       18.000       14.000       10.000       19.000       11.000
  1165:        6.000        2.000        4.000       22.000       24.000
  1170:       12.000       13.000        8.000        5.000       17.000
  1175:        6.000       18.000       14.000       10.000       19.000
  1180:       11.000        1.000        1.000        1.000        2.000
  1185:        4.000       22.000       24.000       12.000       13.000
  1190:        8.000        5.000       17.000       18.000       14.000
  1195:       10.000       19.000       11.000        6.000       25.000
  1200:       24.000       12.000       13.000        8.000        5.000
  1205:       17.000       18.000       14.000       10.000       19.000
  1210:       11.000        1.000        6.000        1.000        6.000
  1215:        6.000       25.000       24.000       12.000       13.000
  1220:        8.000        5.000       17.000       18.000       14.000
  1225:       10.000       19.000       11.000        6.000        6.000
  1230:        6.000        6.000        6.000        2.000        4.000
  1235:       22.000       24.000       12.000       13.000        8.000
  1240:        5.000       17.000       18.000       14.000       10.000
  1245:       19.000       11.000        2.000        4.000       22.000
  1250:       24.000       12.000       13.000        8.000        5.000
  1255:       17.000       18.000       21.000       22.000       14.000
  1260:       10.000       19.000       11.000        2.000        4.000
  1265:       22.000       24.000       12.000       13.000        8.000
  1270:        5.000       17.000       21.000       22.000       18.000
  1275:       14.000       10.000       19.000       11.000        6.000
  1280:        6.000        2.000        4.000       22.000       24.000
  1285:       12.000       13.000        8.000        5.000       17.000
  1290:       18.000       14.000       10.000       19.000       11.000
  1295:        1.000        1.000        1.000        1.000        1.000
  1300:        2.000        4.000       22.000       24.000       12.000
  1305:       13.000        8.000        5.000       17.000       18.000
  1310:       14.000       10.000       19.000       11.000        2.000
  1315:        4.000       22.000       24.000       12.000       13.000
  1320:        8.000        5.000       17.000       18.000       14.000
  1325:       10.000       19.000       11.000        6.000        6.000
  1330:        6.000        1.000        6.000        6.000        1.000
  1335:        1.000        1.000        6.000        6.000        6.000
  1340:        2.000        4.000       22.000       24.000       12.000
  1345:       13.000        8.000        5.000       17.000       18.000
  1350:       14.000       10.000       19.000       11.000        1.000
  1355:        2.000        4.000       22.000       24.000       12.000
  1360:       13.000        8.000        5.000       17.000       18.000
  1365:       14.000       10.000       19.000       11.000        2.000
  1370:        4.000       22.000       24.000       12.000       13.000
  1375:        8.000        5.000       17.000       18.000       14.000
  1380:       10.000       19.000       11.000        6.000        2.000
  1385:        4.000       22.000       24.000       12.000       13.000
  1390:        8.000        5.000       17.000       21.000       22.000
  1395:       18.000       14.000       10.000       19.000       11.000
  1400:        2.000        4.000       22.000       24.000       12.000
  1405:       13.000        8.000        5.000       17.000       18.000
  1410:       14.000       10.000       19.000       11.000        6.000
  1415:        1.000        1.000        6.000        6.000        2.000
  1420:        4.000       22.000       24.000       12.000       13.000
  1425:        8.000        5.000       17.000       18.000       14.000
  1430:       10.000       19.000       11.000        2.000        4.000
  1435:       22.000       24.000       12.000       13.000        8.000
  1440:        5.000       17.000       21.000       22.000       21.000
  1445:       22.000       18.000       14.000       10.000       19.000
  1450:       11.000        6.000        1.000        1.000        1.000
  1455:        1.000        2.000        4.000       22.000       24.000
  1460:       12.000       13.000        8.000        5.000       17.000
  1465:       20.000       18.000       14.000       10.000       19.000
  1470:       11.000        2.000        4.000       22.000       24.000
  1475:       12.000       13.000        8.000        5.000       17.000
  1480:       18.000       14.000       10.000       19.000       11.000
  1485:        2.000        4.000       22.000       24.000       12.000
  1490:       13.000        8.000        5.000       17.000       18.000
  1495:       14.000       10.000       19.000       11.000        1.000
  1500:        1.000        1.000       25.000       24.000       12.000
  1505:       13.000        8.000        5.000       17.000       18.000
  1510:       14.000       10.000       19.000       11.000        6.000
  1515:        6.000        6.000      100.000
T:
     0:        0.000        0.000        0.000        0.000       66.080
     5:       66.080       66.080       66.090       66.090       66.090
    10:       66.090       66.090       66.090       70.090       71.010
    15:       71.010       71.090       71.090       71.600       71.600
    20:       76.080       76.090       78.780       82.710       82.710
    25:       82.710       82.720       82.720       82.720       82.720
    30:       82.720       82.720       86.720       87.720       87.720
    35:       92.710       92.720      110.730      110.730      110.730
    40:      110.740      110.740      110.740      110.740      110.740
    45:      110.740      111.500      111.500      112.850      112.850
    50:      114.740      115.740      115.740      119.140      120.730
    55:      120.740      121.850      121.850      121.850      121.860
    60:      121.860      121.860      121.860      121.860      121.860
    65:      125.240      125.350      125.860      126.350      126.450
    70:      126.860      126.860      128.850      129.370      129.840
    75:      131.850      131.860      146.350      151.410      151.410
    80:      151.410      151.420      151.420      151.420      151.420
    85:      151.420      151.420      152.590      152.590      155.420
    90:      156.420      156.420      161.410      161.420      169.300
    95:      169.990      185.230      185.750      199.490      199.490
   100:      199.490      199.500      199.500      199.500      199.500
   105:      199.500      199.500      203.500      203.660      204.500
   110:      204.500      204.580      204.790      206.680      207.100
   115:      207.130      208.790      209.490      209.500      216.790
   120:      217.350      249.020      250.060      261.930      261.930
   125:      261.930      261.940      261.940      261.940      261.940
   130:      261.940      261.940      265.940      266.940      266.940
   135:      271.930      271.940      273.750      273.750      273.750
   140:      273.760      273.760      273.760      273.760      273.760
   145:      273.760      277.760      278.320      278.760      278.760
   150:      283.470      283.750      283.760      284.890      285.520
   155:      289.220      291.740      293.140      294.730      298.430
   160:      314.730      314.830      314.980      316.100      316.260
   165:      321.950      322.570      330.110      334.590      335.260
   170:      337.420      339.040      339.690      340.380      374.120
   175:      374.120      374.120      374.130      374.130      374.130
   180:      374.130      374.130      374.130      376.970      378.130
   185:      379.130      379.130      379.960      380.170      384.120
   190:      384.130      394.450      395.500      398.390      398.390
   195:      398.390      398.400      398.400      398.400      398.400
   200:      398.400      398.400      401.810      401.810      402.400
   205:      403.400      403.400      408.390      408.400      450.720
   210:      459.600      459.600      459.600      459.610      459.610
   215:      459.610      459.610      459.610      459.610      461.790
   220:      461.790      463.360      463.610      464.610      464.610
   225:      469.600      469.610      481.790      481.790      481.790
   230:      481.800      481.800      481.800      481.800      481.800
   235:      481.800      485.800      486.800      486.800      489.500
   240:      491.790      491.800      537.590      696.500      697.330
   245:      697.540      705.290      705.290      705.290      705.300
   250:      705.300      705.300      705.300      705.300      705.300
   255:      709.300      710.300      710.300      715.290      715.300
   260:      899.820     1007.640     1007.830     1063.750     1063.750
   265:     1063.750     1063.760     1063.760     1063.760     1063.760
   270:     1063.760     1063.760     1067.760     1068.760     1068.760
   275:     1073.750     1073.760     1136.840     1388.480     1388.480
   280:     1388.480     1388.490     1388.490     1388.490     1388.490
   285:     1388.490     1388.490     1388.860     1388.860     1392.490
   290:     1393.490     1393.490     1398.480     1398.490     1428.580
   295:     1428.580     1428.580     1428.590     1428.590     1428.590
   300:     1428.590     1428.590     1428.590     1432.590     1433.590
   305:     1433.590     1438.580     1438.590     1447.630     1447.630
   310:     1447.630     1447.640     1447.640     1447.640     1447.640
   315:     1447.640     1447.640     1451.190     1451.640     1452.250
   320:     1452.640     1452.640     1452.980     1455.250     1457.630
   325:     1457.640     1466.560     1466.560     1466.560     1466.570
   330:     1466.570     1466.570     1466.570     1466.570     1466.570
   335:     1470.570     1471.570     1471.570     1472.970     1472.970
   340:     1473.520     1473.520     1476.560     1476.570     1479.660
   345:     1479.660     1479.660     1479.670     1479.670     1479.670
   350:     1479.670     1479.670     1479.670     1483.670     1484.670
   355:     1484.670     1487.530     1489.660     1489.670     1491.850
   360:     1491.850     1491.850     1491.860     1491.860     1491.860
   365:     1491.860     1491.860     1491.860     1495.860     1496.860
   370:     1496.860     1501.850     1501.860     1559.090     1561.710
   375:     1561.710     1561.710     1561.720     1561.720     1561.720
   380:     1561.720     1561.720     1561.720     1563.450     1563.450
   385:     1563.640     1563.640     1565.720     1566.720     1566.720
   390:     1567.360     1569.670     1571.710     1571.720     1591.080
   395:     1591.080     1591.080     1591.090     1591.090     1591.090
   400:     1591.090     1591.090     1591.090     1595.090     1595.520
   405:     1595.870     1596.090     1596.090     1601.080     1601.090
   410:     1607.330     1607.330     1607.330     1607.340     1607.340
   415:     1607.340     1607.340     1607.340     1607.340     1611.340
   420:     1612.340     1612.340     1617.330     1617.340     1618.230
   425:     1624.890     1625.760     1628.620     1629.470     1629.850
   430:     1632.010     1634.200     1639.050     1640.570     1641.450
   435:     1645.440     1645.440     1645.440     1645.450     1645.450
   440:     1645.450     1645.450     1645.450     1645.450     1649.450
   445:     1650.450     1650.450     1652.980     1653.930     1654.210
   450:     1654.690     1655.440     1655.450     1656.710     1656.820
   455:     1657.160     1657.320     1667.180     1674.330     1674.330
   460:     1674.330     1674.340     1674.340     1674.340     1674.340
   465:     1674.340     1674.340     1677.660     1678.340     1679.340
   470:     1679.340     1682.090     1684.250     1684.330     1684.340
   475:     1686.780     1689.570     1701.060     1701.060     1701.060
   480:     1701.070     1701.070     1701.070     1701.070     1701.070
   485:     1701.070     1705.070     1706.070     1706.070     1711.060
   490:     1711.070     1714.320     1715.300     1715.990     1719.230
   495:     1756.580     1765.120     1803.990     1803.990     1803.990
   500:     1804.000     1804.000     1804.000     1804.000     1804.000
   505:     1804.000     1806.220     1806.220     1808.000     1809.000
   510:     1809.000     1813.990     1814.000     1817.420     1859.980
   515:     1986.300     1986.490     2007.710     2007.710     2007.710
   520:     2007.720     2007.720     2007.720     2007.720     2007.720
   525:     2007.720     2011.720     2011.720     2012.720     2012.720
   530:     2017.710     2017.720     2067.490     2067.750     2068.500
   535:     2068.610     2102.670     2114.910     2114.910     2114.910
   540:     2114.920     2114.920     2114.920     2114.920     2114.920
   545:     2114.920     2116.500     2116.500     2118.920     2119.920
   550:     2119.920     2124.910     2124.920     2167.320     2167.320
   555:     2167.320     2167.330     2167.330     2167.330     2167.330
   560:     2167.330     2167.330     2171.330     2172.330     2172.330
   565:     2174.210     2177.320     2177.330     2300.750     2300.750
   570:     2300.750     2300.760     2300.760     2300.760     2300.760
   575:     2300.760     2300.760     2304.760     2305.760     2305.760
   580:     2305.990     2305.990     2306.550     2306.550     2310.750
   585:     2310.760     2321.180     2331.420     2333.050     2376.850
   590:     2376.850     2376.850     2376.860     2376.860     2376.860
   595:     2376.860     2376.860     2376.860     2377.390     2377.390
   600:     2377.940     2377.940     2380.860     2381.860     2381.860
   605:     2386.850     2386.860     2409.040     2409.040     2409.040
   610:     2409.050     2409.050     2409.050     2409.050     2409.050
   615:     2409.050     2409.810     2409.810     2411.700     2411.920
   620:     2413.050     2414.050     2414.050     2419.040     2419.050
   625:     2425.670     2498.140     2506.700     2553.040     2553.040
   630:     2553.040     2553.050     2553.050     2553.050     2553.050
   635:     2553.050     2553.050     2557.050     2558.050     2558.050
   640:     2561.790     2562.400     2562.400     2563.040     2563.050
   645:     2563.130     2563.130     2563.130     2563.140     2563.140
   650:     2563.140     2563.140     2563.140     2563.140     2567.140
   655:     2568.140     2568.140     2569.010     2573.130     2573.140
   660:     2579.040     2590.620     2620.490     2620.490     2620.490
   665:     2620.500     2620.500     2620.500     2620.500     2620.500
   670:     2620.500     2624.500     2625.500     2625.500     2630.490
   675:     2630.500     2635.760     2635.800     2645.320     2645.480
   680:     2645.790     2648.880     2649.010     2652.220     2652.220
   685:     2652.220     2652.230     2652.230     2652.230     2652.230
   690:     2652.230     2652.230     2653.890     2654.060     2654.310
   695:     2654.510     2656.230     2657.230     2657.230     2662.220
   700:     2662.230     2711.150     2711.150     2711.150     2711.160
   705:     2711.160     2711.160     2711.160     2711.160     2711.160
   710:     2711.490     2711.490     2715.160     2716.160     2716.160
   715:     2721.150     2721.160     2809.470     2812.240     2812.240
   720:     2812.240     2812.250     2812.250     2812.250     2812.250
   725:     2812.250     2812.250     2816.250     2817.250     2817.250
   730:     2818.470     2822.240     2822.250     2942.780     2942.780
   735:     2942.780     2942.790     2942.790     2942.790     2942.790
   740:     2942.790     2942.790     2945.710     2945.710     2946.790
   745:     2947.790     2947.790     2952.780     2952.790     3020.240
   750:     3020.940     3034.900     3035.600     3098.420     3162.280
   755:     3164.120     3279.380     3284.700     3284.960     3286.870
   760:     3293.890     3293.890     3293.890     3293.900     3293.900
   765:     3293.900     3293.900     3293.900     3293.900     3297.900
   770:     3298.900     3298.900     3303.890     3303.900     3313.670
   775:     3313.670     3313.670     3313.680     3313.680     3313.680
   780:     3313.680     3313.680     3313.680     3317.680     3318.680
   785:     3318.680     3323.670     3323.680     3542.030     3599.850
   790:     3599.850     3599.850     3599.860     3599.860     3599.860
   795:     3599.860     3599.860     3599.860     3603.340     3603.860
   800:     3604.860     3604.860     3609.850     3609.860     3618.060
   805:     3618.060     3618.060     3618.070     3618.070     3618.070
   810:     3618.070     3618.070     3618.070     3622.070     3623.070
   815:     3623.070     3628.060     3628.070     3675.910     3689.990
   820:     3689.990     3689.990     3690.000     3690.000     3690.000
   825:     3690.000     3690.000     3690.000     3694.000     3695.000
   830:     3695.000     3699.990     3700.000     3718.800     3785.300
   835:     3788.820     3788.820     3788.820     3788.830     3788.830
   840:     3788.830     3788.830     3788.830     3788.830     3790.140
   845:     3790.140     3792.450     3792.450     3792.750     3792.750
   850:     3792.830     3793.830     3793.830     3795.270     3795.390
   855:     3795.600     3798.820     3798.830     3804.480     3804.480
   860:     3804.480     3804.490     3804.490     3804.490     3804.490
   865:     3804.490     3804.490     3805.080     3805.080     3808.490
   870:     3809.490     3809.490     3814.480     3814.490     3822.730
   875:     3823.400     3824.010     4069.450     4074.720     4074.720
   880:     4074.720     4074.730     4074.730     4074.730     4074.730
   885:     4074.730     4074.730     4078.630     4078.630     4078.730
   890:     4079.730     4079.730     4084.720     4084.730     4090.680
   895:     4145.480     4149.180     4149.180     4149.180     4149.190
   900:     4149.190     4149.190     4149.190     4149.190     4149.190
   905:     4150.210     4150.210     4153.190     4154.190     4154.190
   910:     4157.780     4157.780     4159.180     4159.190     4160.620
   915:     4359.900     4359.900     4359.900     4359.910     4359.910
   920:     4359.910     4359.910     4359.910     4359.910     4360.110
   925:     4360.110     4360.900     4360.900     4363.910     4364.910
   930:     4364.910     4369.900     4369.910     4486.640     4487.610
   935:     4489.820     4490.420     4502.350     4502.920     4502.990
   940:     4503.130     4503.340     4503.920     4505.640     4515.760
   945:     4516.400     4519.790     4523.660     4523.660     4523.660
   950:     4523.670     4523.670     4523.670     4523.670     4523.670
   955:     4523.670     4527.670     4527.970     4528.570     4528.670
   960:     4528.670     4533.660     4533.670     4550.490     4554.360
   965:     4571.680     4600.430     4604.140     4604.140     4604.140
   970:     4604.150     4604.150     4604.150     4604.150     4604.150
   975:     4604.150     4608.150     4609.150     4609.150     4610.880
   980:     4610.880     4611.260     4611.260     4614.140     4614.150
   985:     4626.290     4626.290     4626.290     4626.300     4626.300
   990:     4626.300     4626.300     4626.300     4626.300     4626.670
   995:     4626.670     4630.300     4631.300     4631.300     4635.080
  1000:     4635.080     4635.680     4635.680     4636.290     4636.300
  1005:     4638.050     4638.050     4638.050     4638.060     4638.060
  1010:     4638.060     4638.060     4638.060     4638.060     4642.060
  1015:     4643.060     4643.060     4644.990     4648.050     4648.060
  1020:     4650.720     4664.240     4664.240     4664.240     4664.250
  1025:     4664.250     4664.250     4664.250     4664.250     4664.250
  1030:     4667.960     4667.960     4668.090     4668.090     4668.250
  1035:     4669.250     4669.250     4669.460     4674.240     4674.250
  1040:     4696.230     4696.230     4696.230     4696.240     4696.240
  1045:     4696.240     4696.240     4696.240     4696.240     4700.240
  1050:     4701.240     4701.240     4702.570     4706.230     4706.240
  1055:     4818.520     4825.550     4825.550     4825.550     4825.560
  1060:     4825.560     4825.560     4825.560     4825.560     4825.560
  1065:     4826.200     4826.200     4829.560     4830.560     4830.560
  1070:     4835.550     4835.560     5056.870     5085.480     5322.030
  1075:     5322.030     5322.030     5322.040     5322.040     5322.040
  1080:     5322.040     5322.040     5322.040     5326.040     5327.040
  1085:     5327.040     5332.030     5332.040     5512.790     5588.540
  1090:     5616.050     5616.050     5616.050     5616.060     5616.060
  1095:     5616.060     5616.060     5616.060     5616.060     5616.310
  1100:     5616.310     5620.060     5621.060     5621.060     5626.050
  1105:     5626.060     5626.690     5626.690     5626.690     5626.700
  1110:     5626.700     5626.700     5626.700     5626.700     5626.700
  1115:     5630.700     5631.700     5631.700     5636.690     5636.700
  1120:     5638.700     5728.010     5728.010     5728.010     5728.020
  1125:     5728.020     5728.020     5728.020     5728.020     5728.020
  1130:     5732.020     5733.020     5733.020     5738.010     5738.020
  1135:     5755.910     5755.910     5755.910     5755.920     5755.920
  1140:     5755.920     5755.920     5755.920     5755.920     5759.920
  1145:     5760.920     5760.920     5765.910     5765.920     5805.270
  1150:     5805.270     5805.270     5805.280     5805.280     5805.280
  1155:     5805.280     5805.280     5805.280     5805.370     5805.370
  1160:     5809.280     5810.280     5810.280     5815.270     5815.280
  1165:     5824.030     5871.000     5871.000     5871.000     5871.010
  1170:     5871.010     5871.010     5871.010     5871.010     5871.010
  1175:     5873.300     5875.010     5876.010     5876.010     5881.000
  1180:     5881.010     5920.200     5923.420     5924.330     5996.100
  1185:     5996.100     5996.100     5996.110     5996.110     5996.110
  1190:     5996.110     5996.110     5996.110     6000.110     6001.110
  1195:     6001.110     6006.100     6006.110     6584.110     6606.100
  1200:     6606.110     6606.110     6606.110     6606.110     6606.110
  1205:     6606.110     6610.110     6611.110     6611.110     6616.100
  1210:     6616.110     6727.670     6825.940     7095.090     7130.940
  1215:     7131.060     7216.100     7216.110     7216.110     7216.110
  1220:     7216.110     7216.110     7216.110     7220.110     7221.110
  1225:     7221.110     7226.100     7226.110     7401.580     7452.700
  1230:     7470.410     7472.710     7612.690     7783.720     7783.720
  1235:     7783.720     7783.730     7783.730     7783.730     7783.730
  1240:     7783.730     7783.730     7787.730     7788.730     7788.730
  1245:     7793.720     7793.730     7829.960     7829.960     7829.960
  1250:     7829.970     7829.970     7829.970     7829.970     7829.970
  1255:     7829.970     7833.970     7834.440     7834.440     7834.970
  1260:     7834.970     7839.960     7839.970     7966.400     7966.400
  1265:     7966.400     7966.410     7966.410     7966.410     7966.410
  1270:     7966.410     7966.410     7966.460     7966.460     7970.410
  1275:     7971.410     7971.410     7976.400     7976.410     8057.870
  1280:     8058.020     8068.010     8068.010     8068.010     8068.020
  1285:     8068.020     8068.020     8068.020     8068.020     8068.020
  1290:     8072.020     8073.020     8073.020     8078.010     8078.020
  1295:     8123.920     8125.210     8220.590     8244.720     8333.130
  1300:     8429.360     8429.360     8429.360     8429.370     8429.370
  1305:     8429.370     8429.370     8429.370     8429.370     8433.370
  1310:     8434.370     8434.370     8439.360     8439.370     8651.810
  1315:     8651.810     8651.810     8651.820     8651.820     8651.820
  1320:     8651.820     8651.820     8651.820     8655.820     8656.820
  1325:     8656.820     8661.810     8661.820     8846.510     8847.790
  1330:     8847.970     8906.240     8926.250     8926.390     8965.090
  1335:     8969.370     8991.590     9018.480     9081.120     9081.250
  1340:     9178.930     9178.930     9178.930     9178.940     9178.940
  1345:     9178.940     9178.940     9178.940     9178.940     9182.940
  1350:     9183.940     9183.940     9188.930     9188.940     9297.820
  1355:     9313.610     9313.610     9313.610     9313.620     9313.620
  1360:     9313.620     9313.620     9313.620     9313.620     9317.620
  1365:     9318.620     9318.620     9323.610     9323.620     9646.850
  1370:     9646.850     9646.850     9646.860     9646.860     9646.860
  1375:     9646.860     9646.860     9646.860     9650.860     9651.860
  1380:     9651.860     9656.850     9656.860     9686.740     9697.370
  1385:     9697.370     9697.370     9697.380     9697.380     9697.380
  1390:     9697.380     9697.380     9697.380     9697.750     9697.750
  1395:     9701.380     9702.380     9702.380     9707.370     9707.380
  1400:     9711.280     9711.280     9711.280     9711.290     9711.290
  1405:     9711.290     9711.290     9711.290     9711.290     9715.290
  1410:     9716.290     9716.290     9721.280     9721.290     9759.590
  1415:     9775.190     9780.800     9836.390     9892.470     9898.120
  1420:     9898.120     9898.120     9898.130     9898.130     9898.130
  1425:     9898.130     9898.130     9898.130     9902.130     9903.130
  1430:     9903.130     9908.120     9908.130     9920.830     9920.830
  1435:     9920.830     9920.840     9920.840     9920.840     9920.840
  1440:     9920.840     9920.840     9922.780     9922.780     9924.320
  1445:     9924.320     9924.840     9925.840     9925.840     9930.830
  1450:     9930.840     9940.790     9948.620     9950.010     9950.530
  1455:     9951.850    10030.110    10030.110    10030.110    10030.120
  1460:    10030.120    10030.120    10030.120    10030.120    10030.120
  1465:    10033.610    10034.120    10035.120    10035.120    10040.110
  1470:    10040.120    10071.090    10071.090    10071.090    10071.100
  1475:    10071.100    10071.100    10071.100    10071.100    10071.100
  1480:    10075.100    10076.100    10076.100    10081.090    10081.100
  1485:    10105.030    10105.030    10105.030    10105.040    10105.040
  1490:    10105.040    10105.040    10105.040    10105.040    10109.040
  1495:    10110.040    10110.040    10115.030    10115.040    10299.930
  1500:    10303.820    10450.240    10715.030    10715.040    10715.040
  1505:    10715.040    10715.040    10715.040    10715.040    10719.040
  1510:    10720.040    10720.040    10725.030    10725.040    10762.130
  1515:    10763.250    10764.020    10800.000
