File: C:\MED-PC\Data\2024-11-20_16h01m_Subject 52.txt


Start Date: 11/20/24
End Date: 11/20/24
Subject: 52
Experiment: OralFentSA
Group: One
Box: 8
Start Time: 16:01:46
End Time: 18:49:48
MSN: Golden_Liq_SelfAdmin_EXT
F:       0.000
G:     694.000
H:   10067.870
I:       0.000
J:       0.000
K:       0.000
L:       0.000
M:       0.000
N:       0.000
O:       0.000
P:       0.000
Q:       0.000
R:       0.000
S:       0.000
U:       0.000
V:       0.000
W:       0.000
X:       0.000
Y:       0.000
Z:       0.000
A:
     0:        0.000        0.000      180.000        4.000        0.000
     5:        5.000        0.000        5.000        0.000        0.000
    10:        1.000        0.000       10.000   100000.000       31.200
    15:       23.000      600.000        0.000        0.000        0.000
    20:        0.000
B:
     0:        0.000        0.000        0.000        0.000        0.000
     5:        0.000        0.000        0.000        0.000        0.000
    10:        0.000        0.000     1000.000 10000000.000        0.000
    15:        0.000        0.000        0.000        0.000        0.000
    20:        0.000
C:
     0:        0.000       42.000      100.000       47.000      291.000
     5:     9888.810       81.580       19.000     1201.170       63.219
    10:       47.000      100.000        0.000        0.000        0.000
    15:        0.000        0.000        0.000        0.000        0.000
    20:        0.000
D:
     0:       21.820       11.730       24.630       12.340       50.180
     5:      179.990        3.330       36.810       30.370      173.470
    10:       47.810      174.700        4.940        6.760      172.520
    15:      107.980        1.640       58.570       81.580
E:
     0:       19.000       11.000       26.000       27.000        6.000
     5:        1.000        2.000        4.000       22.000       24.000
    10:       12.000       19.000       11.000        6.000        6.000
    15:        6.000        6.000        6.000        6.000        6.000
    20:        6.000        6.000        6.000        6.000        6.000
    25:        6.000        6.000        1.000        6.000        6.000
    30:        6.000        6.000        1.000        2.000        4.000
    35:       22.000       24.000       12.000       19.000       11.000
    40:        6.000        6.000        6.000        6.000        6.000
    45:        6.000        6.000        6.000        6.000        6.000
    50:        6.000        6.000        6.000        6.000        6.000
    55:        6.000        6.000        6.000        6.000        6.000
    60:        6.000        6.000        6.000        6.000        6.000
    65:        6.000        6.000        1.000        1.000        6.000
    70:        6.000        6.000        6.000        6.000        6.000
    75:        6.000        6.000        6.000        6.000        6.000
    80:        6.000        6.000        6.000        6.000        6.000
    85:        6.000        6.000        6.000        6.000        6.000
    90:        6.000        6.000        6.000        6.000        6.000
    95:        6.000        6.000        6.000        6.000        6.000
   100:        6.000        6.000        6.000        6.000        6.000
   105:        6.000        6.000        6.000        6.000        6.000
   110:        6.000        6.000        6.000        6.000        6.000
   115:        6.000        6.000        6.000        1.000        2.000
   120:        4.000       22.000       24.000       12.000       19.000
   125:       11.000        6.000        6.000        6.000        6.000
   130:        6.000        6.000        6.000        6.000        6.000
   135:        6.000        6.000        6.000        1.000        2.000
   140:        4.000       22.000       24.000       12.000       19.000
   145:       11.000        6.000        6.000        6.000        6.000
   150:        6.000        6.000        6.000        6.000        6.000
   155:        6.000        6.000        6.000        6.000        6.000
   160:        6.000        6.000        6.000        6.000        6.000
   165:        6.000        6.000        6.000        6.000        6.000
   170:        2.000        4.000       22.000       24.000       12.000
   175:       19.000       11.000        2.000        4.000       22.000
   180:       24.000       12.000       19.000       11.000        1.000
   185:        1.000        1.000        1.000        6.000        6.000
   190:        6.000        6.000        6.000        6.000        6.000
   195:        6.000        6.000        6.000        6.000        6.000
   200:        6.000        6.000        6.000        6.000        6.000
   205:        6.000        6.000        6.000        6.000        6.000
   210:        6.000        6.000        6.000        6.000        6.000
   215:        6.000        6.000        6.000        6.000        6.000
   220:        1.000        2.000        4.000       22.000       24.000
   225:       12.000       19.000       11.000        1.000        6.000
   230:        6.000        6.000        6.000        1.000        2.000
   235:        4.000       22.000       24.000       12.000       19.000
   240:       11.000        1.000        2.000        4.000       22.000
   245:       24.000       12.000        6.000        6.000        6.000
   250:        6.000        6.000        6.000        6.000        6.000
   255:       19.000       11.000        6.000        6.000        6.000
   260:        1.000        1.000        2.000        4.000       22.000
   265:       24.000       12.000       19.000       11.000        6.000
   270:        6.000        6.000        6.000        6.000        6.000
   275:        6.000        6.000        6.000        6.000        1.000
   280:        1.000        1.000        1.000        6.000        6.000
   285:        6.000        6.000        6.000        6.000        6.000
   290:        6.000        6.000        6.000        6.000        6.000
   295:        6.000        6.000        6.000        1.000        1.000
   300:        1.000        1.000        6.000        2.000        4.000
   305:       22.000       24.000       12.000       21.000       22.000
   310:       19.000       11.000        2.000        4.000       22.000
   315:       24.000       12.000       19.000       11.000        2.000
   320:        4.000       22.000       24.000       12.000       19.000
   325:       11.000        1.000        1.000        2.000        4.000
   330:       22.000       24.000       12.000       21.000       22.000
   335:       19.000       11.000        6.000        6.000        6.000
   340:        6.000        1.000        1.000        2.000        4.000
   345:       22.000       24.000       12.000       19.000       11.000
   350:        1.000        2.000        4.000       22.000       24.000
   355:       12.000       19.000       11.000        2.000        4.000
   360:       22.000       24.000       12.000       21.000       22.000
   365:       19.000       11.000        6.000        6.000        6.000
   370:        6.000        6.000        6.000        6.000        2.000
   375:        4.000       22.000       24.000       12.000       19.000
   380:       11.000        6.000        6.000        2.000        4.000
   385:       22.000       24.000       12.000       19.000       11.000
   390:        2.000        4.000       22.000       24.000       12.000
   395:       19.000       11.000        1.000        1.000        1.000
   400:        2.000        4.000       22.000       24.000       12.000
   405:       19.000       11.000        2.000        4.000       22.000
   410:       24.000       12.000       21.000       22.000       19.000
   415:       11.000        1.000        1.000        1.000        1.000
   420:        1.000        1.000        1.000        1.000        1.000
   425:        1.000        1.000        1.000        1.000        1.000
   430:        1.000        1.000        1.000        1.000        1.000
   435:        1.000        1.000        1.000        1.000        1.000
   440:        1.000        1.000        1.000        1.000        1.000
   445:        1.000        1.000        1.000        1.000        6.000
   450:        6.000        6.000        6.000        6.000        6.000
   455:        6.000        2.000        4.000       22.000       24.000
   460:       12.000       19.000       11.000        2.000        4.000
   465:       22.000       24.000       12.000       19.000       11.000
   470:        2.000        4.000       22.000       24.000       12.000
   475:       19.000       11.000        1.000        1.000        1.000
   480:        1.000        1.000        1.000        2.000        4.000
   485:       22.000       24.000       12.000       19.000       11.000
   490:        2.000        4.000       22.000       24.000       12.000
   495:        6.000        6.000        6.000       19.000       11.000
   500:        6.000        2.000        4.000       22.000       24.000
   505:       12.000        6.000        6.000        6.000       19.000
   510:       11.000        6.000        6.000        6.000        6.000
   515:        6.000        6.000        6.000        6.000        1.000
   520:        6.000        6.000        6.000        2.000        4.000
   525:       22.000       24.000       12.000       19.000       11.000
   530:        1.000        1.000        6.000        6.000        1.000
   535:        2.000        4.000       22.000       24.000       12.000
   540:       19.000       11.000        2.000        4.000       22.000
   545:       24.000       12.000       19.000       11.000        2.000
   550:        4.000       22.000       24.000       12.000       19.000
   555:       11.000        2.000        4.000       22.000       24.000
   560:       12.000       19.000       11.000        1.000        1.000
   565:        1.000        1.000        6.000        6.000        6.000
   570:        6.000        6.000        6.000        6.000        6.000
   575:        6.000        6.000        6.000        6.000        6.000
   580:        6.000        6.000        6.000        6.000        6.000
   585:        6.000        1.000        1.000        1.000        1.000
   590:        1.000        1.000        6.000        6.000        6.000
   595:        6.000        6.000        6.000        6.000        6.000
   600:        6.000        6.000        2.000        4.000       22.000
   605:       24.000       12.000       21.000       22.000       19.000
   610:       11.000        2.000        4.000       22.000       24.000
   615:       12.000       19.000       11.000        2.000        4.000
   620:       22.000       24.000       12.000       19.000       11.000
   625:        2.000        4.000       22.000       24.000       12.000
   630:       19.000       11.000        1.000        1.000        2.000
   635:        4.000       22.000       24.000       12.000        6.000
   640:        6.000       19.000       11.000        1.000        1.000
   645:        6.000        6.000        6.000        6.000        1.000
   650:        1.000        1.000        6.000        6.000        6.000
   655:        6.000        6.000        2.000        4.000       22.000
   660:       24.000       12.000       19.000       11.000        1.000
   665:        1.000        6.000        6.000        6.000        6.000
   670:        1.000        1.000        2.000        4.000       22.000
   675:       24.000       12.000       21.000       22.000       19.000
   680:       11.000        2.000        4.000       22.000       24.000
   685:       12.000       19.000       11.000        1.000        6.000
   690:        6.000        6.000        1.000        1.000
T:
     0:        0.000        0.000        0.000        0.000        2.390
     5:        8.620       38.140       38.140       38.140       38.150
    10:       38.150       48.140       48.150       59.970       60.240
    15:       61.280       65.850      143.540      143.990      144.090
    20:      144.220      144.350      147.290      147.840      151.700
    25:      164.180      164.260      177.680      188.980      191.730
    30:      192.650      193.950      229.750      240.530      240.530
    35:      240.530      240.540      240.540      250.530      250.540
    40:      252.270      253.060      255.210      257.020      257.470
    45:      262.530      262.610      263.700      264.030      264.140
    50:      264.260      273.930      274.640      290.790      291.100
    55:      297.030      299.170      299.260      300.000      300.410
    60:      304.270      306.430      306.480      306.660      314.580
    65:      320.250      325.280      371.450      374.090      448.730
    70:      450.450      451.970      458.030      458.570      458.770
    75:      459.610      459.680      461.540      461.580      462.340
    80:      462.600      464.120      465.160      472.020      472.430
    85:      472.910      473.000      474.850      475.030      475.160
    90:      475.540      475.690      475.770      480.010      532.960
    95:      533.040      533.440      533.530      533.610      533.710
   100:      536.690      537.240      537.320      538.600      538.630
   105:      538.940      539.040      539.120      539.440      540.270
   110:      540.760      541.140      541.220      541.290      541.660
   115:      541.690      541.730      541.960      560.150      565.260
   120:      565.260      565.260      565.270      565.270      575.260
   125:      575.270      589.900      590.840      591.710      620.550
   130:      622.080      870.520      870.560      872.240      875.830
   135:      886.050      886.630      887.410      985.690      997.470
   140:      997.470      997.470      997.480      997.480     1007.470
   145:     1007.480     1009.820     1392.000     1392.490     1392.590
   150:     1392.680     1392.770     1392.860     1392.960     1393.980
   155:     1394.070     1394.180     1394.280     1394.400     1394.910
   160:     1395.000     1395.100     1395.210     1395.320     1395.430
   165:     1395.540     1395.650     1396.130     1396.230     1396.320
   170:     3450.210     3450.210     3450.210     3450.220     3450.220
   175:     3460.210     3460.220     3483.830     3483.830     3483.830
   180:     3483.840     3483.840     3493.830     3493.840     3502.800
   185:     3506.530     3508.910     3513.000     3534.020     3538.560
   190:     3540.400     3540.710     3541.120     3541.560     3543.290
   195:     3543.430     3543.580     3543.650     3543.700     3550.540
   200:     3550.660     3550.750     3551.060     3551.140     3551.400
   205:     3553.450     3554.460     3554.520     3554.660     3555.300
   210:     3555.670     3555.720     3555.800     3555.890     3556.330
   215:     3556.890     3558.930     3559.030     3559.100     3559.200
   220:     3595.920     3601.970     3601.970     3601.970     3601.980
   225:     3601.980     3611.970     3611.980     3629.470     3781.970
   230:     3782.480     3789.140     3789.500     3817.760     3829.690
   235:     3829.690     3829.690     3829.700     3829.700     3839.690
   240:     3839.700     3841.810     3858.020     3858.020     3858.020
   245:     3858.030     3858.030     3861.360     3861.630     3862.150
   250:     3862.820     3862.890     3864.590     3866.710     3867.110
   255:     3868.020     3868.030     3868.570     3872.460     4178.830
   260:     4237.190     4244.370     4254.440     4254.440     4254.440
   265:     4254.450     4254.450     4264.440     4264.450     4291.260
   270:     4294.050     4294.130     4294.210     4294.310     4294.430
   275:     4294.500     4294.600     4294.670     4299.180     4686.930
   280:     4696.890     4735.840     4789.150     4818.710     4818.990
   285:     4819.100     4819.290     4819.640     4826.200     4845.940
   290:     4846.730     4847.520     4847.850     4854.510     4854.570
   295:     4917.200     5211.590     5216.250     5342.850     5350.470
   300:     5353.410     5360.340     5384.280     5400.710     5400.710
   305:     5400.710     5400.720     5400.720     5406.090     5406.090
   310:     5410.710     5410.720     5455.970     5455.970     5455.970
   315:     5455.980     5455.980     5465.970     5465.980     5469.280
   320:     5469.280     5469.280     5469.290     5469.290     5479.280
   325:     5479.290     5523.490     5561.560     5600.240     5600.240
   330:     5600.240     5600.250     5600.250     5604.160     5604.160
   335:     5610.240     5610.250     5630.620     5631.420     5635.090
   340:     5635.610     5653.720     5765.810     5804.680     5804.680
   345:     5804.680     5804.690     5804.690     5814.680     5814.690
   350:     5843.680     5847.810     5847.810     5847.810     5847.820
   355:     5847.820     5857.810     5857.820     5859.810     5859.810
   360:     5859.810     5859.820     5859.820     5865.380     5865.380
   365:     5869.810     5869.820     6033.290     6033.500     6033.520
   370:     6033.540     6033.570     6033.730     6033.800     6069.520
   375:     6069.520     6069.520     6069.530     6069.530     6079.520
   380:     6079.530     6117.340     6119.480     6430.380     6430.380
   385:     6430.380     6430.390     6430.390     6440.380     6440.390
   390:     6460.330     6460.330     6460.330     6460.340     6460.340
   395:     6470.330     6470.340     6564.160     6574.500     6584.290
   400:     6620.420     6620.420     6620.420     6620.430     6620.430
   405:     6630.420     6630.430     6640.070     6640.070     6640.070
   410:     6640.080     6640.080     6640.510     6640.510     6650.070
   415:     6650.080     6688.630     6734.590     6736.980     6737.820
   420:     6738.120     6739.720     6739.940     6740.400     6740.520
   425:     6741.410     6744.790     6750.160     6750.590     6752.010
   430:     6752.210     6752.610     6754.130     6754.570     6759.480
   435:     6759.770     6763.680     6763.890     6764.760     6771.350
   440:     6772.620     6774.030     6774.170     6780.650     6783.300
   445:     6783.850     6789.990     6790.270     6792.030     6814.780
   450:     6818.020     6818.990     6819.780     6821.990     6822.120
   455:     6822.170     6896.710     6896.710     6896.710     6896.720
   460:     6896.720     6906.710     6906.720     7015.750     7015.750
   465:     7015.750     7015.760     7015.760     7025.750     7025.760
   470:     7038.370     7038.370     7038.370     7038.380     7038.380
   475:     7048.370     7048.380     7095.160     7103.600     7105.910
   480:     7112.410     7115.320     7180.960     7187.630     7187.630
   485:     7187.630     7187.640     7187.640     7197.630     7197.640
   490:     7258.020     7258.020     7258.020     7258.030     7258.030
   495:     7262.970     7263.810     7264.070     7268.020     7268.030
   500:     7269.140     7337.770     7337.770     7337.770     7337.780
   505:     7337.780     7344.540     7346.420     7347.100     7347.770
   510:     7347.780     7348.670     7351.400     7352.890     7355.330
   515:     7356.750     7359.030     7359.150     7360.020     7377.500
   520:     7436.410     7439.370     7441.280     7511.640     7511.640
   525:     7511.640     7511.650     7511.650     7521.640     7521.650
   530:     7579.230     7586.660     7684.170     7688.120     7707.790
   535:     7840.310     7840.310     7840.310     7840.320     7840.320
   540:     7850.310     7850.320     7987.500     7987.500     7987.500
   545:     7987.510     7987.510     7997.500     7997.510     8000.700
   550:     8000.700     8000.700     8000.710     8000.710     8010.700
   555:     8010.710     8016.080     8016.080     8016.080     8016.090
   560:     8016.090     8026.080     8026.090     8044.870     8072.700
   565:     8073.580     8079.430     8124.070     8124.880     8124.960
   570:     8125.060     8126.380     8126.990     8127.150     8127.970
   575:     8128.060     8128.140     8128.250     8128.330     8128.430
   580:     8128.510     8128.720     8128.790     8128.880     8129.050
   585:     8129.830     8150.200     8173.430     8173.690     8174.060
   590:     8428.060     8440.630     8589.740     8590.980     8591.440
   595:     8591.570     8592.420     8592.470     8592.520     8592.580
   600:     8596.930     8601.230     8616.230     8616.230     8616.230
   605:     8616.240     8616.240     8622.110     8622.110     8626.230
   610:     8626.240     8662.480     8662.480     8662.480     8662.490
   615:     8662.490     8672.480     8672.490     9034.090     9034.090
   620:     9034.090     9034.100     9034.100     9044.090     9044.100
   625:     9052.970     9052.970     9052.970     9052.980     9052.980
   630:     9062.970     9062.980     9085.590     9101.780     9136.140
   635:     9136.140     9136.140     9136.150     9136.150     9137.790
   640:     9137.890     9146.140     9146.150     9186.690     9195.580
   645:     9205.070     9205.700     9206.230     9255.620     9332.520
   650:     9343.810     9346.030     9539.880     9539.980     9540.120
   655:     9540.180     9540.750     9569.270     9569.270     9569.270
   660:     9569.280     9569.280     9579.270     9579.280     9594.390
   665:     9611.120     9627.850     9629.390     9629.480     9632.040
   670:     9653.800     9677.370     9877.680     9877.680     9877.680
   675:     9877.690     9877.690     9883.840     9883.840     9887.680
   680:     9887.690     9888.800     9888.800     9888.800     9888.810
   685:     9888.810     9898.800     9898.810     9955.870     9970.390
   690:     9974.910     9974.970     9987.280    10051.590
