File: C:\MED-PC\Data\2024-10-31_09h15m_Subject 42.txt


Start Date: 10/31/24
End Date: 10/31/24
Subject: 42
Experiment: OralFentSA
Group: One
Box: 10
Start Time: 09:15:27
End Time: 12:26:28
MSN: 20241014_Golden_Liq_SelfAdmin
F:       0.000
G:     517.000
H:   10800.000
I:       0.000
J:       0.000
K:       0.000
L:       0.000
M:       0.000
N:       0.000
O:       0.000
P:       0.000
Q:       0.000
R:       0.000
S:       0.000
U:       0.000
V:       0.000
W:       0.000
X:       0.000
Y:       0.000
Z:       0.000
A:
     0:        0.000        0.000      180.000        4.000        0.000
     5:        5.000        0.000        5.000        0.000        0.000
    10:        1.000        0.000       10.000   100000.000       19.200
    15:        9.000      640.000        0.000        0.000        0.000
    20:        0.000
B:
     0:        0.000        0.000        0.000      400.000        0.000
     5:      500.000        0.000      500.000        0.000        0.000
    10:        0.000        0.000     1000.000 10000000.000        0.000
    15:        0.000        0.000        0.000        0.000        0.000
    20:        0.000
C:
     0:       26.000       27.000       39.000       38.000       86.000
     5:     9645.650      118.480       19.000     2219.370      116.809
    10:       38.000       39.000        0.000        0.000        0.000
    15:        0.000        0.000        0.000        0.000        0.000
    20:        0.000
D:
     0:        5.860      615.020       32.980      936.860       87.140
     5:      114.090       28.290       18.590       10.130       27.190
    10:        1.400        2.030       17.530       14.000        9.370
    15:        5.870       77.420       97.120      118.480
E:
     0:       19.000       11.000       26.000       27.000        2.000
     5:        4.000       22.000       24.000       12.000       13.000
    10:        8.000        5.000       17.000       18.000       14.000
    15:       10.000       19.000       11.000        2.000        4.000
    20:       22.000       24.000       12.000       13.000        8.000
    25:        5.000       17.000       18.000       14.000       10.000
    30:        6.000        6.000        6.000       19.000       11.000
    35:        6.000        6.000        1.000        1.000        1.000
    40:        2.000        4.000       22.000       24.000       12.000
    45:       13.000        8.000        5.000       17.000       18.000
    50:       14.000       10.000       19.000       11.000        1.000
    55:        2.000        4.000       22.000       24.000       12.000
    60:       13.000        8.000        5.000       17.000       18.000
    65:       14.000       10.000       19.000       11.000        1.000
    70:        2.000        4.000       22.000       24.000       12.000
    75:       13.000        8.000        5.000       17.000       18.000
    80:       14.000       10.000       19.000       11.000        1.000
    85:        1.000        1.000        1.000        1.000        1.000
    90:        6.000        2.000        4.000       22.000       24.000
    95:       12.000       13.000        8.000        5.000       17.000
   100:       18.000       14.000       10.000       21.000       22.000
   105:       19.000       11.000        6.000        1.000        1.000
   110:        2.000        4.000       22.000       24.000       12.000
   115:       13.000        8.000        5.000       17.000       18.000
   120:       14.000       10.000       19.000       11.000        1.000
   125:        1.000        6.000        6.000        6.000        6.000
   130:        2.000        4.000       22.000       24.000       12.000
   135:       13.000        8.000        5.000       17.000       18.000
   140:       14.000       10.000       19.000       11.000        2.000
   145:        4.000       22.000       24.000       12.000       13.000
   150:        8.000        5.000       17.000       21.000       22.000
   155:       18.000       14.000       10.000       19.000       11.000
   160:        6.000        1.000        6.000        2.000        4.000
   165:       22.000       24.000       12.000       13.000        8.000
   170:        5.000       17.000       18.000       14.000       10.000
   175:       20.000       19.000       11.000        2.000        4.000
   180:       22.000       24.000       12.000       13.000        8.000
   185:        5.000       17.000       18.000       14.000       10.000
   190:       19.000       11.000        6.000        2.000        4.000
   195:       22.000       24.000       12.000       13.000        8.000
   200:        5.000       17.000       18.000       14.000       10.000
   205:       21.000       22.000       21.000       22.000       21.000
   210:       22.000       19.000       11.000        6.000        6.000
   215:        2.000        4.000       22.000       24.000       12.000
   220:       13.000        8.000        5.000       17.000       18.000
   225:       14.000       10.000       19.000       11.000        6.000
   230:        6.000        6.000        6.000        6.000        6.000
   235:        6.000        1.000        1.000        1.000        2.000
   240:        4.000       22.000       24.000       12.000       13.000
   245:        8.000        5.000       17.000       18.000       14.000
   250:       10.000       19.000       11.000        6.000        2.000
   255:        4.000       22.000       24.000       12.000       13.000
   260:        8.000        5.000       17.000       21.000       22.000
   265:       21.000       22.000       21.000       22.000       18.000
   270:       14.000       10.000       19.000       11.000        6.000
   275:        6.000        6.000        6.000        1.000        6.000
   280:        1.000        1.000        1.000        6.000        6.000
   285:        2.000        4.000       22.000       24.000       12.000
   290:       13.000        8.000        5.000       17.000        6.000
   295:       18.000       21.000       22.000       14.000       10.000
   300:       19.000       11.000        6.000        1.000        2.000
   305:        4.000       22.000       24.000       12.000       13.000
   310:        8.000        5.000       17.000        6.000        6.000
   315:       18.000       21.000       22.000       21.000       22.000
   320:       14.000       10.000       20.000       19.000       11.000
   325:        6.000        6.000        6.000        6.000        6.000
   330:        2.000        4.000       22.000       24.000       12.000
   335:       13.000        8.000        5.000       17.000       18.000
   340:       14.000       10.000       19.000       11.000        6.000
   345:        2.000        4.000       22.000       24.000       12.000
   350:       13.000        8.000        5.000       17.000       18.000
   355:       14.000       10.000       19.000       11.000        6.000
   360:        2.000        4.000       22.000       24.000       12.000
   365:       13.000        8.000        5.000       17.000       21.000
   370:       22.000       18.000       14.000       10.000       19.000
   375:       11.000        1.000        1.000        2.000        4.000
   380:       22.000       24.000       12.000       13.000        8.000
   385:        5.000       17.000       18.000       14.000       10.000
   390:       19.000       11.000        1.000        1.000        2.000
   395:        4.000       22.000       24.000       12.000       13.000
   400:        8.000        5.000       17.000       18.000       14.000
   405:       10.000        6.000       19.000       11.000        6.000
   410:        6.000        6.000        6.000        2.000        4.000
   415:       22.000       24.000       12.000       13.000        8.000
   420:        5.000       17.000       18.000       14.000       10.000
   425:        6.000        6.000       19.000       11.000        6.000
   430:        2.000        4.000       22.000       24.000       12.000
   435:       13.000        8.000        5.000       17.000       18.000
   440:       14.000       10.000       19.000       11.000        1.000
   445:        1.000        6.000        6.000        6.000        6.000
   450:        6.000        6.000        6.000        6.000        6.000
   455:        6.000        6.000        1.000        6.000        6.000
   460:        2.000        4.000       22.000       24.000       12.000
   465:       13.000        8.000        5.000       17.000       20.000
   470:       18.000       14.000       10.000       19.000       11.000
   475:        6.000        6.000        6.000        6.000        6.000
   480:        6.000        6.000        1.000        6.000        6.000
   485:        6.000        6.000        2.000        4.000       22.000
   490:       24.000       12.000       13.000        8.000        5.000
   495:       17.000       18.000       14.000       10.000       19.000
   500:       11.000        1.000        6.000        6.000        6.000
   505:        1.000        6.000        6.000        6.000        6.000
   510:        1.000        1.000        6.000        6.000        6.000
   515:        6.000        6.000      100.000
T:
     0:        0.000        0.000        0.000        0.000      261.390
     5:      261.390      261.390      261.400      261.400      261.400
    10:      261.400      261.400      261.400      265.400      266.400
    15:      266.400      271.390      271.400      335.510      335.510
    20:      335.510      335.520      335.520      335.520      335.520
    25:      335.520      335.520      339.520      340.520      340.520
    30:      341.380      344.000      344.170      345.510      345.520
    35:      346.570      347.130      355.830      357.900      373.830
    40:      376.630      376.630      376.630      376.640      376.640
    45:      376.640      376.640      376.640      376.640      380.640
    50:      381.640      381.640      386.630      386.640      396.060
    55:      401.600      401.600      401.600      401.610      401.610
    60:      401.610      401.610      401.610      401.610      405.610
    65:      406.610      406.610      411.600      411.610      522.110
    70:      531.870      531.870      531.870      531.880      531.880
    75:      531.880      531.880      531.880      531.880      535.880
    80:      536.880      536.880      541.870      541.880      563.900
    85:      569.150      573.260      576.340      579.010      583.660
    90:     1146.900     1152.010     1152.010     1152.010     1152.020
    95:     1152.020     1152.020     1152.020     1152.020     1152.020
   100:     1156.020     1157.020     1157.020     1157.410     1157.410
   105:     1162.010     1162.020     1185.000     1230.700     1235.020
   110:     1263.940     1263.940     1263.940     1263.950     1263.950
   115:     1263.950     1263.950     1263.950     1263.950     1267.950
   120:     1268.950     1268.950     1273.940     1273.950     1950.860
   125:     2197.830     2200.810     2203.140     2208.030     2223.240
   130:     2226.020     2226.020     2226.020     2226.030     2226.030
   135:     2226.030     2226.030     2226.030     2226.030     2230.030
   140:     2231.030     2231.030     2236.020     2236.030     2341.150
   145:     2341.150     2341.150     2341.160     2341.160     2341.160
   150:     2341.160     2341.160     2341.160     2341.790     2341.790
   155:     2345.160     2346.160     2346.160     2351.150     2351.160
   160:     2428.300     2712.830     3046.480     3051.440     3051.440
   165:     3051.440     3051.450     3051.450     3051.450     3051.450
   170:     3051.450     3051.450     3055.450     3056.450     3056.450
   175:     3058.060     3061.440     3061.450     3652.680     3652.680
   180:     3652.680     3652.690     3652.690     3652.690     3652.690
   185:     3652.690     3652.690     3656.690     3657.690     3657.690
   190:     3662.680     3662.690     3766.780     3778.440     3778.440
   195:     3778.440     3778.450     3778.450     3778.450     3778.450
   200:     3778.450     3778.450     3782.450     3783.450     3783.450
   205:     3784.480     3784.480     3785.050     3785.050     3787.180
   210:     3787.180     3788.440     3788.450     3806.740     3807.830
   215:     3813.030     3813.030     3813.030     3813.040     3813.040
   220:     3813.040     3813.040     3813.040     3813.040     3817.040
   225:     3818.040     3818.040     3823.030     3823.040     3831.630
   230:     3838.130     3838.340     3845.670     3845.780     3846.060
   235:     3846.720     3854.660     3860.280     3862.730     3883.200
   240:     3883.200     3883.200     3883.210     3883.210     3883.210
   245:     3883.210     3883.210     3883.210     3887.210     3888.210
   250:     3888.210     3893.200     3893.210     3893.340     3902.270
   255:     3902.270     3902.270     3902.280     3902.280     3902.280
   260:     3902.280     3902.280     3902.280     3903.450     3903.450
   265:     3904.750     3904.750     3905.440     3905.440     3906.280
   270:     3907.280     3907.280     3912.270     3912.280     3929.470
   275:     3930.810     3933.750     3934.710     4561.230     4690.100
   280:     4697.390     4711.070     4714.390     4792.560     4792.830
   285:     4820.060     4820.060     4820.060     4820.070     4820.070
   290:     4820.070     4820.070     4820.070     4820.070     4821.470
   295:     4824.070     4824.410     4824.410     4825.070     4825.070
   300:     4830.060     4830.070     5052.690     5060.410     5092.440
   305:     5092.440     5092.440     5092.450     5092.450     5092.450
   310:     5092.450     5092.450     5092.450     5094.480     5094.870
   315:     5096.450     5096.780     5096.780     5097.160     5097.160
   320:     5097.450     5097.450     5100.720     5102.440     5102.450
   325:     5104.050     5113.500     5113.530     5240.370     6028.160
   330:     6041.410     6041.410     6041.410     6041.420     6041.420
   335:     6041.420     6041.420     6041.420     6041.420     6045.420
   340:     6046.420     6046.420     6051.410     6051.420     6058.950
   345:     6066.680     6066.680     6066.680     6066.690     6066.690
   350:     6066.690     6066.690     6066.690     6066.690     6070.690
   355:     6071.690     6071.690     6076.680     6076.690     6080.690
   360:     6089.430     6089.430     6089.430     6089.440     6089.440
   365:     6089.440     6089.440     6089.440     6089.440     6089.620
   370:     6089.620     6093.440     6094.440     6094.440     6099.430
   375:     6099.440     6123.890     6145.390     6206.700     6206.700
   380:     6206.700     6206.710     6206.710     6206.710     6206.710
   385:     6206.710     6206.710     6210.710     6211.710     6211.710
   390:     6216.700     6216.710     6485.600     6800.650     6811.990
   395:     6811.990     6811.990     6812.000     6812.000     6812.000
   400:     6812.000     6812.000     6812.000     6816.000     6817.000
   405:     6817.000     6821.370     6821.990     6822.000     6824.400
   410:     6828.970     6830.200     7362.190     7368.550     7368.550
   415:     7368.550     7368.560     7368.560     7368.560     7368.560
   420:     7368.560     7368.560     7372.560     7373.560     7373.560
   425:     7374.430     7374.600     7378.550     7378.560     8192.100
   430:     8200.430     8200.430     8200.430     8200.440     8200.440
   435:     8200.440     8200.440     8200.440     8200.440     8204.440
   440:     8205.440     8205.440     8210.430     8210.440     8233.540
   445:     8266.710     8277.860     8436.950     8604.980     8605.920
   450:     8606.050     8677.010     8680.680     8681.760     8682.100
   455:     8682.260     8695.140     9183.550     9392.240     9508.320
   460:     9512.370     9512.370     9512.370     9512.380     9512.380
   465:     9512.380     9512.380     9512.380     9512.380     9515.990
   470:     9516.380     9517.380     9517.380     9522.370     9522.380
   475:     9609.500     9611.610     9612.130     9613.860     9615.350
   480:     9616.010     9616.900     9629.470     9635.260     9637.280
   485:     9639.540     9640.900     9645.640     9645.640     9645.640
   490:     9645.650     9645.650     9645.650     9645.650     9645.650
   495:     9645.650     9649.650     9650.650     9650.650     9655.640
   500:     9655.650     9669.830     9764.130     9765.970     9771.110
   505:     9832.070    10572.020    10588.970    10595.500    10599.900
   510:    10632.510    10634.010    10679.170    10680.380    10683.310
   515:    10684.160    10684.390    10800.000
