File: C:\MED-PC\Data\2024-10-25_09h15m_Subject 44.txt


Start Date: 10/25/24
End Date: 10/25/24
Subject: 44
Experiment: OralFentSA
Group: One
Box: 12
Start Time: 09:15:20
End Time: 12:15:24
MSN: 20241014_Golden_Liq_SelfAdmin
F:       0.000
G:     300.000
H:   10800.000
I:       0.000
J:       0.000
K:       0.000
L:       0.000
M:       0.000
N:       0.000
O:       0.000
P:       0.000
Q:       0.000
R:       0.000
S:       0.000
U:       0.000
V:       0.000
W:       0.000
X:       0.000
Y:       0.000
Z:       0.000
A:
     0:        0.000        0.000      180.000        4.000        0.000
     5:        5.000        0.000        5.000        0.000        0.000
    10:        1.000        0.000       10.000     3000.000       19.100
    15:        5.000      640.000        0.000        0.000        0.000
    20:        0.000
B:
     0:        0.000        0.000        0.000      400.000        0.000
     5:      500.000        0.000      500.000        0.000        0.000
    10:        0.000        0.000     1000.000   300000.000        0.000
    15:        0.000        0.000        0.000        0.000        0.000
    20:        0.000
C:
     0:        7.000        8.000        4.000        7.000      194.000
     5:     9516.270        2.300        7.000       42.130        6.019
    10:        7.000        4.000        0.000        0.000        0.000
    15:        0.000        0.000        0.000        0.000        0.000
    20:        0.000
D:
     0:        4.310       11.860        3.560        2.760       12.420
     5:        4.920        2.300
E:
     0:       19.000       11.000       26.000       27.000        6.000
     5:        6.000        2.000        4.000       22.000       24.000
    10:       12.000       13.000        8.000        5.000       17.000
    15:       18.000        6.000       14.000       10.000        6.000
    20:       19.000       11.000        6.000        6.000        6.000
    25:        6.000        6.000        6.000        6.000        6.000
    30:        6.000        6.000        6.000        6.000        6.000
    35:        6.000        6.000        6.000        6.000        6.000
    40:        6.000        6.000        6.000        6.000        6.000
    45:        6.000        6.000        6.000        6.000        6.000
    50:        6.000        6.000        2.000        4.000       22.000
    55:       24.000       12.000       13.000        8.000        5.000
    60:       17.000       18.000       14.000       10.000       19.000
    65:       11.000        6.000        6.000        6.000        6.000
    70:        6.000        6.000        6.000        6.000        6.000
    75:        6.000        6.000        6.000        6.000        6.000
    80:        6.000        6.000        6.000        6.000        6.000
    85:        6.000        6.000        6.000        6.000        6.000
    90:        2.000        4.000       22.000       24.000       12.000
    95:       13.000        8.000        5.000       17.000        6.000
   100:       18.000       14.000       10.000        6.000       19.000
   105:       11.000        6.000        6.000        6.000        6.000
   110:        6.000        6.000        6.000        6.000        6.000
   115:        6.000        6.000        6.000        6.000        6.000
   120:        6.000        6.000        6.000        6.000        6.000
   125:        6.000        6.000        6.000        6.000        2.000
   130:        4.000       22.000       24.000       12.000       13.000
   135:        8.000        5.000       17.000        6.000       18.000
   140:       14.000       10.000        6.000       19.000       11.000
   145:        6.000        6.000        6.000        6.000        6.000
   150:        6.000        6.000        6.000        6.000        6.000
   155:        6.000        6.000        6.000        6.000        6.000
   160:        6.000        6.000        6.000        6.000        6.000
   165:        6.000        6.000        6.000        6.000        6.000
   170:        6.000        6.000        6.000        2.000        4.000
   175:       22.000       24.000       12.000       13.000        8.000
   180:        5.000       17.000       18.000       14.000       10.000
   185:       19.000       11.000        6.000        6.000        6.000
   190:        6.000        6.000        6.000        6.000        6.000
   195:        6.000        6.000        6.000        1.000        1.000
   200:        1.000        1.000        6.000        6.000        6.000
   205:        2.000        4.000       22.000       24.000       12.000
   210:       13.000        8.000        5.000       17.000       18.000
   215:        6.000       14.000       10.000       19.000       11.000
   220:        6.000        6.000        6.000        6.000        6.000
   225:        6.000        6.000        6.000        6.000        6.000
   230:        6.000        6.000        6.000        6.000        6.000
   235:        6.000        6.000        6.000        6.000        6.000
   240:        6.000        6.000        6.000        6.000        6.000
   245:        6.000        6.000        6.000        6.000        6.000
   250:        6.000        6.000        6.000        6.000        6.000
   255:        6.000        6.000        6.000        6.000        6.000
   260:        6.000        6.000        6.000        6.000        2.000
   265:        4.000       22.000       24.000       12.000       13.000
   270:        8.000        5.000       17.000        6.000        6.000
   275:       18.000       14.000       10.000       19.000       11.000
   280:        6.000        6.000        6.000        6.000        6.000
   285:        6.000        6.000        6.000        6.000        6.000
   290:        6.000        6.000        6.000        6.000        6.000
   295:        6.000        6.000        6.000        6.000        6.000
   300:      100.000
T:
     0:        0.000        0.000        0.000        0.000       17.750
     5:      752.170     1091.720     1091.720     1091.720     1091.730
    10:     1091.730     1091.730     1091.730     1091.730     1091.730
    15:     1095.730     1096.040     1096.730     1096.730     1099.840
    20:     1101.720     1101.730     1186.920     1187.020     1187.320
    25:     1187.890     1188.960     1189.050     1191.240     1230.680
    30:     1230.920     1257.000     1749.990     1750.150     1750.270
    35:     1750.480     1750.780     1752.240     1752.720     1753.880
    40:     1754.810     1756.820     1756.980     1901.760     1919.950
    45:     1920.080     1986.910     1987.570     1989.190     1989.400
    50:     1991.380     2055.600     2102.580     2102.580     2102.580
    55:     2102.590     2102.590     2102.590     2102.590     2102.590
    60:     2102.590     2106.590     2107.590     2107.590     2112.580
    65:     2112.590     2114.450     2118.550     2184.230     2184.330
    70:     2216.590     2248.140     2252.830     2253.100     2255.630
    75:     2257.300     2906.810     2906.920     3068.200     3068.370
    80:     3076.660     3076.910     3078.690     3080.130     3100.650
    85:     3110.470     3112.380     3112.590     3211.470     3266.820
    90:     3316.120     3316.120     3316.120     3316.130     3316.130
    95:     3316.130     3316.130     3316.130     3316.130     3319.690
   100:     3320.130     3321.130     3321.130     3323.530     3326.120
   105:     3326.130     3359.930     3368.960     3373.800     3391.860
   110:     3394.150     3394.860     3396.440     3414.290     3799.570
   115:     3799.710     3800.940     3801.070     3801.460     3802.520
   120:     3803.930     4185.670     4271.010     4271.240     4332.190
   125:     4339.500     4408.160     4409.900     4410.290     4413.520
   130:     4413.520     4413.520     4413.530     4413.530     4413.530
   135:     4413.530     4413.530     4413.530     4416.290     4417.530
   140:     4418.530     4418.530     4420.720     4423.520     4423.530
   145:     4442.490     5595.550     5603.440     5603.570     5613.960
   150:     5614.340     5614.630     5626.350     5635.290     5637.790
   155:     5662.010     5737.220     5737.280     5737.800     5747.170
   160:     5753.180     5768.570     5768.770     5770.010     5770.760
   165:     5772.260     5772.800     5775.690     5815.000     5850.790
   170:     5851.700     7035.610     7035.770     7059.600     7059.600
   175:     7059.600     7059.610     7059.610     7059.610     7059.610
   180:     7059.610     7059.610     7063.610     7064.610     7064.610
   185:     7069.600     7069.610     7072.030     7102.400     7102.480
   190:     7102.570     7104.870     7111.680     7114.210     7116.730
   195:     7116.830     7117.260     7118.410     7187.270     7187.450
   200:     7189.150     7191.460     7218.740     7219.830     7251.490
   205:     7278.440     7278.440     7278.440     7278.450     7278.450
   210:     7278.450     7278.450     7278.450     7278.450     7282.450
   215:     7283.370     7283.450     7283.450     7288.440     7288.450
   220:     7288.710     7289.970     7291.130     7291.260     7291.360
   225:     7291.660     7291.750     7293.370     7293.530     7293.630
   230:     7293.850     7295.380     7296.440     7296.490     7297.010
   235:     7297.530     7299.460     7305.670     7305.780     7308.500
   240:     7310.030     7312.720     7312.940     7319.130     7320.390
   245:     7322.970     7324.900     7331.270     7337.520     7338.110
   250:     7359.260     7359.580     7363.580     7363.710     7364.060
   255:     7367.510     7367.860     7388.580     7393.190     7398.330
   260:     7400.020     7401.160     7402.290     9496.970     9516.260
   265:     9516.260     9516.260     9516.270     9516.270     9516.270
   270:     9516.270     9516.270     9516.270     9518.570     9518.730
   275:     9520.270     9521.270     9521.270     9526.260     9526.270
   280:     9540.940     9549.600     9558.550     9562.560     9568.610
   285:     9572.260     9573.420     9573.880     9574.740     9630.930
   290:     9631.220     9652.980     9656.130     9758.380     9758.430
   295:     9758.490     9760.080     9767.600     9880.680     9888.760
   300:    10800.000
