File: C:\MED-PC\Data\2024-11-25_12h05m_Subject 54.txt


Start Date: 11/25/24
End Date: 11/25/24
Subject: 54
Experiment: OralFentSA
Group: One
Box: 10
Start Time: 12:05:39
End Time: 13:47:02
MSN: 20241014Golden_Liq_SelfAdmin_REI
F:       0.000
G:     600.000
H:    3600.000
I:       0.000
J:       0.000
K:       0.000
L:       0.000
M:       0.000
N:       0.000
O:       0.000
P:       0.000
Q:       0.000
R:       0.000
S:       0.000
U:       0.000
V:       0.000
W:       0.000
X:       0.000
Y:       0.000
Z:       0.000
A:
     0:        0.000        0.000       60.000        4.000        0.000
     5:        5.000        0.000        5.000        0.000        0.000
    10:        1.000        0.000       10.000   100000.000       38.400
    15:       26.000      640.000        0.000        0.000        0.000
    20:        0.000
B:
     0:        0.000        0.000        0.000      400.000        0.000
     5:      500.000        0.000      500.000        0.000        0.000
    10:        0.000        0.000     1000.000 10000000.000        0.000
    15:        0.000        0.000        0.000        0.000        0.000
    20:        0.000
C:
     0:       29.000       30.000       27.000       33.000      155.000
     5:     3566.940       83.470       21.000     1154.250       54.964
    10:       33.000       27.000        0.000        0.000        0.000
    15:        0.000        0.000        0.000        0.000        0.000
    20:        0.000
D:
     0:       26.470        2.670       98.760        6.780       28.990
     5:       53.150       56.650        2.670       22.190        7.730
    10:      170.180       50.370       83.270       46.020      160.010
    15:        0.870       32.070       64.980        4.570      152.380
    20:       83.470
E:
     0:       19.000       11.000       26.000       27.000        2.000
     5:        4.000       22.000       24.000       12.000       13.000
    10:        8.000        5.000       17.000       18.000       14.000
    15:       10.000       19.000       11.000        6.000        6.000
    20:        6.000        6.000        1.000        2.000        4.000
    25:       22.000       24.000       12.000       13.000        8.000
    30:        5.000       17.000        6.000        6.000        6.000
    35:        6.000        6.000       18.000       14.000       10.000
    40:        6.000        6.000        6.000        6.000        6.000
    45:        6.000       19.000       11.000        6.000        6.000
    50:        6.000        6.000        6.000        2.000        4.000
    55:       22.000       24.000       12.000       13.000        8.000
    60:        5.000       17.000       18.000       14.000       10.000
    65:       19.000       11.000        1.000        6.000        6.000
    70:        6.000        6.000        6.000        6.000        6.000
    75:        6.000        2.000        4.000       22.000       24.000
    80:       12.000       13.000        8.000        5.000       17.000
    85:       18.000       14.000       10.000       19.000       11.000
    90:        1.000        2.000        4.000       22.000       24.000
    95:       12.000       13.000        8.000        5.000       17.000
   100:       18.000       14.000       10.000        6.000        6.000
   105:        6.000        6.000        6.000        6.000        6.000
   110:       19.000       11.000        6.000        6.000        6.000
   115:        6.000        6.000        6.000        6.000        6.000
   120:        2.000        4.000       22.000       24.000       12.000
   125:       13.000        8.000        5.000       17.000       18.000
   130:       14.000       10.000       19.000       11.000        6.000
   135:        6.000        6.000        2.000        4.000       22.000
   140:       24.000       12.000       13.000        8.000        5.000
   145:       17.000       18.000       14.000       10.000       19.000
   150:       11.000        6.000        6.000        6.000        6.000
   155:        6.000        6.000        1.000        6.000        6.000
   160:        6.000        6.000        6.000        6.000        6.000
   165:        1.000        6.000        6.000        6.000        6.000
   170:        6.000        1.000        1.000        1.000        2.000
   175:        4.000       22.000       24.000       12.000       13.000
   180:        8.000        5.000       17.000       18.000       14.000
   185:       10.000       19.000       11.000        6.000        6.000
   190:        6.000        6.000        6.000        6.000        6.000
   195:        6.000        6.000        6.000        6.000        6.000
   200:        6.000        6.000        6.000        6.000        1.000
   205:        2.000        4.000       22.000       24.000       12.000
   210:       13.000        8.000        5.000       17.000       21.000
   215:       22.000        6.000        6.000       18.000       14.000
   220:       10.000       19.000       11.000        2.000        4.000
   225:       22.000       24.000       12.000       13.000        8.000
   230:        5.000       17.000       18.000       14.000       10.000
   235:       19.000       11.000        6.000        6.000        6.000
   240:        6.000        6.000        1.000        1.000        1.000
   245:        1.000        2.000        4.000       22.000       24.000
   250:       12.000       13.000        8.000        5.000       17.000
   255:       18.000       14.000       10.000        6.000       19.000
   260:       11.000        6.000        6.000        6.000        2.000
   265:        4.000       22.000       24.000       12.000       13.000
   270:        8.000        5.000       17.000       18.000       14.000
   275:       10.000       19.000       11.000        6.000        6.000
   280:        6.000        6.000        6.000        1.000        6.000
   285:        6.000        6.000        1.000        2.000        4.000
   290:       22.000       24.000       12.000       13.000        8.000
   295:        5.000       17.000       18.000       14.000       10.000
   300:       19.000       11.000        6.000        6.000        6.000
   305:        6.000        6.000        6.000        6.000        1.000
   310:        6.000        6.000        6.000        2.000        4.000
   315:       22.000       24.000       12.000       13.000        8.000
   320:        5.000       17.000       18.000       14.000       10.000
   325:       19.000       11.000        1.000        2.000        4.000
   330:       22.000       24.000       12.000       13.000        8.000
   335:        5.000       17.000       21.000       22.000       18.000
   340:       14.000       10.000       19.000       11.000        1.000
   345:        6.000        6.000        6.000        6.000        2.000
   350:        4.000       22.000       24.000       12.000       13.000
   355:        8.000        5.000       17.000       18.000       14.000
   360:       10.000       19.000       11.000        6.000        6.000
   365:        2.000        4.000       22.000       24.000       12.000
   370:       13.000        8.000        5.000       17.000       18.000
   375:       14.000       10.000       19.000       11.000        1.000
   380:        6.000        6.000        6.000        6.000        6.000
   385:        6.000        6.000        6.000        2.000        4.000
   390:       22.000       24.000       12.000       13.000        8.000
   395:        5.000       17.000        6.000        6.000       18.000
   400:       14.000       10.000       19.000       11.000        1.000
   405:        1.000        2.000        4.000       22.000       24.000
   410:       12.000       13.000        8.000        5.000       17.000
   415:       21.000       22.000       18.000       14.000       10.000
   420:       19.000       11.000        2.000        4.000       22.000
   425:       24.000       12.000       13.000        8.000        5.000
   430:       17.000       21.000       22.000       18.000       14.000
   435:       10.000       19.000       11.000        2.000        4.000
   440:       22.000       24.000       12.000       13.000        8.000
   445:        5.000       17.000       18.000       14.000       10.000
   450:       19.000       11.000        6.000        6.000        6.000
   455:        6.000        6.000        1.000        6.000        6.000
   460:        6.000        6.000        6.000        6.000        6.000
   465:        6.000        6.000        6.000        6.000        6.000
   470:        2.000        4.000       22.000       24.000       12.000
   475:       13.000        8.000        5.000       17.000       18.000
   480:       14.000       10.000       19.000       11.000        1.000
   485:        6.000        6.000        1.000        2.000        4.000
   490:       22.000       24.000       12.000       13.000        8.000
   495:        5.000       17.000       18.000       14.000       10.000
   500:       19.000       11.000        2.000        4.000       22.000
   505:       24.000       12.000       13.000        8.000        5.000
   510:       17.000       18.000        6.000       14.000       10.000
   515:       19.000       11.000        6.000        6.000        6.000
   520:        2.000        4.000       22.000       24.000       12.000
   525:       13.000        8.000        5.000       17.000       18.000
   530:       14.000       10.000       19.000       11.000        6.000
   535:        2.000        4.000       22.000       24.000       12.000
   540:       13.000        8.000        5.000       17.000       18.000
   545:       14.000       10.000       19.000       11.000        2.000
   550:        4.000       22.000       24.000       12.000       13.000
   555:        8.000        5.000       17.000       18.000       14.000
   560:       10.000       19.000       11.000        2.000        4.000
   565:       22.000       24.000       12.000       13.000        8.000
   570:        5.000       17.000       18.000       14.000       10.000
   575:       19.000       11.000        6.000        1.000        1.000
   580:        1.000        6.000        6.000        6.000        6.000
   585:        6.000        2.000        4.000       22.000       24.000
   590:       12.000       13.000        8.000        5.000       17.000
   595:       18.000       14.000       10.000       19.000       11.000
   600:      100.000
T:
     0:        0.000        0.000        0.000        0.000        4.390
     5:        4.390        4.390        4.400        4.400        4.400
    10:        4.400        4.400        4.400        8.400        9.400
    15:        9.400       14.390       14.400       30.870       31.100
    20:       31.150       32.320       59.750       71.620       71.620
    25:       71.620       71.630       71.630       71.630       71.630
    30:       71.630       71.630       74.300       74.780       74.830
    35:       74.930       75.110       75.630       76.630       76.630
    40:       76.780       76.870       77.320       78.150       78.240
    45:       78.300       81.620       81.630      109.430      110.160
    50:      112.350      112.620      114.120      120.390      120.390
    55:      120.390      120.400      120.400      120.400      120.400
    60:      120.400      120.400      124.400      125.400      125.400
    65:      130.390      130.400      174.050      219.160      221.370
    70:      222.160      222.770      225.140      226.820      226.930
    75:      227.510      236.940      236.940      236.940      236.950
    80:      236.950      236.950      236.950      236.950      236.950
    85:      240.950      241.950      241.950      246.940      246.950
    90:      250.980      255.520      255.520      255.520      255.530
    95:      255.530      255.530      255.530      255.530      255.530
   100:      259.530      260.530      260.530      262.310      262.770
   105:      263.760      263.830      263.930      263.980      264.030
   110:      265.520      265.530      276.130      276.470      276.530
   115:      276.620      276.810      277.200      277.230      277.270
   120:      283.270      283.270      283.270      283.280      283.280
   125:      283.280      283.280      283.280      283.280      287.280
   130:      288.280      288.280      293.270      293.280      312.270
   135:      312.600      312.670      322.010      322.010      322.010
   140:      322.020      322.020      322.020      322.020      322.020
   145:      322.020      326.020      327.020      327.020      332.010
   150:      332.020      375.170      375.240      375.720      376.430
   155:      377.220      463.260      472.940      508.100      508.220
   160:      508.240      508.330      509.310      557.090      557.420
   165:      566.380      608.100      608.590      608.640      608.930
   170:      610.160      613.030      620.330      620.540      776.150
   175:      776.150      776.150      776.160      776.160      776.160
   180:      776.160      776.160      776.160      780.160      781.160
   185:      781.160      786.150      786.160      832.810      833.260
   190:      834.500      834.590      835.220      845.240      845.300
   195:      845.450      953.310      953.780      953.870      960.190
   200:      960.620      960.760      960.810      960.860     1042.280
   205:     1084.290     1084.290     1084.290     1084.300     1084.300
   210:     1084.300     1084.300     1084.300     1084.300     1086.190
   215:     1086.190     1086.970     1087.330     1088.300     1089.300
   220:     1089.300     1094.290     1094.300     1127.020     1127.020
   225:     1127.020     1127.030     1127.030     1127.030     1127.030
   230:     1127.030     1127.030     1131.030     1132.030     1132.030
   235:     1137.020     1137.030     1149.220     1149.530     1149.650
   240:     1149.820     1150.490     1190.800     1223.590     1224.400
   245:     1224.530     1232.370     1232.370     1232.370     1232.380
   250:     1232.380     1232.380     1232.380     1232.380     1232.380
   255:     1236.380     1237.380     1237.380     1240.110     1242.370
   260:     1242.380     1263.120     1263.170     1263.210     1351.100
   265:     1351.100     1351.100     1351.110     1351.110     1351.110
   270:     1351.110     1351.110     1351.110     1355.110     1356.110
   275:     1356.110     1361.100     1361.110     1521.290     1521.650
   280:     1521.750     1523.630     1525.280     1609.270     1629.420
   285:     1629.540     1629.600     1633.190     1699.680     1699.680
   290:     1699.680     1699.690     1699.690     1699.690     1699.690
   295:     1699.690     1699.690     1703.690     1704.690     1704.690
   300:     1709.680     1709.690     1750.060     1750.630     1751.250
   305:     1751.350     1751.870     1752.060     1752.150     1754.890
   310:     1800.770     1800.940     1801.110     1806.140     1806.140
   315:     1806.140     1806.150     1806.150     1806.150     1806.150
   320:     1806.150     1806.150     1810.150     1811.150     1811.150
   325:     1816.140     1816.150     1890.140     1989.100     1989.100
   330:     1989.100     1989.110     1989.110     1989.110     1989.110
   335:     1989.110     1989.110     1991.300     1991.300     1993.110
   340:     1994.110     1994.110     1999.100     1999.110     2053.060
   345:     2072.380     2075.570     2075.750     2076.220     2142.500
   350:     2142.500     2142.500     2142.510     2142.510     2142.510
   355:     2142.510     2142.510     2142.510     2146.510     2147.510
   360:     2147.510     2152.500     2152.510     2188.530     2188.560
   365:     2251.210     2251.210     2251.210     2251.220     2251.220
   370:     2251.220     2251.220     2251.220     2251.220     2255.220
   375:     2256.220     2256.220     2261.210     2261.220     2277.940
   380:     2411.230     2411.510     2453.270     2454.150     2454.210
   385:     2454.350     2454.400     2454.580     2457.330     2457.330
   390:     2457.330     2457.340     2457.340     2457.340     2457.340
   395:     2457.340     2457.340     2458.210     2458.520     2461.340
   400:     2462.340     2462.340     2467.330     2467.340     2468.190
   405:     2559.700     2560.820     2560.820     2560.820     2560.830
   410:     2560.830     2560.830     2560.830     2560.830     2560.830
   415:     2562.540     2562.540     2564.830     2565.830     2565.830
   420:     2570.820     2570.830     2572.960     2572.960     2572.960
   425:     2572.970     2572.970     2572.970     2572.970     2572.970
   430:     2572.970     2573.380     2573.380     2576.970     2577.970
   435:     2577.970     2582.960     2582.970     2584.390     2584.390
   440:     2584.390     2584.400     2584.400     2584.400     2584.400
   445:     2584.400     2584.400     2588.400     2589.400     2589.400
   450:     2594.390     2594.400     2616.470     2616.660     2616.720
   455:     2616.780     2616.820     2720.520     2760.850     2760.940
   460:     2761.190     2761.330     2762.410     2763.270     2763.390
   465:     2763.910     2764.340     2764.450     2877.750     2878.080
   470:     2880.930     2880.930     2880.930     2880.940     2880.940
   475:     2880.940     2880.940     2880.940     2880.940     2884.940
   480:     2885.940     2885.940     2890.930     2890.940     2897.390
   485:     2945.920     2945.960     2977.850     2993.610     2993.610
   490:     2993.610     2993.620     2993.620     2993.620     2993.620
   495:     2993.620     2993.620     2997.620     2998.620     2998.620
   500:     3003.610     3003.620     3011.240     3011.240     3011.240
   505:     3011.250     3011.250     3011.250     3011.250     3011.250
   510:     3011.250     3015.250     3015.820     3016.250     3016.250
   515:     3021.240     3021.250     3024.020     3024.330     3024.510
   520:     3026.580     3026.580     3026.580     3026.590     3026.590
   525:     3026.590     3026.590     3026.590     3026.590     3030.590
   530:     3031.590     3031.590     3036.580     3036.590     3178.970
   535:     3224.970     3224.970     3224.970     3224.980     3224.980
   540:     3224.980     3224.980     3224.980     3224.980     3228.980
   545:     3229.980     3229.980     3234.970     3234.980     3246.900
   550:     3246.900     3246.900     3246.910     3246.910     3246.910
   555:     3246.910     3246.910     3246.910     3250.910     3251.910
   560:     3251.910     3256.900     3256.910     3287.460     3287.460
   565:     3287.460     3287.470     3287.470     3287.470     3287.470
   570:     3287.470     3287.470     3291.470     3292.470     3292.470
   575:     3297.460     3297.470     3370.940     3518.850     3521.150
   580:     3548.460     3559.450     3559.640     3562.360     3562.530
   585:     3562.860     3566.930     3566.930     3566.930     3566.940
   590:     3566.940     3566.940     3566.940     3566.940     3566.940
   595:     3570.940     3571.940     3571.940     3576.930     3576.940
   600:     3600.000
