File: C:\MED-PC\Data\2024-11-08_12h37m_Subject 45.txt


Start Date: 11/08/24
End Date: 11/08/24
Subject: 45
Experiment: OralFentSA
Group: One
Box: 1
Start Time: 12:37:18
End Time: 15:37:55
MSN: 20241014Golden_Liq_SelfAdmin
F:       0.000
G:     944.000
H:   10800.000
I:       0.000
J:       0.000
K:       0.000
L:       0.000
M:       0.000
N:       0.000
O:       0.000
P:       0.000
Q:       0.000
R:       0.000
S:       0.000
U:       0.000
V:       0.000
W:       0.000
X:       0.000
Y:       0.000
Z:       0.000
A:
     0:        0.000        0.000      180.000        4.000        0.000
     5:        5.000        0.000        5.000        0.000        0.000
    10:        1.000        0.000       10.000   100000.000       18.000
    15:       15.000      640.000        0.000        0.000        0.000
    20:        0.000
B:
     0:        0.000        0.000        0.000      400.000        0.000
     5:      500.000        0.000      500.000        0.000        0.000
    10:        0.000        0.000     1000.000 10000000.000        0.000
    15:        0.000        0.000        0.000        0.000        0.000
    20:        0.000
C:
     0:       22.000       23.000       59.000       38.000      541.000
     5:    10084.220        3.380       22.000       65.650        2.984
    10:       38.000       59.000        0.000        0.000        0.000
    15:        0.000        0.000        0.000        0.000        0.000
    20:        0.000
D:
     0:        2.690       30.350        1.300        0.910        0.750
     5:        0.810        0.580        2.970        5.330        1.280
    10:        3.110        2.070        0.750        0.730        1.690
    15:        0.850        0.590        0.740        2.910        0.800
    20:        1.060        3.380
E:
     0:       19.000       11.000       26.000       27.000        2.000
     5:        4.000       22.000       24.000       12.000       13.000
    10:        8.000        5.000       17.000       21.000       22.000
    15:       21.000       22.000        6.000       18.000       14.000
    20:       10.000       21.000       22.000       21.000       22.000
    25:       19.000       11.000        6.000        6.000        6.000
    30:        1.000        1.000        6.000        6.000        6.000
    35:        6.000        6.000        6.000        6.000        6.000
    40:        6.000        2.000        4.000       22.000       24.000
    45:       12.000       13.000        8.000        5.000       17.000
    50:       18.000       14.000       10.000       21.000       22.000
    55:       19.000       11.000        6.000        6.000        6.000
    60:        2.000        4.000       22.000       24.000       12.000
    65:       13.000        8.000        5.000       17.000        6.000
    70:       18.000        6.000        6.000       14.000       10.000
    75:        6.000        6.000       19.000       11.000        6.000
    80:        6.000        6.000        6.000        6.000        6.000
    85:        6.000        6.000        6.000        6.000        6.000
    90:        6.000        6.000        6.000        6.000        6.000
    95:        6.000        6.000        6.000        1.000        1.000
   100:        1.000        1.000        1.000        1.000        6.000
   105:        2.000        4.000       22.000       24.000       12.000
   110:       13.000        8.000        5.000       17.000        6.000
   115:       18.000       14.000       10.000       19.000       11.000
   120:        6.000        6.000        6.000        6.000        6.000
   125:        6.000        6.000        6.000        6.000        6.000
   130:        2.000        4.000       22.000       24.000       12.000
   135:       13.000        8.000        5.000       17.000        6.000
   140:        6.000        6.000       18.000        6.000       14.000
   145:       10.000        6.000        6.000       19.000       11.000
   150:        6.000        6.000        6.000        6.000        6.000
   155:        6.000        6.000        6.000        6.000        6.000
   160:        6.000        6.000        6.000        6.000        6.000
   165:        6.000        6.000        6.000        6.000        6.000
   170:        6.000        6.000        6.000        6.000        6.000
   175:        6.000        6.000        6.000        6.000        6.000
   180:        6.000        6.000        6.000        6.000        6.000
   185:        6.000        6.000        6.000        6.000        6.000
   190:        1.000        6.000        6.000        6.000        6.000
   195:        6.000        6.000        6.000        6.000        6.000
   200:        1.000        1.000        1.000        6.000        2.000
   205:        4.000       22.000       24.000       12.000       13.000
   210:        8.000        5.000       17.000        6.000        6.000
   215:       18.000       14.000       10.000        6.000       19.000
   220:       11.000        6.000        6.000        6.000        6.000
   225:        6.000        6.000        6.000        6.000        6.000
   230:        6.000        6.000        6.000        6.000        6.000
   235:        2.000        4.000       22.000       24.000       12.000
   240:       13.000        8.000        5.000       17.000        6.000
   245:        6.000        6.000        6.000       18.000       14.000
   250:       10.000       19.000       11.000        6.000        6.000
   255:        6.000        6.000        6.000        6.000        6.000
   260:        6.000        6.000        6.000        6.000        1.000
   265:        1.000        1.000        6.000        6.000        6.000
   270:        6.000        6.000        6.000        6.000        6.000
   275:        6.000        6.000        6.000        6.000        6.000
   280:        1.000        1.000        1.000        6.000        6.000
   285:        6.000        6.000        6.000        6.000        6.000
   290:        6.000        6.000        6.000        2.000        4.000
   295:       22.000       24.000       12.000       13.000        8.000
   300:        5.000       17.000       21.000       22.000        6.000
   305:       18.000       14.000       10.000       19.000       11.000
   310:        6.000        6.000        6.000        6.000        6.000
   315:        6.000        6.000        6.000        6.000        6.000
   320:        6.000        6.000        6.000        6.000        6.000
   325:        6.000        2.000        4.000       22.000       24.000
   330:       12.000       13.000        8.000        5.000       17.000
   335:       18.000       14.000       10.000        6.000        6.000
   340:        6.000       19.000       11.000        6.000        6.000
   345:        6.000        6.000        6.000        6.000        6.000
   350:        6.000        6.000        6.000        6.000        1.000
   355:        6.000        6.000        6.000        6.000        6.000
   360:        6.000        6.000        6.000        6.000        6.000
   365:        2.000        4.000       22.000       24.000       12.000
   370:       13.000        8.000        5.000       17.000       21.000
   375:       22.000        6.000       18.000       14.000       10.000
   380:        6.000        6.000        6.000       19.000       11.000
   385:        6.000        6.000        6.000        6.000        6.000
   390:        6.000        2.000        4.000       22.000       24.000
   395:       12.000       13.000        8.000        5.000       17.000
   400:       21.000       22.000        6.000       18.000        6.000
   405:       14.000       10.000        6.000       19.000       11.000
   410:        6.000        6.000        6.000        6.000        6.000
   415:        6.000        6.000        6.000        6.000        6.000
   420:        6.000        6.000        6.000        6.000        6.000
   425:        6.000        6.000        6.000        6.000        6.000
   430:        6.000        6.000        6.000        6.000        6.000
   435:        6.000        6.000        6.000        6.000        6.000
   440:        1.000        1.000        1.000        6.000        6.000
   445:        6.000        6.000        6.000        6.000        6.000
   450:        6.000        6.000        6.000        6.000        6.000
   455:        6.000        6.000        6.000        6.000        6.000
   460:        6.000        6.000        6.000        6.000        6.000
   465:        6.000        1.000        1.000        6.000        6.000
   470:        1.000        6.000        2.000        4.000       22.000
   475:       24.000       12.000       13.000        8.000        5.000
   480:       17.000       21.000       22.000       21.000       22.000
   485:        6.000       18.000       14.000       10.000        6.000
   490:       19.000       11.000        6.000        2.000        4.000
   495:       22.000       24.000       12.000       13.000        8.000
   500:        5.000       17.000       21.000       22.000        6.000
   505:        6.000       18.000       14.000       10.000       21.000
   510:       22.000       21.000       22.000       21.000       22.000
   515:       19.000       11.000        2.000        4.000       22.000
   520:       24.000       12.000       13.000        8.000        5.000
   525:       17.000        6.000       18.000       14.000       10.000
   530:       19.000       11.000        6.000        6.000        6.000
   535:        6.000        6.000        6.000        6.000        6.000
   540:        6.000        6.000        6.000        6.000        6.000
   545:        6.000        6.000        1.000        1.000        1.000
   550:        1.000        1.000        1.000        1.000        1.000
   555:        1.000        1.000        1.000        6.000        6.000
   560:        6.000        6.000        1.000        1.000        6.000
   565:        6.000        6.000        6.000        6.000        6.000
   570:        6.000        6.000        6.000        6.000        2.000
   575:        4.000       22.000       24.000       12.000       13.000
   580:        8.000        5.000       17.000       21.000       22.000
   585:        6.000       18.000       14.000       10.000        6.000
   590:       19.000       11.000        6.000        6.000        6.000
   595:        6.000        6.000        6.000        6.000        6.000
   600:        6.000        6.000        6.000        6.000        6.000
   605:        6.000        6.000        6.000        6.000        6.000
   610:        6.000        6.000        6.000        6.000        6.000
   615:        1.000        6.000        6.000        6.000        6.000
   620:        6.000        6.000        6.000        1.000        1.000
   625:        6.000        6.000        6.000        2.000        4.000
   630:       22.000       24.000       12.000       13.000        8.000
   635:        5.000       17.000        6.000        6.000       18.000
   640:       14.000       10.000        6.000       19.000       11.000
   645:        6.000        6.000        6.000        6.000        6.000
   650:        6.000        6.000        6.000        6.000        2.000
   655:        4.000       22.000       24.000       12.000       13.000
   660:        8.000        5.000       17.000        6.000       18.000
   665:       14.000       10.000        6.000        6.000        6.000
   670:       19.000       11.000        6.000        6.000        6.000
   675:        6.000        6.000        6.000        6.000        6.000
   680:        6.000        6.000        6.000        6.000        6.000
   685:        6.000        6.000        6.000        6.000        6.000
   690:        6.000        6.000        6.000        6.000        2.000
   695:        4.000       22.000       24.000       12.000       13.000
   700:        8.000        5.000       17.000       21.000       22.000
   705:        6.000       18.000       14.000       10.000       19.000
   710:       11.000        6.000        6.000        6.000        6.000
   715:        6.000        6.000        6.000        6.000        6.000
   720:        6.000        6.000        6.000        6.000        6.000
   725:        6.000        6.000        6.000        6.000        6.000
   730:        6.000        6.000        1.000        1.000        1.000
   735:        1.000        1.000        1.000        1.000        1.000
   740:        6.000        6.000        1.000        1.000        1.000
   745:        1.000        6.000        6.000        6.000        6.000
   750:        6.000        6.000        1.000        1.000        1.000
   755:        1.000        6.000        2.000        4.000       22.000
   760:       24.000       12.000       13.000        8.000        5.000
   765:       17.000        6.000       18.000       14.000       10.000
   770:       19.000       11.000        6.000        6.000        6.000
   775:        6.000        6.000        6.000        6.000        6.000
   780:        6.000        6.000        6.000        6.000        6.000
   785:        6.000        6.000        6.000        6.000        6.000
   790:        6.000        6.000        2.000        4.000       22.000
   795:       24.000       12.000       13.000        8.000        5.000
   800:       17.000        6.000       18.000       14.000       10.000
   805:        6.000       19.000       11.000        6.000        6.000
   810:        6.000        6.000        6.000        6.000        6.000
   815:        6.000        6.000        6.000        6.000        6.000
   820:        6.000        6.000        6.000        6.000        6.000
   825:        6.000        6.000        6.000        6.000        6.000
   830:        6.000        6.000        6.000        6.000        6.000
   835:        6.000        6.000        6.000        6.000        6.000
   840:        6.000        6.000        6.000        6.000        6.000
   845:        6.000        6.000        6.000        6.000        6.000
   850:        6.000        6.000        6.000        2.000        4.000
   855:       22.000       24.000       12.000       13.000        8.000
   860:        5.000       17.000        6.000       18.000       14.000
   865:       10.000        6.000       19.000       11.000        6.000
   870:        6.000        6.000        6.000        6.000        6.000
   875:        6.000        6.000        6.000        6.000        6.000
   880:        6.000        6.000        6.000        6.000        6.000
   885:        6.000        6.000        6.000        6.000        6.000
   890:        6.000        6.000        6.000        6.000        6.000
   895:        6.000        6.000        6.000        6.000        6.000
   900:        6.000        6.000        6.000        6.000        6.000
   905:        6.000        6.000        6.000        6.000        6.000
   910:        6.000        2.000        4.000       22.000       24.000
   915:       12.000       13.000        8.000        5.000       17.000
   920:        6.000       18.000       14.000       10.000        6.000
   925:        6.000        6.000       19.000       11.000        6.000
   930:        6.000        6.000        6.000        6.000        6.000
   935:        6.000        6.000        6.000        6.000        6.000
   940:        6.000        1.000        1.000        6.000      100.000
T:
     0:        0.000        0.000        0.000        0.000        8.950
     5:        8.950        8.950        8.960        8.960        8.960
    10:        8.960        8.960        8.960        9.100        9.100
    15:       10.360       10.360       11.650       12.960       13.960
    20:       13.960       14.630       14.630       17.530       17.530
    25:       18.950       18.960       19.820       28.390       29.090
    30:       36.500       37.210       52.140       53.190       66.590
    35:       73.660       95.640       96.230       96.990       98.560
    40:       98.580      101.270      101.270      101.270      101.280
    45:      101.280      101.280      101.280      101.280      101.280
    50:      105.280      106.280      106.280      110.830      110.830
    55:      111.270      111.280      131.630      135.090      136.010
    60:      140.510      140.510      140.510      140.520      140.520
    65:      140.520      140.520      140.520      140.520      141.820
    70:      144.520      144.670      144.880      145.520      145.520
    75:      147.120      150.490      150.510      150.520      152.770
    80:      153.380      154.020      154.900      163.980      210.190
    85:      214.290      215.640      215.660      216.070      216.820
    90:      230.560      230.860      231.330      233.130      284.040
    95:      285.610      298.280      298.860      309.600      309.640
   100:      310.790      310.880      311.520      312.060      321.700
   105:      334.310      334.310      334.310      334.320      334.320
   110:      334.320      334.320      334.320      334.320      335.230
   115:      338.320      339.320      339.320      344.310      344.320
   120:      352.010      354.840      354.860      355.090      358.290
   125:      370.550      379.500      383.620      397.120      403.550
   130:      405.020      405.020      405.020      405.030      405.030
   135:      405.030      405.030      405.030      405.030      405.780
   140:      407.810      408.170      409.030      409.990      410.030
   145:      410.030      411.870      414.630      415.020      415.030
   150:      417.020      418.540      419.520      420.980      422.190
   155:      422.280      422.680      423.170      424.520      425.810
   160:      428.100      429.120      430.180      431.460      446.100
   165:      446.240      499.880      500.000      501.730      529.990
   170:      548.560      548.820      548.920      549.730      560.010
   175:      561.280      665.870      684.870      707.770      788.310
   180:      788.680      917.610      946.090      976.610      978.080
   185:      979.790     1064.230     1073.580     1073.690     1286.770
   190:     1315.760     1318.320     1331.960     1373.140     1429.480
   195:     1433.460     1434.840     1533.590     1538.160     1538.420
   200:     1780.860     1782.350     1782.760     1803.970     1805.850
   205:     1805.850     1805.850     1805.860     1805.860     1805.860
   210:     1805.860     1805.860     1805.860     1806.670     1809.340
   215:     1809.860     1810.860     1810.860     1812.010     1815.850
   220:     1815.860     1817.640     1822.600     1823.460     1824.050
   225:     1825.020     1827.140     1849.140     1850.830     1858.070
   230:     1863.190     1871.590     1895.430     1933.240     1943.630
   235:     1945.040     1945.040     1945.040     1945.050     1945.050
   240:     1945.050     1945.050     1945.050     1945.050     1945.630
   245:     1946.640     1946.660     1947.330     1949.050     1950.050
   250:     1950.050     1955.040     1955.050     1975.340     1977.230
   255:     1980.700     1984.030     1989.340     2020.010     2031.970
   260:     2040.120     2308.550     2320.000     2499.000     2656.610
   265:     2656.670     2657.370     2660.820     2688.480     2688.960
   270:     2701.380     2701.810     2790.020     2900.270     2903.940
   275:     2968.050     2968.300     2978.320     2991.930     3002.920
   280:     3250.950     3251.090     3251.730     3255.960     3256.220
   285:     3262.270     3262.970     3263.340     3499.300     3546.640
   290:     3546.860     3547.030     3550.530     3553.560     3553.560
   295:     3553.560     3553.570     3553.570     3553.570     3553.570
   300:     3553.570     3553.570     3554.530     3554.530     3556.540
   305:     3557.570     3558.570     3558.570     3563.560     3563.570
   310:     3569.750     3570.600     3571.050     3572.090     3578.530
   315:     3579.820     3580.520     3580.600     3581.430     3583.550
   320:     3583.680     3585.680     3586.460     3587.260     3587.990
   325:     3588.360     3602.720     3602.720     3602.720     3602.730
   330:     3602.730     3602.730     3602.730     3602.730     3602.730
   335:     3606.730     3607.730     3607.730     3608.060     3610.630
   340:     3612.710     3612.720     3612.730     3615.200     3627.200
   345:     3628.700     3638.270     3639.220     3640.150     3640.860
   350:     3641.210     3641.280     3645.410     3646.550     3650.480
   355:     3652.770     3657.580     3659.650     3659.740     3660.030
   360:     3660.440     3673.610     3729.900     3731.760     3738.370
   365:     3740.870     3740.870     3740.870     3740.880     3740.880
   370:     3740.880     3740.880     3740.880     3740.880     3741.640
   375:     3741.640     3742.160     3744.880     3745.880     3745.880
   380:     3746.270     3746.290     3750.130     3750.870     3750.880
   385:     3753.450     3755.230     3761.890     3766.050     3767.030
   390:     3770.240     3777.980     3777.980     3777.980     3777.990
   395:     3777.990     3777.990     3777.990     3777.990     3777.990
   400:     3778.220     3778.220     3781.100     3781.990     3782.810
   405:     3782.990     3782.990     3786.220     3787.980     3787.990
   410:     3789.970     3791.640     3793.420     3800.410     3807.300
   415:     3823.320     3862.340     3865.940     3867.560     3868.910
   420:     3869.390     3869.680     3870.040     3873.180     3874.920
   425:     3897.060     3898.460     3899.330     3900.330     3905.620
   430:     3905.810     3905.940     3906.660     3910.770     3911.860
   435:     3912.850     3913.150     3914.150     3915.340     3916.220
   440:     4318.340     4320.420     4320.710     4528.300     4537.240
   445:     4537.440     4538.990     4618.930     4619.090     4620.420
   450:     4620.750     4621.830     4652.110     4658.200     4659.770
   455:     4699.490     4841.470     4842.740     4842.860     4843.330
   460:     4843.660     4971.360     4971.410     5080.860     5314.000
   465:     5321.340     5358.070     5358.130     5382.220     5407.230
   470:     5430.910     5434.280     5440.780     5440.780     5440.780
   475:     5440.790     5440.790     5440.790     5440.790     5440.790
   480:     5440.790     5441.240     5441.240     5442.120     5442.120
   485:     5442.860     5444.790     5445.790     5445.790     5449.250
   490:     5450.780     5450.790     5453.830     5457.690     5457.690
   495:     5457.690     5457.700     5457.700     5457.700     5457.700
   500:     5457.700     5457.700     5457.970     5457.970     5458.450
   505:     5459.520     5461.700     5462.700     5462.700     5464.640
   510:     5464.640     5464.910     5464.910     5466.320     5466.320
   515:     5467.690     5467.700     5469.720     5469.720     5469.720
   520:     5469.730     5469.730     5469.730     5469.730     5469.730
   525:     5469.730     5470.460     5473.730     5474.730     5474.730
   530:     5479.720     5479.730     5479.810     5482.130     5485.070
   535:     5490.370     5497.110     5504.650     5506.380     5507.990
   540:     5509.370     5512.830     5513.400     5515.340     5516.160
   545:     5528.190     5531.600     5552.800     5553.310     5554.160
   550:     5555.000     5555.390     5572.690     5573.700     5588.240
   555:     5590.290     5590.680     5591.530     5605.380     5608.180
   560:     5614.750     5619.140     5624.400     5624.460     5628.950
   565:     5638.850     5700.090     5700.460     5702.050     5707.510
   570:     6182.250     6217.800     6218.270     6219.320     6228.650
   575:     6228.650     6228.650     6228.660     6228.660     6228.660
   580:     6228.660     6228.660     6228.660     6229.640     6229.640
   585:     6230.350     6232.660     6233.660     6233.660     6237.660
   590:     6238.650     6238.660     6245.400     6246.950     6247.030
   595:     6247.300     6247.860     6248.440     6248.490     6248.860
   600:     6250.210     6251.570     6252.870     6254.710     6257.370
   605:     6267.500     6269.250     6269.720     6270.110     6270.980
   610:     6271.870     6291.150     6325.170     6333.520     6349.600
   615:     6381.810     6485.300     6486.080     6486.140     6499.670
   620:     6565.200     6653.480     6715.170     6720.720     6720.760
   625:     6757.030     6757.760     6758.250     6761.230     6761.230
   630:     6761.230     6761.240     6761.240     6761.240     6761.240
   635:     6761.240     6761.240     6762.090     6763.340     6765.240
   640:     6766.240     6766.240     6770.060     6771.230     6771.240
   645:     6771.470     6772.540     6773.990     6781.680     6782.830
   650:     6784.270     6785.940     6787.750     6788.720     6793.210
   655:     6793.210     6793.210     6793.220     6793.220     6793.220
   660:     6793.220     6793.220     6793.220     6793.810     6797.220
   665:     6798.220     6798.220     6800.900     6801.200     6802.160
   670:     6803.210     6803.220     6825.890     6830.480     6832.350
   675:     6832.500     6835.410     6835.920     6872.930     6872.950
   680:     6883.530     6884.570     6969.630     6983.100     6983.650
   685:     6990.720     6991.490     6996.640     6997.170     7060.330
   690:     7105.720     7249.820     7256.910     7355.370     7458.400
   695:     7458.400     7458.400     7458.410     7458.410     7458.410
   700:     7458.410     7458.410     7458.410     7458.690     7458.690
   705:     7459.150     7462.410     7463.410     7463.410     7468.400
   710:     7468.410     7468.530     7469.740     7469.790     7469.980
   715:     7475.240     7477.680     7480.410     7480.790     7483.310
   720:     7530.980     7534.030     7537.090     7567.410     7658.370
   725:     7684.890     7703.920     7713.910     7717.200     7791.950
   730:     7859.340     7859.460     7926.040     7926.620     7927.580
   735:     7928.860     7931.570     7931.820     7934.840     7942.820
   740:     8305.860     8340.320     8580.560     8586.870     8587.140
   745:     8588.310     8597.990     8623.060     8623.480     8638.630
   750:     8641.520     8659.840     8671.240     8671.300     8671.690
   755:     8672.570     8741.410     8756.480     8756.480     8756.480
   760:     8756.490     8756.490     8756.490     8756.490     8756.490
   765:     8756.490     8759.400     8760.490     8761.490     8761.490
   770:     8766.480     8766.490     8773.980     8789.160     8811.350
   775:     8812.670     8820.010     9011.280     9012.140     9012.670
   780:     9016.990     9017.460     9020.910     9025.650     9026.200
   785:     9026.390     9027.260     9029.130     9031.680     9031.930
   790:     9041.280     9051.130     9056.550     9056.550     9056.550
   795:     9056.560     9056.560     9056.560     9056.560     9056.560
   800:     9056.560     9057.360     9060.560     9061.560     9061.560
   805:     9065.930     9066.550     9066.560     9067.200     9069.020
   810:     9069.660     9075.010     9076.510     9078.470     9079.620
   815:     9080.410     9081.660     9083.490     9083.860     9086.500
   820:     9087.230     9087.490     9090.890     9093.220     9094.930
   825:     9095.390     9117.740     9118.100     9119.700     9122.600
   830:     9126.840     9127.150     9138.090     9139.030     9145.470
   835:     9147.390     9148.060     9148.540     9149.890     9150.090
   840:     9151.960     9152.240     9161.770     9163.010     9164.700
   845:     9179.130     9179.700     9182.000     9184.020     9266.590
   850:     9286.860     9365.850     9366.090     9376.420     9376.420
   855:     9376.420     9376.430     9376.430     9376.430     9376.430
   860:     9376.430     9376.430     9377.490     9380.430     9381.430
   865:     9381.430     9386.030     9386.420     9386.430     9390.670
   870:     9425.950     9427.670     9428.150     9428.770     9428.880
   875:     9428.980     9543.370     9548.610     9560.770     9564.260
   880:     9566.860     9568.380     9569.820     9572.770     9573.190
   885:     9574.050     9575.380     9578.590     9580.490     9593.840
   890:     9594.600     9594.930     9595.030     9595.310     9595.500
   895:     9607.410     9608.120     9608.540     9609.750     9609.980
   900:     9618.250     9619.530     9632.510     9632.850     9650.160
   905:     9650.730     9651.860    10045.400    10080.400    10080.470
   910:    10080.780    10084.210    10084.210    10084.210    10084.220
   915:    10084.220    10084.220    10084.220    10084.220    10084.220
   920:    10087.600    10088.220    10089.220    10089.220    10090.300
   925:    10092.290    10093.710    10094.210    10094.220    10095.610
   930:    10103.200    10136.390    10141.070    10150.540    10187.520
   935:    10208.360    10211.450    10270.660    10387.920    10402.130
   940:    10402.180    10416.340    10427.510    10508.810    10800.000
