File: C:\MED-PC\Data\2024-11-21_13h10m_Subject 56.txt


Start Date: 11/21/24
End Date: 11/21/24
Subject: 56
Experiment: OralFentSA
Group: One
Box: 12
Start Time: 13:10:15
End Time: 16:10:17
MSN: Golden_Liq_SelfAdmin_EXT
F:       0.000
G:     755.000
H:   10800.000
I:       0.000
J:       0.000
K:       0.000
L:       0.000
M:       0.000
N:       0.000
O:       0.000
P:       0.000
Q:       0.000
R:       0.000
S:       0.000
U:       0.000
V:       0.000
W:       0.000
X:       0.000
Y:       0.000
Z:       0.000
A:
     0:        0.000        0.000      180.000        4.000        0.000
     5:        5.000        0.000        5.000        0.000        0.000
    10:        1.000        0.000       10.000   100000.000       37.300
    15:       24.000      600.000        0.000        0.000        0.000
    20:        0.000
B:
     0:        0.000        0.000        0.000        0.000        0.000
     5:        0.000        0.000        0.000        0.000        0.000
    10:        0.000        0.000     1000.000 10000000.000        0.000
    15:        0.000        0.000        0.000        0.000        0.000
    20:        0.000
C:
     0:        0.000       48.000       78.000       61.000      316.000
     5:    10781.540       12.790       35.000     2518.130       71.947
    10:       61.000       78.000        0.000        0.000        0.000
    15:        0.000        0.000        0.000        0.000        0.000
    20:        0.000
D:
     0:        9.890       33.310        1.440      160.320       25.700
     5:       99.570        2.640      134.740       14.080       15.800
    10:       53.010        6.180       88.230        0.980       13.760
    15:        1.630       27.400      373.640      105.600      349.480
    20:        4.870       62.230       65.350       32.060       17.900
    25:      139.960       18.270        9.400       30.010      183.730
    30:        1.240      235.590        5.950      181.380       12.790
E:
     0:       19.000       11.000       26.000       27.000        6.000
     5:        6.000        6.000        6.000        6.000        1.000
    10:        2.000        4.000       22.000       24.000       12.000
    15:       21.000       22.000        6.000       19.000       11.000
    20:        6.000        6.000        6.000        6.000        6.000
    25:        6.000        6.000        1.000        6.000        6.000
    30:        6.000        6.000        6.000        6.000        1.000
    35:        1.000        1.000        1.000        2.000        4.000
    40:       22.000       24.000       12.000       20.000       19.000
    45:       11.000        6.000        6.000        2.000        4.000
    50:       22.000       24.000       12.000        6.000        6.000
    55:        6.000       19.000       11.000        1.000        1.000
    60:        1.000        6.000        6.000        6.000        6.000
    65:        6.000        6.000        6.000        6.000        6.000
    70:        6.000        6.000        6.000        6.000        6.000
    75:        6.000        2.000        4.000       22.000       24.000
    80:       12.000       19.000       11.000        6.000        6.000
    85:        6.000        6.000        2.000        4.000       22.000
    90:       24.000       12.000       19.000       11.000        6.000
    95:        6.000        6.000        6.000        6.000        6.000
   100:        6.000        6.000        2.000        4.000       22.000
   105:       24.000       12.000       19.000       11.000        6.000
   110:        6.000        6.000        6.000        6.000        1.000
   115:        1.000        1.000        1.000        6.000        6.000
   120:        2.000        4.000       22.000       24.000       12.000
   125:       21.000       22.000       19.000       11.000        2.000
   130:        4.000       22.000       24.000       12.000       19.000
   135:       11.000        2.000        4.000       22.000       24.000
   140:       12.000        6.000       19.000       11.000        6.000
   145:        6.000        6.000        6.000        6.000        6.000
   150:        6.000        6.000        6.000        6.000        1.000
   155:        1.000        6.000        6.000        1.000        1.000
   160:        1.000        6.000        6.000        6.000        6.000
   165:        6.000        6.000        6.000        1.000        2.000
   170:        4.000       22.000       24.000       12.000       19.000
   175:       11.000        1.000        1.000        6.000        2.000
   180:        4.000       22.000       24.000       12.000       19.000
   185:       11.000        1.000        2.000        4.000       22.000
   190:       24.000       12.000       19.000       11.000        6.000
   195:        6.000        6.000        2.000        4.000       22.000
   200:       24.000       12.000       19.000       11.000        6.000
   205:        2.000        4.000       22.000       24.000       12.000
   210:       21.000       22.000       19.000       11.000        1.000
   215:        6.000        6.000        6.000        6.000        6.000
   220:        2.000        4.000       22.000       24.000       12.000
   225:        6.000       19.000       11.000        2.000        4.000
   230:       22.000       24.000       12.000       21.000       22.000
   235:       19.000       11.000        1.000        6.000        2.000
   240:        4.000       22.000       24.000       12.000        6.000
   245:        6.000       19.000       11.000        6.000        6.000
   250:        6.000        6.000        6.000        6.000        6.000
   255:        6.000        6.000        6.000        6.000        6.000
   260:        6.000        6.000        6.000        6.000        6.000
   265:        6.000        6.000        6.000        6.000        6.000
   270:        6.000        6.000        1.000        2.000        4.000
   275:       22.000       24.000       12.000       19.000       11.000
   280:        2.000        4.000       22.000       24.000       12.000
   285:       21.000       22.000       19.000       11.000        6.000
   290:        6.000        6.000        1.000        6.000        6.000
   295:        1.000        1.000        1.000        6.000        6.000
   300:        6.000        6.000        6.000        6.000        6.000
   305:        1.000        1.000        6.000        6.000        6.000
   310:        6.000        6.000        6.000        6.000        6.000
   315:        6.000        6.000        1.000        2.000        4.000
   320:       22.000       24.000       12.000        6.000        6.000
   325:        6.000        6.000       20.000       19.000       11.000
   330:        2.000        4.000       22.000       24.000       12.000
   335:       21.000       22.000       20.000       19.000       11.000
   340:        1.000        6.000        2.000        4.000       22.000
   345:       24.000       12.000       21.000       22.000       19.000
   350:       11.000        2.000        4.000       22.000       24.000
   355:       12.000       19.000       11.000        2.000        4.000
   360:       22.000       24.000       12.000       19.000       11.000
   365:        6.000        6.000        6.000        6.000        6.000
   370:        6.000        6.000        6.000        6.000        2.000
   375:        4.000       22.000       24.000       12.000       19.000
   380:       11.000        2.000        4.000       22.000       24.000
   385:       12.000       19.000       11.000        2.000        4.000
   390:       22.000       24.000       12.000       19.000       11.000
   395:        1.000        1.000        6.000        2.000        4.000
   400:       22.000       24.000       12.000       19.000       11.000
   405:        1.000        1.000        6.000        6.000        6.000
   410:        6.000        2.000        4.000       22.000       24.000
   415:       12.000        6.000       19.000       11.000        6.000
   420:        6.000        6.000        6.000        2.000        4.000
   425:       22.000       24.000       12.000       19.000       11.000
   430:        6.000        6.000        6.000        6.000        6.000
   435:        6.000        6.000        6.000        6.000        1.000
   440:        1.000        6.000        6.000        6.000        6.000
   445:        6.000        6.000        6.000        6.000        6.000
   450:        6.000        6.000        6.000        6.000        6.000
   455:        6.000        6.000        6.000        6.000        6.000
   460:        6.000        6.000        6.000        6.000        6.000
   465:        6.000        6.000        6.000        6.000        6.000
   470:        6.000        6.000        6.000        1.000        6.000
   475:        6.000        6.000        6.000        1.000        6.000
   480:        6.000        2.000        4.000       22.000       24.000
   485:       12.000       19.000       11.000        6.000        6.000
   490:        6.000        6.000        6.000        6.000        6.000
   495:        6.000        6.000        6.000        6.000        6.000
   500:        6.000        6.000        6.000        6.000        2.000
   505:        4.000       22.000       24.000       12.000       19.000
   510:       11.000        6.000        6.000        6.000        6.000
   515:        6.000        6.000        2.000        4.000       22.000
   520:       24.000       12.000       19.000       11.000        6.000
   525:        6.000        6.000        6.000        1.000        6.000
   530:        6.000        6.000        6.000        6.000        6.000
   535:        6.000        6.000        2.000        4.000       22.000
   540:       24.000       12.000       21.000       22.000       21.000
   545:       22.000       19.000       11.000        6.000        6.000
   550:        6.000        6.000        2.000        4.000       22.000
   555:       24.000       12.000       19.000       11.000        6.000
   560:        1.000        1.000        1.000        1.000        1.000
   565:        1.000        1.000        1.000        1.000        1.000
   570:        1.000        1.000        6.000        6.000        6.000
   575:        6.000        1.000        1.000        1.000        1.000
   580:        1.000        2.000        4.000       22.000       24.000
   585:       12.000       20.000       19.000       11.000        2.000
   590:        4.000       22.000       24.000       12.000       21.000
   595:       22.000       21.000       22.000        6.000       19.000
   600:       11.000        2.000        4.000       22.000       24.000
   605:       12.000       19.000       11.000        6.000        2.000
   610:        4.000       22.000       24.000       12.000       19.000
   615:       11.000        2.000        4.000       22.000       24.000
   620:       12.000       21.000       22.000       19.000       11.000
   625:        1.000        6.000        6.000        6.000        6.000
   630:        6.000        2.000        4.000       22.000       24.000
   635:       12.000        6.000       19.000       11.000        6.000
   640:        6.000        6.000        6.000        6.000        2.000
   645:        4.000       22.000       24.000       12.000       21.000
   650:       22.000       21.000       22.000       19.000       11.000
   655:        1.000        1.000        6.000        6.000        6.000
   660:        1.000        2.000        4.000       22.000       24.000
   665:       12.000        6.000        6.000        6.000       19.000
   670:       11.000        6.000        6.000        6.000        6.000
   675:        6.000        6.000        1.000        1.000        6.000
   680:        6.000        6.000        6.000        6.000        6.000
   685:        6.000        6.000        6.000        6.000        6.000
   690:        6.000        1.000        6.000        6.000        6.000
   695:        1.000        6.000        1.000        6.000        6.000
   700:        6.000        6.000        6.000        6.000        6.000
   705:        6.000        6.000        6.000        6.000        6.000
   710:        2.000        4.000       22.000       24.000       12.000
   715:       19.000       11.000        1.000        6.000        6.000
   720:        6.000        1.000        6.000        6.000        6.000
   725:        2.000        4.000       22.000       24.000       12.000
   730:       19.000       11.000        6.000        6.000        1.000
   735:        1.000        1.000        6.000        6.000        6.000
   740:        1.000        2.000        4.000       22.000       24.000
   745:       12.000       19.000       11.000        2.000        4.000
   750:       22.000       24.000       12.000       19.000       11.000
   755:      100.000
T:
     0:        0.000        0.000        0.000        0.000        5.350
     5:        6.080        6.340        6.390        6.610       15.390
    10:       88.400       88.400       88.400       88.410       88.410
    15:       89.690       89.690       98.300       98.400       98.410
    20:       99.480      100.830      101.000      102.590      105.510
    25:      107.510      111.530      115.740      137.650      138.590
    30:      147.510      148.860      150.730      150.810      153.640
    35:      154.140      154.710      156.330      165.290      165.290
    40:      165.290      165.300      165.300      170.330      175.290
    45:      175.300      198.610      199.630      210.910      210.910
    50:      210.910      210.920      210.920      212.360      213.630
    55:      213.900      220.910      220.920      245.200      252.750
    60:      253.260      259.450      260.300      260.590      260.690
    65:      271.850      272.250      273.320      326.320      326.900
    70:      327.640      328.870      362.420      363.410      364.710
    75:      364.820      368.360      368.360      368.360      368.370
    80:      368.370      378.360      378.370      528.690      529.490
    85:      549.440      549.620      552.180      552.180      552.180
    90:      552.190      552.190      562.180      562.190      577.890
    95:      577.970      578.460      677.650      677.790      678.290
   100:      679.750      680.000      682.430      682.430      682.430
   105:      682.440      682.440      692.430      692.440      782.010
   110:      782.630      782.980      783.390      783.430      803.190
   115:      805.740      810.400      927.600      936.840      937.140
   120:      939.170      939.170      939.170      939.180      939.180
   125:      943.870      943.870      949.170      949.180     1074.460
   130:     1074.460     1074.460     1074.470     1074.470     1084.460
   135:     1084.470     1097.370     1097.370     1097.370     1097.380
   140:     1097.380     1100.020     1107.370     1107.380     1118.550
   145:     1118.990     1120.190     1134.600     1134.810     1135.240
   150:     1135.810     1136.120     1136.330     1139.550     1142.480
   155:     1156.830     1237.580     1239.150     1258.560     1259.770
   160:     1260.800     1306.720     1405.400     1405.560     1406.170
   165:     1451.020     1504.240     1504.400     1606.530     1685.130
   170:     1685.130     1685.130     1685.140     1685.140     1695.130
   175:     1695.140     1699.250     1797.810     1819.880     1821.930
   180:     1821.930     1821.930     1821.940     1821.940     1831.930
   185:     1831.940     1921.590     2012.530     2012.530     2012.530
   190:     2012.540     2012.540     2022.530     2022.540     2026.620
   195:     2027.290     2029.120     2135.190     2135.190     2135.190
   200:     2135.200     2135.200     2145.190     2145.200     2151.000
   205:     2153.010     2153.010     2153.010     2153.020     2153.020
   210:     2158.860     2158.860     2163.010     2163.020     2167.450
   215:     2206.030     2365.780     2365.800     2366.560     2367.610
   220:     2440.350     2440.350     2440.350     2440.360     2440.360
   225:     2446.540     2450.350     2450.360     2489.170     2489.170
   230:     2489.170     2489.180     2489.180     2495.410     2495.410
   235:     2499.170     2499.180     2570.080     2577.410     2581.580
   240:     2581.580     2581.580     2581.590     2581.590     2582.570
   245:     2584.130     2591.580     2591.590     2614.270     2614.750
   250:     2614.820     2615.000     2615.170     2615.750     2616.040
   255:     2616.570     2616.930     2619.240     2627.270     2633.420
   260:     2633.690     2634.190     2733.650     2734.260     2734.550
   265:     2734.890     2735.220     2738.960     2739.100     2739.440
   270:     2740.840     2741.600     2764.280     2768.760     2768.760
   275:     2768.760     2768.770     2768.770     2778.760     2778.770
   280:     2778.860     2778.860     2778.860     2778.870     2778.870
   285:     2782.610     2782.610     2788.860     2788.870     2792.630
   290:     2792.820     2794.780     2834.810     2859.430     2859.520
   295:     2939.110     2960.720     2963.900     2969.080     2971.800
   300:     3004.490     3004.670     3005.120     3037.810     3079.870
   305:     3148.290     3148.550     3194.670     3195.270     3195.540
   310:     3250.740     3252.830     3253.750     3264.850     3265.500
   315:     3265.810     3266.370     3284.100     3289.230     3289.230
   320:     3289.230     3289.240     3289.240     3290.870     3291.110
   325:     3291.600     3292.240     3295.870     3299.230     3299.240
   330:     3343.760     3343.760     3343.760     3343.770     3343.770
   335:     3343.960     3343.960     3352.360     3353.760     3353.770
   340:     3354.070     3371.170     3393.860     3393.860     3393.860
   345:     3393.870     3393.870     3400.000     3400.000     3403.860
   350:     3403.870     3550.160     3550.160     3550.160     3550.170
   355:     3550.170     3560.160     3560.170     3589.650     3589.650
   360:     3589.650     3589.660     3589.660     3599.650     3599.660
   365:     3963.300     3963.480     4005.860     4006.400     4006.590
   370:     4007.330     4009.360     4011.220     4050.360     4053.810
   375:     4053.810     4053.810     4053.820     4053.820     4063.810
   380:     4063.820     4136.460     4136.460     4136.460     4136.470
   385:     4136.470     4146.460     4146.470     4175.110     4175.110
   390:     4175.110     4175.120     4175.120     4185.110     4185.120
   395:     4193.710     4193.980     4280.720     4335.480     4335.480
   400:     4335.480     4335.490     4335.490     4345.480     4345.490
   405:     4352.250     4391.990     4684.970     4685.640     4856.870
   410:     4857.540     4896.150     4896.150     4896.150     4896.160
   415:     4896.160     4901.030     4906.150     4906.160     4911.240
   420:     4911.360     4941.430     4941.790     4962.620     4962.620
   425:     4962.620     4962.630     4962.630     4972.620     4972.630
   430:     5024.860     5025.510     5025.720     5052.170     5148.160
   435:     5148.280     5149.840     5150.550     5153.430     5159.010
   440:     5161.160     5228.340     5229.000     5229.110     5383.130
   445:     5383.930     5562.890     5563.670     5564.360     5564.600
   450:     5727.570     5727.640     5728.240     5729.000     5731.630
   455:     5787.100     5787.250     5787.420     5787.710     5788.420
   460:     5790.710     5900.520     6002.560     6003.060     6003.690
   465:     6011.730     6012.340     6012.670     6012.890     6156.010
   470:     6156.760     6157.080     6157.580     6167.790     6280.820
   475:     6281.170     6294.430     6295.280     6348.440     6467.050
   480:     6485.910     6495.900     6495.900     6495.900     6495.910
   485:     6495.910     6505.900     6505.910     6561.260     6610.650
   490:     6610.840     6610.950     6612.290     6612.990     6613.360
   495:     6617.340     6686.050     6710.800     6711.750     6712.160
   500:     6712.890     6835.490     6836.370     6836.850     6839.040
   505:     6839.040     6839.040     6839.050     6839.050     6849.040
   510:     6849.050     6871.110     7053.410     7053.820     7054.340
   515:     7055.010     7073.130     7152.200     7152.200     7152.200
   520:     7152.210     7152.210     7162.200     7162.210     7170.110
   525:     7173.460     7174.490     7215.950     7264.610     7283.020
   530:     7283.430     7283.500     7303.740     7304.380     7308.160
   535:     7317.260     7318.170     7320.200     7320.200     7320.200
   540:     7320.210     7320.210     7320.890     7320.890     7321.660
   545:     7321.660     7330.200     7330.210     7460.170     7460.590
   550:     7461.780     7493.240     7511.350     7511.350     7511.350
   555:     7511.360     7511.360     7521.350     7521.360     7529.630
   560:     7607.040     7609.550     7611.360     7611.910     7615.220
   565:     7616.890     7617.630     7621.390     7637.130     7638.850
   570:     7639.120     7643.250     7667.540     7667.700     7668.130
   575:     7698.560     7713.800     7714.020     7714.630     7730.380
   580:     7739.400     7776.740     7776.740     7776.740     7776.750
   585:     7776.750     7783.220     7786.740     7786.750     7811.430
   590:     7811.430     7811.430     7811.440     7811.440     7813.120
   595:     7813.120     7818.770     7818.770     7820.840     7821.430
   600:     7821.440     7833.110     7833.110     7833.110     7833.120
   605:     7833.120     7843.110     7843.120     7863.130     7869.910
   610:     7869.910     7869.910     7869.920     7869.920     7879.910
   615:     7879.920     7908.620     7908.620     7908.620     7908.630
   620:     7908.630     7909.040     7909.040     7918.620     7918.630
   625:     7959.600     8092.360     8094.790     8095.590     8098.490
   630:     8100.870     8104.220     8104.220     8104.220     8104.230
   635:     8104.230     8105.470     8114.220     8114.230     8157.950
   640:     8158.050     8158.630     8158.920     8161.950     8167.100
   645:     8167.100     8167.100     8167.110     8167.110     8171.020
   650:     8171.020     8171.740     8171.740     8177.100     8177.110
   655:     8228.690     8311.660     8402.700     8455.520     8483.490
   660:     8514.730     8844.630     8844.630     8844.630     8844.640
   665:     8844.640     8850.590     8850.760     8851.060     8854.630
   670:     8854.640     9017.670     9018.030     9018.300     9018.380
   675:     9021.910     9022.220     9094.170     9184.860     9209.110
   680:     9209.330     9211.180     9211.540     9212.120     9287.850
   685:     9288.180     9288.510     9343.280     9343.760     9343.810
   690:     9344.280     9365.390     9422.100     9422.420     9423.030
   695:     9437.620     9472.270     9537.920     9628.170     9628.730
   700:     9639.550     9640.320     9640.550     9656.110     9656.730
   705:     9658.210     9696.060     9696.350     9696.700     9721.700
   710:     9755.400     9755.400     9755.400     9755.410     9755.410
   715:     9765.400     9765.410     9930.990     9936.790     9954.250
   720:     9955.740     9966.810    10129.530    10130.440    10131.360
   725:    10133.660    10133.660    10133.660    10133.670    10133.670
   730:    10143.660    10143.670    10146.460    10147.410    10182.710
   735:    10205.690    10217.580    10398.970    10431.890    10432.210
   740:    10531.820    10544.760    10544.760    10544.760    10544.770
   745:    10544.770    10554.760    10554.770    10781.530    10781.530
   750:    10781.530    10781.540    10781.540    10791.530    10791.540
   755:    10800.000
