File: C:\MED-PC\Data\2024-11-19_08h55m_Subject 44.txt


Start Date: 11/19/24
End Date: 11/19/24
Subject: 44
Experiment: OralFentSA
Group: One
Box: 12
Start Time: 08:55:29
End Time: 12:06:01
MSN: Golden_Liq_SelfAdmin_EXT
F:       0.000
G:     608.000
H:   10800.000
I:       0.000
J:       0.000
K:       0.000
L:       0.000
M:       0.000
N:       0.000
O:       0.000
P:       0.000
Q:       0.000
R:       0.000
S:       0.000
U:       0.000
V:       0.000
W:       0.000
X:       0.000
Y:       0.000
Z:       0.000
A:
     0:        0.000        0.000      180.000        4.000        0.000
     5:        5.000        0.000        5.000        0.000        0.000
    10:        1.000        0.000       10.000   100000.000       21.000
    15:       22.000      600.000        0.000        0.000        0.000
    20:        0.000
B:
     0:        0.000        0.000        0.000        0.000        0.000
     5:        0.000        0.000        0.000        0.000        0.000
    10:        0.000        0.000     1000.000 10000000.000        0.000
    15:        0.000        0.000        0.000        0.000        0.000
    20:        0.000
C:
     0:        0.000       41.000       37.000       71.000      225.000
     5:    10694.630        1.230       24.000     3223.640      134.318
    10:       71.000       37.000        0.000        0.000        0.000
    15:        0.000        0.000        0.000        0.000        0.000
    20:        0.000
D:
     0:        9.880       44.460       59.880        6.110       77.810
     5:      303.680        7.580       54.080      197.090      116.170
    10:        8.680      115.970       44.130        1.970      121.820
    15:       21.640      167.920      776.670      279.650      371.520
    20:      311.510       35.940       88.250        1.230
E:
     0:       19.000       11.000       26.000       27.000        6.000
     5:        6.000        6.000        6.000        6.000        6.000
    10:        6.000        6.000        2.000        4.000       22.000
    15:       24.000       12.000       21.000       22.000       21.000
    20:       22.000        6.000       19.000       11.000        6.000
    25:        6.000        6.000        6.000        2.000        4.000
    30:       22.000       24.000       12.000       21.000       22.000
    35:       19.000       11.000        6.000        6.000        2.000
    40:        4.000       22.000       24.000       12.000       19.000
    45:       11.000        2.000        4.000       22.000       24.000
    50:       12.000       19.000       11.000        2.000        4.000
    55:       22.000       24.000       12.000       19.000       11.000
    60:        6.000        2.000        4.000       22.000       24.000
    65:       12.000        6.000        6.000       19.000       11.000
    70:        1.000        2.000        4.000       22.000       24.000
    75:       12.000       19.000       11.000        6.000        6.000
    80:        1.000        1.000        1.000        2.000        4.000
    85:       22.000       24.000       12.000       19.000       11.000
    90:        1.000        6.000        6.000        6.000        6.000
    95:        6.000        6.000        6.000        6.000        2.000
   100:        4.000       22.000       24.000       12.000        6.000
   105:        6.000        6.000        6.000       19.000       11.000
   110:        2.000        4.000       22.000       24.000       12.000
   115:       19.000       11.000        1.000        6.000        6.000
   120:        6.000        6.000        1.000        1.000        1.000
   125:        1.000        1.000        6.000        6.000        6.000
   130:        6.000        2.000        4.000       22.000       24.000
   135:       12.000       19.000       11.000        6.000        6.000
   140:        1.000        1.000        6.000        6.000        6.000
   145:        6.000        6.000        6.000        6.000        1.000
   150:        2.000        4.000       22.000       24.000       12.000
   155:       19.000       11.000        2.000        4.000       22.000
   160:       24.000       12.000       21.000       22.000       19.000
   165:       11.000        6.000        6.000        6.000        2.000
   170:        4.000       22.000       24.000       12.000        6.000
   175:        6.000       19.000       11.000        2.000        4.000
   180:       22.000       24.000       12.000       19.000       11.000
   185:        1.000        1.000        1.000        1.000        2.000
   190:        4.000       22.000       24.000       12.000       19.000
   195:       11.000        6.000        2.000        4.000       22.000
   200:       24.000       12.000       19.000       11.000        2.000
   205:        4.000       22.000       24.000       12.000       19.000
   210:       11.000        6.000        2.000        4.000       22.000
   215:       24.000       12.000        6.000        6.000       19.000
   220:       11.000        6.000        2.000        4.000       22.000
   225:       24.000       12.000       21.000       22.000       19.000
   230:       11.000        1.000        1.000        1.000        2.000
   235:        4.000       22.000       24.000       12.000       19.000
   240:       11.000        6.000        6.000        1.000        1.000
   245:        1.000        6.000        6.000        6.000        6.000
   250:        6.000        6.000        6.000        6.000        6.000
   255:        2.000        4.000       22.000       24.000       12.000
   260:       19.000       11.000        1.000        1.000        2.000
   265:        4.000       22.000       24.000       12.000       21.000
   270:       22.000       21.000       22.000       21.000       22.000
   275:       19.000       11.000        6.000        6.000        2.000
   280:        4.000       22.000       24.000       12.000       19.000
   285:       11.000        1.000        1.000        1.000        1.000
   290:        1.000        6.000        6.000        6.000        6.000
   295:        6.000        6.000        6.000        6.000        6.000
   300:        6.000        6.000        6.000        6.000        6.000
   305:        6.000        6.000        6.000        6.000        6.000
   310:        6.000        6.000        6.000        6.000        6.000
   315:        6.000        6.000        6.000        6.000        6.000
   320:        6.000        6.000        6.000        6.000        6.000
   325:        6.000        6.000        6.000        6.000        6.000
   330:        6.000        6.000        6.000        6.000        6.000
   335:        6.000        6.000        6.000        6.000        2.000
   340:        4.000       22.000       24.000       12.000       19.000
   345:       11.000        2.000        4.000       22.000       24.000
   350:       12.000       19.000       11.000        6.000        2.000
   355:        4.000       22.000       24.000       12.000       19.000
   360:       11.000        2.000        4.000       22.000       24.000
   365:       12.000       19.000       11.000        6.000        6.000
   370:        6.000        1.000        2.000        4.000       22.000
   375:       24.000       12.000       21.000       22.000       19.000
   380:       11.000        6.000        2.000        4.000       22.000
   385:       24.000       12.000       19.000       11.000        1.000
   390:        1.000        1.000        6.000        6.000        6.000
   395:        2.000        4.000       22.000       24.000       12.000
   400:       19.000       11.000        2.000        4.000       22.000
   405:       24.000       12.000       19.000       11.000        6.000
   410:        6.000        6.000        6.000        6.000        2.000
   415:        4.000       22.000       24.000       12.000       21.000
   420:       22.000       21.000       22.000       21.000       22.000
   425:       19.000       11.000        2.000        4.000       22.000
   430:       24.000       12.000       21.000       22.000       21.000
   435:       22.000       21.000       22.000       21.000       22.000
   440:       21.000       22.000       21.000       22.000       21.000
   445:       22.000       21.000       22.000       21.000       22.000
   450:       19.000       11.000        2.000        4.000       22.000
   455:       24.000       12.000       21.000       22.000       21.000
   460:       22.000       21.000       22.000       21.000       22.000
   465:       19.000       11.000        2.000        4.000       22.000
   470:       24.000       12.000       21.000       22.000       21.000
   475:       22.000       21.000       22.000       21.000       22.000
   480:       21.000       22.000       21.000       22.000       19.000
   485:       11.000        2.000        4.000       22.000       24.000
   490:       12.000       19.000       11.000        1.000        1.000
   495:        2.000        4.000       22.000       24.000       12.000
   500:       19.000       11.000        2.000        4.000       22.000
   505:       24.000       12.000       19.000       11.000        6.000
   510:        6.000        6.000        6.000        6.000        6.000
   515:        6.000        6.000        6.000        6.000        6.000
   520:        6.000        6.000        6.000        6.000        6.000
   525:        6.000        6.000        6.000        6.000        6.000
   530:        6.000        6.000        6.000        6.000        6.000
   535:        6.000        6.000        6.000        6.000        6.000
   540:        6.000        6.000        6.000        6.000        6.000
   545:        6.000        6.000        6.000        6.000        6.000
   550:        6.000        6.000        6.000        6.000        6.000
   555:        6.000        6.000        6.000        6.000        6.000
   560:        6.000        6.000        6.000        6.000        6.000
   565:        6.000        6.000        6.000        6.000        6.000
   570:        6.000        6.000        6.000        6.000        6.000
   575:        6.000        6.000        6.000        6.000        6.000
   580:        6.000        6.000        6.000        6.000        6.000
   585:        6.000        6.000        6.000        2.000        4.000
   590:       22.000       24.000       12.000        6.000       19.000
   595:       11.000        6.000        6.000        6.000        6.000
   600:        6.000        6.000        6.000        6.000        6.000
   605:        6.000        6.000        6.000      100.000
T:
     0:        0.000        0.000        0.000        0.000        5.340
     5:       63.880       69.800       70.000       72.670       73.620
    10:       78.310      243.660      278.580      278.580      278.580
    15:      278.590      278.590      278.830      278.830      280.680
    20:      280.680      288.470      288.580      288.590      288.800
    25:      289.130      290.230      292.210      327.990      327.990
    30:      327.990      328.000      328.000      328.840      328.840
    35:      337.990      338.000      372.460      373.060      402.370
    40:      402.370      402.370      402.380      402.380      412.370
    45:      412.380      478.140      478.140      478.140      478.150
    50:      478.150      488.140      488.150      866.820      866.820
    55:      866.820      866.830      866.830      876.820      876.830
    60:      926.710      950.890      950.890      950.890      950.900
    65:      950.900      957.010      957.070      960.890      960.900
    70:     1021.360     1050.060     1050.060     1050.060     1050.070
    75:     1050.070     1060.060     1060.070     1127.880     1130.870
    80:     1156.880     1157.690     1158.590     1163.510     1163.510
    85:     1163.510     1163.520     1163.520     1173.510     1173.520
    90:     1386.880     1467.200     1557.440     1557.920     1558.950
    95:     1568.030     1568.470     1570.470     1646.690     1650.970
   100:     1650.970     1650.970     1650.980     1650.980     1658.560
   105:     1658.910     1660.070     1660.730     1660.970     1660.980
   110:     1665.920     1665.920     1665.920     1665.930     1665.930
   115:     1675.920     1675.930     1700.050     1720.010     1721.330
   120:     1727.900     1741.030     2002.550     2007.860     2008.630
   125:     2008.770     2136.280     2457.980     2458.130     2458.540
   130:     2581.730     2591.770     2591.770     2591.770     2591.780
   135:     2591.780     2601.770     2601.780     2788.870     2790.490
   140:     2943.400     2990.480     3107.540     3370.270     3431.030
   145:     3497.540     3501.710     3546.670     3548.640     3559.780
   150:     3596.550     3596.550     3596.550     3596.560     3596.560
   155:     3606.550     3606.560     3614.080     3614.080     3614.080
   160:     3614.090     3614.090     3614.710     3614.710     3624.080
   165:     3624.090     3730.260     3730.650     3736.560     3757.110
   170:     3757.110     3757.110     3757.120     3757.120     3765.800
   175:     3766.380     3767.110     3767.120     3777.170     3777.170
   180:     3777.170     3777.180     3777.180     3787.170     3787.180
   185:     3804.360     3805.350     3806.950     3807.940     3885.640
   190:     3885.640     3885.640     3885.650     3885.650     3895.640
   195:     3895.650     4001.620     4138.410     4138.410     4138.410
   200:     4138.420     4138.420     4148.410     4148.420     4265.150
   205:     4265.150     4265.150     4265.160     4265.160     4275.150
   210:     4275.160     4309.290     4563.960     4563.960     4563.960
   215:     4563.970     4563.970     4565.940     4569.660     4573.960
   220:     4573.970     4574.190     4647.180     4647.180     4647.180
   225:     4647.190     4647.190     4647.840     4647.840     4657.180
   230:     4657.190     4691.330     4828.790     4829.980     5050.760
   235:     5050.760     5050.760     5050.770     5050.770     5060.760
   240:     5060.770     5172.590     5172.800     5429.690     5437.060
   245:     5445.800     5460.670     5460.930     5461.940     5839.600
   250:     5840.060     5841.010     5845.980     5847.880     5850.230
   255:     5861.470     5861.470     5861.470     5861.480     5861.480
   260:     5871.470     5871.480     5907.310     5910.040     5955.090
   265:     5955.090     5955.090     5955.100     5955.100     5956.300
   270:     5956.300     5958.670     5958.670     5959.100     5959.100
   275:     5965.090     5965.100     5976.740     5977.220     5984.240
   280:     5984.240     5984.240     5984.250     5984.250     5994.240
   285:     5994.250     6123.530     6124.870     6125.800     6128.370
   290:     6129.440     6152.170     6177.500     6179.140     6179.980
   295:     6180.080     6180.420     6180.580     6181.000     6181.180
   300:     6181.350     6181.510     6181.660     6181.780     6181.910
   305:     6182.590     6182.800     6182.960     6183.070     6183.520
   310:     6184.630     6186.430     6186.960     6187.270     6187.880
   315:     6188.000     6189.630     6190.740     6195.090     6196.870
   320:     6507.780     6508.230     6851.490     6855.360     6857.670
   325:     6857.810     6858.270     6858.330     6858.410     6858.610
   330:     6858.690     6858.790     6858.880     6858.980     6859.090
   335:     6859.230     6859.280     6859.700     6859.800     6975.000
   340:     6975.000     6975.000     6975.010     6975.010     6985.000
   345:     6985.010     7006.490     7006.490     7006.490     7006.500
   350:     7006.500     7016.490     7016.500     7783.170     7785.190
   355:     7785.190     7785.190     7785.200     7785.200     7795.190
   360:     7795.200     7995.230     7995.230     7995.230     7995.240
   365:     7995.240     8005.230     8005.240     8274.890     8299.040
   370:     8299.340     8390.370     8628.550     8628.550     8628.550
   375:     8628.560     8628.560     8630.850     8630.850     8638.550
   380:     8638.560     9000.080     9345.820     9345.820     9345.820
   385:     9345.830     9345.830     9355.820     9355.830     9557.160
   390:     9558.880     9562.670     9657.340     9657.360     9657.900
   395:     9662.870     9662.870     9662.870     9662.880     9662.880
   400:     9672.870     9672.880    10028.600    10028.600    10028.600
   405:    10028.610    10028.610    10038.600    10038.610    10064.550
   410:    10074.000    10083.190    10083.240    10125.110    10135.590
   415:    10135.590    10135.590    10135.600    10135.600    10135.640
   420:    10135.640    10136.610    10136.610    10140.530    10140.530
   425:    10145.590    10145.600    10151.240    10151.240    10151.240
   430:    10151.250    10151.250    10151.870    10151.870    10152.830
   435:    10152.830    10153.950    10153.950    10154.790    10154.790
   440:    10154.880    10154.880    10155.970    10155.970    10156.320
   445:    10156.320    10156.780    10156.780    10157.140    10157.140
   450:    10161.240    10161.250    10170.230    10170.230    10170.230
   455:    10170.240    10170.240    10172.060    10172.060    10175.730
   460:    10175.730    10179.930    10179.930    10180.050    10180.050
   465:    10180.230    10180.240    10180.250    10180.250    10180.250
   470:    10180.260    10180.260    10181.970    10181.970    10183.100
   475:    10183.100    10183.310    10183.310    10183.370    10183.370
   480:    10183.970    10183.970    10184.460    10184.460    10190.250
   485:    10190.260    10204.750    10204.750    10204.750    10204.760
   490:    10204.760    10214.750    10214.760    10290.540    10290.940
   495:    10358.120    10358.120    10358.120    10358.130    10358.130
   500:    10368.120    10368.130    10369.200    10369.200    10369.200
   505:    10369.210    10369.210    10379.200    10379.210    10457.460
   510:    10459.830    10461.080    10461.640    10462.930    10463.920
   515:    10467.380    10467.480    10468.310    10468.570    10469.500
   520:    10469.690    10471.160    10473.970    10474.580    10477.550
   525:    10480.150    10483.370    10490.210    10490.330    10491.090
   530:    10492.080    10493.180    10495.960    10497.010    10499.480
   535:    10500.720    10504.930    10505.660    10511.410    10517.400
   540:    10518.870    10519.540    10519.910    10524.260    10528.920
   545:    10529.060    10529.790    10531.570    10540.530    10541.710
   550:    10543.210    10543.690    10544.650    10546.750    10546.960
   555:    10548.410    10549.150    10555.280    10555.600    10557.670
   560:    10558.310    10562.150    10562.340    10563.640    10568.560
   565:    10569.940    10573.700    10577.610    10577.650    10579.620
   570:    10580.060    10581.500    10583.580    10583.770    10585.160
   575:    10588.200    10595.370    10595.770    10596.030    10597.230
   580:    10597.470    10598.960    10600.240    10601.560    10603.890
   585:    10604.510    10605.700    10609.620    10694.620    10694.620
   590:    10694.620    10694.630    10694.630    10695.860    10704.620
   595:    10704.630    10754.880    10755.260    10756.240    10756.950
   600:    10764.880    10766.340    10767.590    10768.010    10768.430
   605:    10769.060    10770.800    10771.510    10800.000
