File: C:\MED-PC\Data\2025-03-06_12h28m_Subject 82.txt


Start Date: 03/06/25
End Date: 03/06/25
Subject: 82
Experiment: OralFentSA
Group: One
Box: 10
Start Time: 12:28:15
End Time: 15:28:23
MSN: 20241014_Golden_Liq_SelfAdmin
F:       0.000
G:     889.000
H:   10800.000
I:       0.000
J:       0.000
K:       0.000
L:       0.000
M:       0.000
N:       0.000
O:       0.000
P:       0.000
Q:       0.000
R:       0.000
S:       0.000
U:       0.000
V:       0.000
W:       0.000
X:       0.000
Y:       0.000
Z:       0.000
A:
     0:        0.000        0.000      180.000        4.000        0.000
     5:        5.000        0.000        5.000        0.000        0.000
    10:        1.000        0.000       10.000     2400.000       20.000
    15:        4.000      640.000        0.000        0.000        0.000
    20:        0.000
B:
     0:        0.000        0.000        0.000      400.000        0.000
     5:      500.000        0.000      500.000        0.000        0.000
    10:        0.000        0.000     1000.000   240000.000        0.000
    15:        0.000        0.000        0.000        0.000        0.000
    20:        0.000
C:
     0:       23.000       24.000       17.000       46.000      500.000
     5:    10595.000       63.450       17.000      257.160       15.127
    10:       46.000       17.000        3.000        0.000        0.000
    15:        0.000        0.000        0.000        0.000        0.000
    20:        0.000
D:
     0:        3.250       11.250       45.030        7.360        2.130
     5:       39.990        4.350       10.100        8.060       12.400
    10:        2.100        4.810       16.120        8.460        3.900
    15:       14.400       63.450
E:
     0:       19.000       11.000       26.000       27.000        6.000
     5:        6.000        6.000        6.000        6.000        6.000
    10:        6.000        6.000        6.000        2.000        4.000
    15:       22.000       24.000       12.000       13.000        8.000
    20:        5.000       17.000        6.000       18.000       14.000
    25:       10.000        6.000       19.000       11.000        6.000
    30:        6.000        6.000        6.000        2.000        4.000
    35:       22.000       24.000       12.000       13.000        8.000
    40:        5.000       17.000       21.000       22.000       21.000
    45:       22.000       18.000       14.000       10.000       19.000
    50:       11.000        2.000        4.000       22.000       24.000
    55:       12.000       13.000        8.000        5.000       17.000
    60:       18.000       14.000       10.000       20.000       20.000
    65:       19.000       11.000        6.000        6.000        6.000
    70:        1.000        2.000        4.000       22.000       24.000
    75:       12.000       13.000        8.000        5.000       17.000
    80:       18.000       14.000       10.000       19.000       11.000
    85:        1.000        6.000        6.000        6.000        6.000
    90:        6.000        6.000        6.000        6.000        6.000
    95:        6.000        6.000        6.000        6.000        6.000
   100:        6.000        6.000        6.000        6.000        6.000
   105:        6.000        6.000        1.000        1.000        1.000
   110:        1.000        1.000        6.000        6.000        6.000
   115:        6.000        6.000        6.000        6.000        6.000
   120:        6.000        6.000        6.000        6.000        6.000
   125:        6.000        6.000        6.000        6.000        6.000
   130:        6.000        6.000        6.000        6.000        6.000
   135:        2.000        4.000       22.000       24.000       12.000
   140:       13.000        8.000        5.000       17.000       21.000
   145:       22.000       21.000       22.000       18.000       14.000
   150:       10.000        6.000       19.000       11.000        6.000
   155:        6.000        6.000        6.000        6.000        6.000
   160:        6.000        6.000        6.000        6.000        6.000
   165:        6.000        6.000        6.000        6.000        6.000
   170:        6.000        6.000        6.000        6.000        6.000
   175:        6.000        6.000        2.000        4.000       22.000
   180:       24.000       12.000       13.000        8.000        5.000
   185:       17.000        6.000       18.000       14.000       10.000
   190:        6.000       19.000       11.000        6.000        6.000
   195:        6.000        1.000        1.000        1.000        6.000
   200:        6.000        6.000        6.000        6.000        6.000
   205:        6.000        6.000        6.000        6.000        6.000
   210:        6.000        6.000        6.000        6.000        6.000
   215:        6.000        6.000        6.000        6.000        6.000
   220:        6.000        6.000        6.000        6.000        6.000
   225:        6.000        6.000        6.000        6.000        6.000
   230:        6.000        6.000        6.000        6.000        6.000
   235:        6.000        6.000        6.000        6.000        6.000
   240:        6.000        6.000        6.000        6.000        6.000
   245:        6.000        6.000        6.000        6.000        6.000
   250:        6.000        6.000        6.000        6.000        6.000
   255:        6.000        6.000        2.000        4.000       22.000
   260:       24.000       12.000       13.000        8.000        5.000
   265:       17.000       18.000       14.000       10.000       19.000
   270:       11.000        6.000        6.000        6.000        6.000
   275:        6.000        6.000        6.000        6.000        6.000
   280:        6.000        6.000        6.000        6.000        6.000
   285:        6.000        6.000        6.000        6.000        2.000
   290:        4.000       22.000       24.000       12.000       13.000
   295:        8.000        5.000       17.000       18.000        6.000
   300:       14.000       10.000       19.000       11.000        6.000
   305:        6.000        6.000        6.000        1.000        6.000
   310:        6.000        6.000        6.000        6.000        6.000
   315:        6.000        6.000        6.000        6.000        6.000
   320:        6.000        6.000        6.000        6.000        6.000
   325:        6.000        6.000        6.000        6.000        6.000
   330:        6.000        6.000        6.000        1.000        6.000
   335:        6.000        6.000        6.000        6.000        2.000
   340:        4.000       22.000       24.000       12.000       13.000
   345:        8.000        5.000       17.000       18.000       14.000
   350:       10.000       19.000       11.000        6.000        6.000
   355:        6.000        6.000        6.000        6.000        6.000
   360:        6.000        6.000        6.000        6.000        6.000
   365:        6.000        6.000        6.000        6.000        6.000
   370:        6.000        6.000        6.000        6.000        6.000
   375:       30.000       24.000       12.000       13.000        8.000
   380:        5.000       17.000       18.000       14.000       10.000
   385:        6.000       19.000       11.000        6.000        6.000
   390:        6.000        6.000        6.000        6.000        6.000
   395:        6.000        6.000        6.000        6.000        6.000
   400:        6.000        6.000        6.000        6.000        6.000
   405:        6.000        6.000        6.000        6.000        6.000
   410:        6.000       30.000       24.000       12.000       13.000
   415:        8.000        5.000       17.000       18.000       14.000
   420:       10.000       19.000       11.000       30.000       24.000
   425:       12.000       13.000        8.000        5.000       17.000
   430:       18.000       14.000       10.000       19.000       11.000
   435:        2.000        4.000       22.000       24.000       12.000
   440:       13.000        8.000        5.000       17.000       21.000
   445:       22.000       21.000       22.000       21.000       22.000
   450:       18.000       14.000       10.000       21.000       22.000
   455:       21.000       22.000       19.000       11.000        2.000
   460:        4.000       22.000       24.000       12.000       13.000
   465:        8.000        5.000       17.000       21.000       22.000
   470:       21.000       22.000       21.000       22.000       18.000
   475:       14.000       10.000       19.000       11.000        2.000
   480:        4.000       22.000       24.000       12.000       13.000
   485:        8.000        5.000       17.000       21.000       22.000
   490:       21.000       22.000       21.000       22.000       21.000
   495:       22.000       18.000       14.000       10.000       19.000
   500:       11.000        2.000        4.000       22.000       24.000
   505:       12.000       13.000        8.000        5.000       17.000
   510:       21.000       22.000       18.000       14.000       10.000
   515:       19.000       11.000        6.000        6.000        6.000
   520:        6.000        6.000        6.000        6.000        6.000
   525:        6.000        6.000        6.000        6.000        6.000
   530:        6.000        6.000        6.000        6.000        6.000
   535:        6.000        6.000        6.000        6.000        2.000
   540:        4.000       22.000       24.000       12.000       13.000
   545:        8.000        5.000       17.000        6.000       18.000
   550:       14.000       10.000        6.000       19.000       11.000
   555:        6.000        6.000        6.000        6.000        6.000
   560:        6.000        6.000        6.000        6.000        6.000
   565:        6.000        6.000        6.000        6.000        6.000
   570:        6.000        6.000        6.000        6.000        6.000
   575:        6.000        6.000        6.000        6.000        6.000
   580:        6.000        6.000        6.000        6.000        6.000
   585:        6.000        6.000        6.000        6.000        6.000
   590:        6.000        6.000        6.000        6.000        6.000
   595:        6.000        6.000        6.000        6.000        6.000
   600:        6.000        6.000        6.000        6.000        6.000
   605:        6.000        6.000        6.000        6.000        6.000
   610:        6.000        6.000        6.000        6.000        6.000
   615:        6.000        6.000        6.000        6.000        6.000
   620:        6.000        6.000        6.000        6.000        6.000
   625:        6.000        6.000        6.000        6.000        6.000
   630:        6.000        6.000        6.000        6.000        6.000
   635:        6.000        2.000        4.000       22.000       24.000
   640:       12.000       13.000        8.000        5.000       17.000
   645:       21.000       22.000       21.000       22.000       21.000
   650:       22.000       18.000        6.000       14.000       10.000
   655:        6.000        6.000       19.000       11.000        6.000
   660:        6.000        6.000        6.000        1.000        6.000
   665:        6.000        6.000        6.000        6.000        6.000
   670:        6.000        6.000        6.000        6.000        6.000
   675:        6.000        6.000        6.000        6.000        6.000
   680:        6.000        6.000        6.000        6.000        6.000
   685:        6.000        6.000        6.000        6.000        6.000
   690:        6.000        6.000        6.000        6.000        6.000
   695:        6.000        6.000        6.000        6.000        6.000
   700:        6.000        6.000        6.000        6.000        6.000
   705:        6.000        6.000        6.000        6.000        6.000
   710:        2.000        4.000       22.000       24.000       12.000
   715:       13.000        8.000        5.000       17.000       18.000
   720:       14.000       10.000       19.000       11.000        6.000
   725:        6.000        6.000        6.000        6.000        6.000
   730:        6.000        2.000        4.000       22.000       24.000
   735:       12.000       13.000        8.000        5.000       17.000
   740:       18.000       14.000       10.000       21.000       22.000
   745:        6.000       19.000       11.000        6.000        6.000
   750:        6.000        6.000        6.000        6.000        6.000
   755:        6.000        6.000        6.000        6.000        6.000
   760:        6.000        6.000        6.000        6.000        6.000
   765:        6.000        6.000        6.000        6.000        6.000
   770:        6.000        6.000        6.000        6.000        6.000
   775:        6.000        6.000        6.000        6.000        6.000
   780:        6.000        6.000        6.000        6.000        6.000
   785:        6.000        6.000        6.000        6.000        6.000
   790:        6.000        6.000        6.000        6.000        2.000
   795:        4.000       22.000       24.000       12.000       13.000
   800:        8.000        5.000       17.000        6.000       18.000
   805:       14.000       10.000       19.000       11.000        6.000
   810:        6.000        6.000        6.000        6.000        6.000
   815:        2.000        4.000       22.000       24.000       12.000
   820:       13.000        8.000        5.000       17.000       18.000
   825:       21.000       22.000       14.000       10.000       21.000
   830:       22.000       21.000       22.000       21.000       22.000
   835:       19.000       11.000        6.000        6.000        6.000
   840:        6.000        6.000        6.000        6.000        6.000
   845:        6.000        6.000        6.000        6.000        6.000
   850:        6.000        6.000        6.000        6.000        2.000
   855:        4.000       22.000       24.000       12.000       13.000
   860:        8.000        5.000       17.000       21.000       22.000
   865:       18.000       14.000       10.000       19.000       11.000
   870:        6.000        6.000        6.000        6.000        6.000
   875:        6.000        6.000        6.000        6.000        6.000
   880:        6.000        6.000        6.000        6.000        1.000
   885:        1.000        6.000        6.000        6.000      100.000
T:
     0:        0.000        0.000        0.000        0.000       36.740
     5:       37.030       37.280       37.640       38.270       94.820
    10:      149.560      155.190      155.400      159.190      159.190
    15:      159.190      159.200      159.200      159.200      159.200
    20:      159.200      159.200      162.450      163.200      164.200
    25:      164.200      168.540      169.190      169.200      173.530
    30:      175.690      189.730      197.240      202.230      202.230
    35:      202.230      202.240      202.240      202.240      202.240
    40:      202.240      202.240      202.690      202.690      202.990
    45:      202.990      206.240      207.240      207.240      212.230
    50:      212.240      217.110      217.110      217.110      217.120
    55:      217.120      217.120      217.120      217.120      217.120
    60:      221.120      222.120      222.120      223.110      224.310
    65:      227.110      227.120      228.370      230.770      231.560
    70:      240.840      249.350      249.350      249.350      249.360
    75:      249.360      249.360      249.360      249.360      249.360
    80:      253.360      254.360      254.360      259.350      259.360
    85:      291.740      294.390      297.020      328.750      345.400
    90:      345.470      345.570      372.160      372.410      376.550
    95:      380.250      383.050      384.590      388.980      390.660
   100:      393.940      395.260      403.240      408.010      408.080
   105:      410.010      438.020      443.360      444.040      445.440
   110:      446.050      447.340      490.590      490.740      491.650
   115:      496.430      510.060      516.010      519.020      520.230
   120:      526.420      527.150      529.770      535.250      545.530
   125:      547.440      548.850      549.080      656.920      657.070
   130:      658.610      660.790      661.950      662.410      664.810
   135:      705.140      705.140      705.140      705.150      705.150
   140:      705.150      705.150      705.150      705.150      705.580
   145:      705.580      706.050      706.050      709.150      710.150
   150:      710.150      712.510      715.140      715.150      716.450
   155:      755.710      755.870     1020.490     1020.640     1021.200
   160:     1063.660     1063.970     1165.540     1166.690     1166.840
   165:     1168.400     1207.330     1207.460     1368.660     1408.820
   170:     1408.970     1409.050     1409.440     1410.360     1448.420
   175:     1449.430     1449.570     1481.180     1481.180     1481.180
   180:     1481.190     1481.190     1481.190     1481.190     1481.190
   185:     1481.190     1483.320     1485.190     1486.190     1486.190
   190:     1488.320     1491.180     1491.190     1505.320     1517.980
   195:     1518.170     1584.210     1586.650     1587.070     1619.270
   200:     1624.800     1641.280     1641.300     1655.750     1657.020
   205:     1657.440     1733.080     1737.790     1738.630     1745.530
   210:     1745.580     1747.250     1750.660     1756.840     1756.900
   215:     1767.620     1772.670     1773.790     1774.720     2272.630
   220:     2272.730     2273.480     2273.700     2278.810     2279.230
   225:     2287.610     2288.080     2288.760     2291.730     2293.640
   230:     2295.530     2297.450     2297.620     2298.100     2299.650
   235:     2301.100     2301.670     2302.910     2305.810     2387.420
   240:     2394.380     2491.620     2492.870     2502.450     2503.370
   245:     2508.470     2509.250     2524.870     2544.960     2545.190
   250:     2545.650     2545.860     2546.070     2547.300     2560.410
   255:     2560.540     2561.180     2579.560     2579.560     2579.560
   260:     2579.570     2579.570     2579.570     2579.570     2579.570
   265:     2579.570     2583.570     2584.570     2584.570     2589.560
   270:     2589.570     2619.560     2623.760     2625.640     2626.160
   275:     2629.610     2629.830     2631.630     2631.800     2634.380
   280:     2634.470     2636.100     2638.740     2639.270     2640.680
   285:     2650.460     2660.100     2660.660     2660.700     2668.320
   290:     2668.320     2668.320     2668.330     2668.330     2668.330
   295:     2668.330     2668.330     2668.330     2672.330     2672.680
   300:     2673.330     2673.330     2678.320     2678.330     2703.320
   305:     2719.530     2720.270     2720.370     2773.760     2797.170
   310:     2798.230     2799.780     2802.000     2828.120     2828.160
   315:     3765.780     3766.820     3770.460     3770.630     3772.070
   320:     3774.460     3774.840     3776.620     3777.820     3778.300
   325:     3778.590     3779.870     3788.450     3790.120     3797.890
   330:     3800.780     4021.880     4024.740     4033.990     4059.170
   335:     4059.690     4060.950     4199.950     4200.050     4213.380
   340:     4213.380     4213.380     4213.390     4213.390     4213.390
   345:     4213.390     4213.390     4213.390     4217.390     4218.390
   350:     4218.390     4223.380     4223.390     4223.490     4229.190
   355:     4230.360     4258.180     4286.000     4293.150     4293.450
   360:     4321.260     4322.100     4343.010     4343.150     4343.550
   365:     4347.850     4348.190     4349.350     4352.210     4354.730
   370:     4494.580     4495.620     4495.680     4495.860     4550.560
   375:     4553.840     4553.840     4553.840     4553.840     4553.840
   380:     4553.840     4553.840     4557.840     4558.840     4558.840
   385:     4561.900     4563.830     4563.840     4566.240     4566.290
   390:     4566.410     4568.180     4570.020     4571.830     4572.420
   395:     4589.930     4596.320     4596.940     4598.030     4598.050
   400:     4599.130     4600.150     4605.100     4605.180     4607.180
   405:     4608.540     4609.150     4610.040     4610.070     4613.080
   410:     4613.180     4727.980     4727.980     4727.980     4727.980
   415:     4727.980     4727.980     4727.980     4731.980     4732.980
   420:     4732.980     4737.970     4737.980     4827.090     4827.090
   425:     4827.090     4827.090     4827.090     4827.090     4827.090
   430:     4831.090     4832.090     4832.090     4837.080     4837.090
   435:     4884.420     4884.420     4884.420     4884.430     4884.430
   440:     4884.430     4884.430     4884.430     4884.430     4885.140
   445:     4885.140     4885.420     4885.420     4885.670     4885.670
   450:     4888.430     4889.430     4889.430     4893.240     4893.240
   455:     4894.070     4894.070     4894.420     4894.430     4894.810
   460:     4894.810     4894.810     4894.820     4894.820     4894.820
   465:     4894.820     4894.820     4894.820     4895.490     4895.490
   470:     4896.000     4896.000     4896.480     4896.480     4898.820
   475:     4899.820     4899.820     4904.810     4904.820     4905.900
   480:     4905.900     4905.900     4905.910     4905.910     4905.910
   485:     4905.910     4905.910     4905.910     4906.420     4906.420
   490:     4906.890     4906.890     4907.390     4907.390     4907.870
   495:     4907.870     4909.910     4910.910     4910.910     4915.900
   500:     4915.910     4919.870     4919.870     4919.870     4919.880
   505:     4919.880     4919.880     4919.880     4919.880     4919.880
   510:     4920.520     4920.520     4923.880     4924.880     4924.880
   515:     4929.870     4929.880     4932.280     4965.690     4966.150
   520:     4966.650     4988.200     4988.830     4993.540     5003.180
   525:     5003.360     5003.920     5004.190     6441.710     6446.830
   530:     6446.990     6447.060     6447.630     6450.030     6450.430
   535:     6450.630     6457.520     6458.990     6460.050     6475.270
   540:     6475.270     6475.270     6475.280     6475.280     6475.280
   545:     6475.280     6475.280     6475.280     6477.380     6479.280
   550:     6480.280     6480.280     6485.200     6485.270     6485.280
   555:     6485.280     6485.420     6487.390     6488.880     6492.900
   560:     6493.530     6530.910     6533.540     6533.620     6533.710
   565:     6534.320     6555.430     6567.930     6572.050     6572.130
   570:     6572.240     6572.850     6572.960     6573.270     6626.830
   575:     6631.930     6632.000     6656.620     6661.020     6668.710
   580:     6669.640     6678.150     6684.670     7309.240     7459.940
   585:     7968.900     7969.210     7969.560     7970.340     7987.300
   590:     7990.260     7990.380     7991.290     7991.720     7992.160
   595:     8057.960     8058.980     8059.540     8127.940     8142.100
   600:     8142.240     8159.920     8160.940     8161.300     8161.380
   605:     8161.670     8176.690     8177.420     8245.360     8245.390
   610:     8247.020     8248.280     8249.700     8369.550     8369.600
   615:     8370.310     8370.540     8370.680     8371.530     8371.670
   620:     8388.060     8388.330     8389.610     8390.450     8390.690
   625:     8395.640     8395.800     8405.140     8406.050     8410.630
   630:     8481.990     8482.620     8483.940     8486.210     8486.240
   635:     8486.450     8500.490     8500.490     8500.490     8500.500
   640:     8500.500     8500.500     8500.500     8500.500     8500.500
   645:     8501.240     8501.240     8502.300     8502.300     8503.000
   650:     8503.000     8504.500     8505.310     8505.500     8505.500
   655:     8509.450     8509.590     8510.490     8510.500     8513.060
   660:     8517.150     8519.920     8520.490     8585.400     8601.050
   665:     8601.190     8625.460     8625.500     8625.870     8626.340
   670:     8627.560     8630.640     8631.830     8633.040     8658.790
   675:     8658.910     8659.650     8671.720     8671.890     8672.000
   680:     8673.010     8722.630     8731.170     8779.560     8779.840
   685:     8779.940     8780.210     8812.060     8813.360     8815.640
   690:     8815.670     8817.860     8817.950     8823.750     8824.870
   695:     9266.230     9267.130     9270.570     9279.390     9279.780
   700:     9590.560     9591.220     9591.380     9591.630     9591.700
   705:    10087.020    10091.330    10091.510    10093.150    10094.370
   710:    10120.950    10120.950    10120.950    10120.960    10120.960
   715:    10120.960    10120.960    10120.960    10120.960    10124.960
   720:    10125.960    10125.960    10130.950    10130.960    10137.080
   725:    10140.890    10141.870    10142.000    10144.650    10145.820
   730:    10150.850    10177.970    10177.970    10177.970    10177.980
   735:    10177.980    10177.980    10177.980    10177.980    10177.980
   740:    10181.980    10182.980    10182.980    10184.280    10184.280
   745:    10186.440    10187.970    10187.980    10197.820    10198.390
   750:    10200.710    10201.490    10254.050    10324.000    10324.450
   755:    10335.410    10336.810    10339.250    10339.410    10339.720
   760:    10340.600    10341.630    10344.460    10347.610    10348.150
   765:    10348.830    10349.890    10352.540    10354.310    10358.850
   770:    10358.980    10359.980    10361.100    10363.800    10364.490
   775:    10372.310    10373.070    10376.790    10377.350    10378.760
   780:    10378.930    10381.500    10383.370    10384.480    10385.360
   785:    10386.300    10386.520    10387.350    10388.890    10403.510
   790:    10403.720    10426.860    10427.310    10427.520    10436.220
   795:    10436.220    10436.220    10436.230    10436.230    10436.230
   800:    10436.230    10436.230    10436.230    10440.130    10440.230
   805:    10441.230    10441.230    10446.220    10446.230    10471.490
   810:    10471.620    10471.810    10471.970    10472.180    10474.040
   815:    10481.350    10481.350    10481.350    10481.360    10481.360
   820:    10481.360    10481.360    10481.360    10481.360    10485.360
   825:    10486.270    10486.270    10486.360    10486.360    10487.880
   830:    10487.880    10488.930    10488.930    10489.190    10489.190
   835:    10491.350    10491.360    10495.760    10499.570    10515.040
   840:    10520.110    10520.300    10522.310    10530.720    10531.490
   845:    10532.440    10541.830    10547.150    10547.950    10554.430
   850:    10554.500    10556.390    10581.060    10582.930    10594.990
   855:    10594.990    10594.990    10595.000    10595.000    10595.000
   860:    10595.000    10595.000    10595.000    10595.260    10595.260
   865:    10599.000    10600.000    10600.000    10604.990    10605.000
   870:    10658.450    10661.970    10663.520    10663.610    10664.530
   875:    10671.220    10676.330    10677.370    10680.900    10681.190
   880:    10685.370    10685.530    10692.490    10692.670    10772.010
   885:    10776.600    10796.810    10797.140    10797.450    10800.000
