File: C:\MED-PC\Data\2025-03-06_15h48m_Subject 90.txt


Start Date: 03/06/25
End Date: 03/06/25
Subject: 90
Experiment: OralFentSA
Group: One
Box: 7
Start Time: 15:48:38
End Time: 18:48:54
MSN: 20241014_Golden_Liq_SelfAdmin
F:       0.000
G:    1271.000
H:   10800.000
I:       0.000
J:       0.000
K:       0.000
L:       0.000
M:       0.000
N:       0.000
O:       0.000
P:       0.000
Q:       0.000
R:       0.000
S:       0.000
U:       0.000
V:       0.000
W:       0.000
X:       0.000
Y:       0.000
Z:       0.000
A:
     0:        0.000        0.000      180.000        4.000        0.000
     5:        5.000        0.000        5.000        0.000        0.000
    10:        1.000        0.000       10.000     2400.000       15.000
    15:        4.000      640.000        0.000        0.000        0.000
    20:        0.000
B:
     0:        0.000        0.000        0.000      400.000        0.000
     5:      500.000        0.000      500.000        0.000        0.000
    10:        0.000        0.000     1000.000   240000.000        0.000
    15:        0.000        0.000        0.000        0.000        0.000
    20:        0.000
C:
     0:       22.000       23.000        9.000       38.000      918.000
     5:    10587.790       14.880       22.000      249.300       11.332
    10:       38.000        9.000        2.000        0.000        0.000
    15:        0.000        0.000        0.000        0.000        0.000
    20:        0.000
D:
     0:       31.700        3.560       19.890       25.110        0.920
     5:       18.210       10.140       13.930       17.730        1.990
    10:       13.520        9.450        3.060        4.220        5.690
    15:       38.410        2.470        1.490        8.440        2.650
    20:        1.840       14.880
E:
     0:       19.000       11.000       26.000       27.000        6.000
     5:        6.000        6.000        6.000        6.000        1.000
    10:        2.000        4.000       22.000       24.000       12.000
    15:       13.000        8.000        5.000       17.000       18.000
    20:       14.000       10.000       19.000       11.000        1.000
    25:        6.000        6.000        6.000        6.000        6.000
    30:        6.000        6.000        6.000        6.000        6.000
    35:        6.000        2.000        4.000       22.000       24.000
    40:       12.000       13.000        8.000        5.000       17.000
    45:       21.000       22.000       21.000       22.000        6.000
    50:       18.000        6.000        6.000        6.000       14.000
    55:       10.000       19.000       11.000        1.000        6.000
    60:        6.000        6.000        6.000        2.000        4.000
    65:       22.000       24.000       12.000       13.000        8.000
    70:        5.000       17.000       18.000       14.000       10.000
    75:       20.000       19.000       11.000        6.000        6.000
    80:        6.000        6.000        2.000        4.000       22.000
    85:       24.000       12.000       13.000        8.000        5.000
    90:       17.000       18.000       14.000       10.000       19.000
    95:       11.000        6.000        6.000        6.000        6.000
   100:        6.000        6.000        6.000        6.000        6.000
   105:        6.000        6.000        6.000        6.000        6.000
   110:        6.000        6.000        6.000        6.000        6.000
   115:        6.000        2.000        4.000       22.000       24.000
   120:       12.000       13.000        8.000        5.000       17.000
   125:        6.000        6.000        6.000        6.000        6.000
   130:       18.000       14.000       10.000        6.000       19.000
   135:       11.000        6.000        6.000        6.000        6.000
   140:        6.000        6.000        6.000        6.000        6.000
   145:        6.000        6.000        6.000        6.000        6.000
   150:        6.000        6.000        6.000        6.000        6.000
   155:        6.000        6.000        6.000        6.000        6.000
   160:        6.000        6.000        6.000        6.000        6.000
   165:        6.000        6.000        6.000        6.000        6.000
   170:        6.000        6.000        6.000        6.000        6.000
   175:        6.000        6.000        6.000        6.000        6.000
   180:        6.000        6.000        6.000        6.000        6.000
   185:        6.000        6.000        6.000        6.000        6.000
   190:        6.000        6.000        6.000        6.000        6.000
   195:        6.000        6.000        6.000        6.000        6.000
   200:        6.000        6.000        6.000        6.000        6.000
   205:        6.000        6.000        6.000        2.000        4.000
   210:       22.000       24.000       12.000       13.000        8.000
   215:        5.000       17.000       18.000       14.000       10.000
   220:       19.000       11.000        6.000        6.000        6.000
   225:        6.000        6.000        6.000        6.000        6.000
   230:        6.000        6.000        6.000        6.000        6.000
   235:        6.000        6.000        6.000        6.000        6.000
   240:        6.000        6.000        6.000        6.000        6.000
   245:        6.000        6.000        6.000        6.000        6.000
   250:        6.000        6.000        6.000        6.000        6.000
   255:        6.000        6.000        6.000        6.000        6.000
   260:        6.000        6.000        6.000        6.000        6.000
   265:        6.000        6.000        6.000        6.000        6.000
   270:        6.000        6.000        6.000        6.000        6.000
   275:        6.000        6.000        6.000        6.000        6.000
   280:        6.000        6.000        6.000        6.000        6.000
   285:        6.000        6.000        6.000        6.000        6.000
   290:        6.000        6.000        6.000        6.000        6.000
   295:        6.000        6.000        6.000        6.000        6.000
   300:        6.000        6.000        6.000        6.000        6.000
   305:        6.000        6.000        6.000        6.000        6.000
   310:        6.000        6.000        6.000        6.000        6.000
   315:        6.000        6.000        6.000        6.000        6.000
   320:        6.000        6.000        6.000        6.000        6.000
   325:        6.000        6.000        6.000        6.000        6.000
   330:        6.000        6.000        6.000        6.000        6.000
   335:        6.000        6.000        6.000        6.000        6.000
   340:        6.000        6.000        6.000        6.000        6.000
   345:        6.000        6.000        6.000        6.000        6.000
   350:        6.000        6.000        6.000        6.000        6.000
   355:        6.000        6.000        6.000        6.000        6.000
   360:        6.000        6.000        6.000        6.000        6.000
   365:        6.000        6.000        6.000        6.000        6.000
   370:        6.000        2.000        4.000       22.000       24.000
   375:       12.000       13.000        8.000        5.000       17.000
   380:       21.000       22.000       18.000       14.000       10.000
   385:       19.000       11.000        6.000        6.000        6.000
   390:        6.000        6.000        6.000        6.000        6.000
   395:        6.000        6.000        6.000        6.000        1.000
   400:        1.000        6.000        6.000        6.000        2.000
   405:        4.000       22.000       24.000       12.000       13.000
   410:        8.000        5.000       17.000       21.000       22.000
   415:       21.000       22.000       18.000       14.000       10.000
   420:       19.000       11.000        6.000        6.000        6.000
   425:        6.000        6.000        6.000        6.000        6.000
   430:        6.000        6.000        6.000        6.000        6.000
   435:        6.000        6.000        6.000        6.000        6.000
   440:        6.000        6.000        6.000        6.000        6.000
   445:        6.000        6.000        6.000        6.000        6.000
   450:        6.000        6.000        6.000        6.000        6.000
   455:        6.000        6.000        6.000        6.000        6.000
   460:        6.000        6.000        6.000        6.000        6.000
   465:        6.000        6.000        6.000        6.000        6.000
   470:        6.000        6.000        6.000        6.000        6.000
   475:        6.000        6.000        6.000       30.000       24.000
   480:       12.000       13.000        8.000        5.000       17.000
   485:       18.000       14.000       10.000       19.000       11.000
   490:        6.000        6.000        6.000        6.000        6.000
   495:       30.000       24.000       12.000       13.000        8.000
   500:        5.000       17.000        6.000       18.000       14.000
   505:       10.000       19.000       11.000        6.000        6.000
   510:        6.000        6.000        6.000        6.000        6.000
   515:        6.000        6.000        6.000        6.000        6.000
   520:        6.000        6.000        6.000        6.000        6.000
   525:        6.000        6.000        6.000        6.000        6.000
   530:        6.000        6.000        6.000        6.000        6.000
   535:        6.000        6.000        6.000        6.000        6.000
   540:        6.000        6.000        6.000        6.000        6.000
   545:        6.000        6.000        6.000        6.000        6.000
   550:        6.000        6.000        6.000        6.000        6.000
   555:        6.000        6.000        6.000        6.000        6.000
   560:        2.000        4.000       22.000       24.000       12.000
   565:       13.000        8.000        5.000       17.000       18.000
   570:       14.000       10.000       21.000       22.000       21.000
   575:       22.000       19.000       11.000        6.000        6.000
   580:        6.000        6.000        6.000        6.000        6.000
   585:        6.000        6.000        6.000        6.000        6.000
   590:        6.000        6.000        6.000        6.000        6.000
   595:        6.000        6.000        6.000        6.000        6.000
   600:        6.000        6.000        6.000        6.000        6.000
   605:        6.000        6.000        6.000        6.000        6.000
   610:        6.000        6.000        6.000        6.000        6.000
   615:        6.000        6.000        6.000        6.000        6.000
   620:        6.000        6.000        6.000        6.000        6.000
   625:        6.000        6.000        6.000        6.000        6.000
   630:        6.000        6.000        6.000        6.000        6.000
   635:        6.000        6.000        6.000        6.000        6.000
   640:        6.000        6.000        6.000        6.000        6.000
   645:        6.000        6.000        6.000        6.000        6.000
   650:        6.000        6.000        6.000        6.000        6.000
   655:        6.000        6.000        6.000        6.000        6.000
   660:        6.000        6.000        6.000        6.000        6.000
   665:        6.000        6.000        6.000        6.000        6.000
   670:        6.000        2.000        4.000       22.000       24.000
   675:       12.000       13.000        8.000        5.000       17.000
   680:       18.000       14.000       10.000        6.000        6.000
   685:       19.000       11.000        6.000        6.000        6.000
   690:        6.000        6.000        6.000        6.000        6.000
   695:        6.000        6.000        6.000        6.000        6.000
   700:        6.000        6.000        6.000        6.000        6.000
   705:        6.000        6.000        6.000        6.000        6.000
   710:        6.000        6.000        6.000        6.000        6.000
   715:        6.000        6.000        6.000        6.000        6.000
   720:        6.000        6.000        6.000        6.000        6.000
   725:        6.000        6.000        6.000        6.000        6.000
   730:        6.000        6.000        6.000        2.000        4.000
   735:       22.000       24.000       12.000       13.000        8.000
   740:        5.000       17.000       21.000       22.000        6.000
   745:        6.000       18.000        6.000        6.000       14.000
   750:       10.000       19.000       11.000        6.000        6.000
   755:        6.000        6.000        6.000        6.000        6.000
   760:        6.000        6.000        6.000        6.000        6.000
   765:        6.000        6.000        6.000        6.000        6.000
   770:        6.000        6.000        6.000        6.000        6.000
   775:        6.000        6.000        6.000        6.000        6.000
   780:        6.000        6.000        6.000        6.000        6.000
   785:        6.000        6.000        6.000        6.000        6.000
   790:        6.000        6.000        6.000        6.000        6.000
   795:        6.000        6.000        6.000        6.000        6.000
   800:        6.000        2.000        4.000       22.000       24.000
   805:       12.000       13.000        8.000        5.000       17.000
   810:       18.000        6.000       14.000       10.000       19.000
   815:       11.000        6.000        6.000        6.000        6.000
   820:        6.000        6.000        6.000        2.000        4.000
   825:       22.000       24.000       12.000       13.000        8.000
   830:        5.000       17.000       21.000       22.000       21.000
   835:       22.000       18.000       21.000       22.000       14.000
   840:       10.000        6.000       21.000       22.000       21.000
   845:       22.000       19.000       11.000        2.000        4.000
   850:       22.000       24.000       12.000       13.000        8.000
   855:        5.000       17.000       21.000       22.000       21.000
   860:       22.000       18.000       14.000       10.000       19.000
   865:       11.000        6.000        6.000        6.000        6.000
   870:        6.000        6.000        6.000        6.000        6.000
   875:        6.000        6.000        6.000        6.000        6.000
   880:        6.000        6.000        6.000        6.000        6.000
   885:        6.000        6.000        6.000        6.000        6.000
   890:        6.000        6.000        6.000        6.000        6.000
   895:        6.000        6.000        6.000        6.000        6.000
   900:        6.000        6.000        6.000        6.000        6.000
   905:        6.000        6.000        6.000        6.000        6.000
   910:        6.000        6.000        6.000        6.000        6.000
   915:        6.000        6.000        6.000        6.000        6.000
   920:        6.000        6.000        6.000        6.000        6.000
   925:        6.000        6.000        6.000        6.000        6.000
   930:        6.000        6.000        6.000        2.000        4.000
   935:       22.000       24.000       12.000       13.000        8.000
   940:        5.000       17.000        6.000        6.000       18.000
   945:       14.000       10.000       19.000       11.000        6.000
   950:        6.000        6.000        6.000        6.000        6.000
   955:        6.000        6.000        6.000        2.000        4.000
   960:       22.000       24.000       12.000       13.000        8.000
   965:        5.000       17.000       21.000       22.000        6.000
   970:       18.000       14.000       10.000       19.000       11.000
   975:        6.000        6.000        6.000        6.000        6.000
   980:        6.000        6.000        6.000        6.000        6.000
   985:        6.000        6.000        6.000        6.000        6.000
   990:        6.000        6.000        6.000        1.000        1.000
   995:        6.000        6.000        6.000        6.000        6.000
  1000:        6.000        6.000        6.000        6.000        6.000
  1005:        6.000        2.000        4.000       22.000       24.000
  1010:       12.000       13.000        8.000        5.000       17.000
  1015:       21.000       22.000       21.000       22.000       18.000
  1020:       14.000       10.000        6.000       19.000       11.000
  1025:        6.000        6.000        6.000        6.000        6.000
  1030:        6.000        6.000        6.000        6.000        6.000
  1035:        6.000        6.000        6.000        6.000        6.000
  1040:        6.000        6.000        6.000        2.000        4.000
  1045:       22.000       24.000       12.000       13.000        8.000
  1050:        5.000       17.000        6.000        6.000       18.000
  1055:       14.000       10.000        6.000        6.000       19.000
  1060:       11.000        6.000        6.000        6.000        6.000
  1065:        6.000        6.000        6.000        6.000        6.000
  1070:        6.000        6.000        6.000        6.000        6.000
  1075:        6.000        6.000        6.000        6.000        6.000
  1080:        6.000        6.000        6.000        6.000        6.000
  1085:        6.000        6.000        6.000        6.000        6.000
  1090:        6.000        6.000        6.000        6.000        6.000
  1095:        6.000        6.000        6.000        6.000        6.000
  1100:        6.000        6.000        6.000        6.000        6.000
  1105:        6.000        6.000        6.000        6.000        6.000
  1110:        6.000        6.000        6.000        6.000        6.000
  1115:        6.000        6.000        6.000        6.000        6.000
  1120:        6.000        6.000        6.000        6.000        6.000
  1125:        6.000        6.000        6.000        6.000        1.000
  1130:        6.000        6.000        6.000        6.000        6.000
  1135:        6.000        6.000        6.000        6.000        6.000
  1140:        6.000        6.000        6.000        6.000        6.000
  1145:        6.000        6.000        6.000        6.000        6.000
  1150:        6.000        6.000        6.000        6.000        6.000
  1155:        6.000        6.000        6.000        6.000        6.000
  1160:        6.000        6.000        6.000        6.000        6.000
  1165:        6.000        6.000        6.000        6.000        6.000
  1170:        6.000        6.000        6.000        6.000        6.000
  1175:        6.000        6.000        6.000        6.000        6.000
  1180:        6.000        6.000        6.000        6.000        6.000
  1185:        6.000        6.000        6.000        6.000        6.000
  1190:        6.000        6.000        6.000        6.000        6.000
  1195:        6.000        6.000        6.000        6.000        6.000
  1200:        6.000        6.000        6.000        6.000        6.000
  1205:        6.000        6.000        6.000        6.000        6.000
  1210:        6.000        6.000        6.000        6.000        6.000
  1215:        6.000        6.000        6.000        6.000        6.000
  1220:        6.000        6.000        2.000        4.000       22.000
  1225:       24.000       12.000       13.000        8.000        5.000
  1230:       17.000        6.000        6.000       18.000        6.000
  1235:       14.000       10.000       19.000       11.000        6.000
  1240:        6.000        6.000        6.000        6.000        6.000
  1245:        6.000        6.000        6.000        2.000        4.000
  1250:       22.000       24.000       12.000       13.000        8.000
  1255:        5.000       17.000       18.000       14.000       10.000
  1260:       19.000       11.000        6.000        6.000        6.000
  1265:        6.000        6.000        6.000        6.000        6.000
  1270:        6.000      100.000
T:
     0:        0.000        0.000        0.000        0.000       13.230
     5:       18.220       18.950       22.560       22.850       33.620
    10:       38.820       38.820       38.820       38.830       38.830
    15:       38.830       38.830       38.830       38.830       42.830
    20:       43.830       43.830       48.820       48.830       49.750
    25:       70.530       73.200       73.370       77.600       79.610
    30:       81.390       93.210       96.560       96.790       96.920
    35:       98.210      108.300      108.300      108.300      108.310
    40:      108.310      108.310      108.310      108.310      108.310
    45:      109.210      109.210      109.820      109.820      111.870
    50:      112.310      112.750      112.860      112.910      113.310
    55:      113.310      118.300      118.310      132.440      137.670
    60:      175.370      177.340      191.050      193.050      193.050
    65:      193.050      193.060      193.060      193.060      193.060
    70:      193.060      193.060      197.060      198.060      198.060
    75:      200.510      203.050      203.060      212.950      274.320
    80:      283.540      303.820      306.370      306.370      306.370
    85:      306.380      306.380      306.380      306.380      306.380
    90:      306.380      310.380      311.380      311.380      316.370
    95:      316.380      331.490      362.980      365.610      367.000
   100:      367.030      367.280      367.830      368.150      368.340
   105:      370.790      371.010      371.790      372.550      372.620
   110:      373.130      374.900      375.100      375.200      378.520
   115:      378.680      383.250      383.250      383.250      383.260
   120:      383.260      383.260      383.260      383.260      383.260
   125:      384.180      384.700      384.880      384.920      385.080
   130:      387.260      388.260      388.260      392.340      393.250
   135:      393.260      393.280      400.810      419.360      419.600
   140:      428.130      431.810      432.420      438.950      440.000
   145:      444.180      444.990      445.130      445.310      446.720
   150:      446.750      446.790      447.310      448.150      448.220
   155:      448.450      448.470      451.620      451.770      452.070
   160:      457.960      458.040      458.160      473.290      476.660
   165:      476.850      476.900      477.450      489.190      500.940
   170:      502.790      502.850      503.420      503.450      503.560
   175:      517.030      517.250      519.700      520.870      521.070
   180:      523.760      524.520      524.540      524.610      525.140
   185:      528.080      549.220      672.300      753.300      985.480
   190:     1002.290     1008.440     1033.420     1075.260     1076.710
   195:     1097.000     1164.340     1222.770     1284.570     1304.260
   200:     1304.810     1304.870     1334.090     1334.250     1335.500
   205:     1362.470     1363.170     1412.340     1439.870     1439.870
   210:     1439.870     1439.880     1439.880     1439.880     1439.880
   215:     1439.880     1439.880     1443.880     1444.880     1444.880
   220:     1449.870     1449.880     1458.090     1458.270     1459.900
   225:     1480.650     1483.800     1484.300     1484.570     1515.690
   230:     1517.420     1517.700     1517.960     1518.630     1519.870
   235:     1520.650     1524.630     1525.260     1538.700     1542.680
   240:     1544.050     1544.330     1546.200     1552.960     1562.500
   245:     1563.570     1563.650     1564.940     1569.610     1570.200
   250:     1570.590     1572.260     1573.120     1573.300     1581.340
   255:     1612.170     1612.370     1636.110     1665.770     1670.470
   260:     1673.380     1689.480     1690.310     1711.590     1711.650
   265:     1711.980     1712.140     1712.420     1712.850     1712.930
   270:     1714.350     1718.410     1718.790     1751.630     1752.030
   275:     1773.530     1773.720     1774.010     1829.280     1829.490
   280:     1944.760     2015.110     2017.370     2040.570     2040.790
   285:     2041.200     2055.180     2064.120     2104.880     2107.390
   290:     2107.490     2131.500     2134.770     2141.650     2141.940
   295:     2142.350     2155.600     2171.510     2171.660     2192.770
   300:     2192.910     2278.040     2288.740     2301.720     2328.800
   305:     2329.310     2329.430     2332.790     2334.050     2354.790
   310:     2359.680     2360.760     2360.960     2437.780     2438.370
   315:     2438.440     2438.680     2444.380     2446.560     2447.250
   320:     2447.650     2471.920     2480.170     2499.960     2534.490
   325:     2536.200     2538.240     2538.380     2538.680     2589.090
   330:     2592.730     2593.580     2636.580     2636.720     2655.500
   335:     2659.100     2705.890     2706.080     2707.490     2708.060
   340:     2709.970     2739.430     2739.740     2739.980     2740.170
   345:     2751.490     2752.760     2783.260     2783.350     2785.350
   350:     2815.950     2909.050     2921.830     2939.320     2939.480
   355:     2940.840     2952.040     2952.090     2952.200     2980.620
   360:     3018.110     3041.500     3043.710     3044.210     3120.140
   365:     3144.340     3250.490     3250.880     3252.110     3252.140
   370:     3252.990     3285.330     3285.330     3285.330     3285.340
   375:     3285.340     3285.340     3285.340     3285.340     3285.340
   380:     3286.200     3286.200     3289.340     3290.340     3290.340
   385:     3295.330     3295.340     3295.480     3299.150     3299.480
   390:     3299.640     3299.920     3300.560     3301.140     3301.630
   395:     3302.060     3340.190     3381.700     3381.770     3448.610
   400:     3448.980     3490.330     3490.960     3565.780     3567.270
   405:     3567.270     3567.270     3567.280     3567.280     3567.280
   410:     3567.280     3567.280     3567.280     3567.400     3567.400
   415:     3568.200     3568.200     3571.280     3572.280     3572.280
   420:     3577.270     3577.280     3581.210     3582.810     3583.490
   425:     3586.090     3586.140     3586.590     3587.010     3592.640
   430:     3593.940     3600.480     3600.690     3600.790     3601.000
   435:     3601.880     3601.940     3602.110     3602.180     3602.280
   440:     3602.450     3602.690     3614.410     3615.930     3616.050
   445:     3616.400     3620.220     3620.400     3624.110     3624.940
   450:     3628.360     3639.160     3639.640     3641.740     3641.840
   455:     3641.990     3642.220     3642.260     3654.370     3710.690
   460:     3724.920     3752.440     3915.860     3930.610     3937.970
   465:     3948.680     3948.900     4060.640     4075.270     4085.420
   470:     4146.530     4199.450     4219.160     4261.300     4261.790
   475:     4265.410     4273.510     4274.100     4275.740     4275.740
   480:     4275.740     4275.740     4275.740     4275.740     4275.740
   485:     4279.740     4280.740     4280.740     4285.730     4285.740
   490:     4293.470     4297.230     4297.920     4304.920     4308.360
   495:     4333.780     4333.780     4333.780     4333.780     4333.780
   500:     4333.780     4333.780     4335.770     4337.780     4338.780
   505:     4338.780     4343.770     4343.780     4344.730     4350.040
   510:     4373.990     4379.490     4381.590     4382.760     4382.830
   515:     4383.200     4384.040     4389.090     4409.150     4411.190
   520:     4411.450     4411.540     4411.840     4411.960     4414.700
   525:     4414.720     4414.760     4415.390     4415.760     4429.970
   530:     4430.470     4433.770     4463.660     4467.980     4502.150
   535:     4540.100     4541.690     4691.540     4774.500     4780.650
   540:     4782.270     4878.210     4878.440     4878.520     4952.300
   545:     4952.740     4992.550     5068.200     5076.560     5080.260
   550:     5090.260     5209.700     5209.790     5243.790     5248.180
   555:     5248.360     5290.570     5290.780     5291.050     5292.310
   560:     5294.920     5294.920     5294.920     5294.930     5294.930
   565:     5294.930     5294.930     5294.930     5294.930     5298.930
   570:     5299.930     5299.930     5301.130     5301.130     5304.010
   575:     5304.010     5304.920     5304.930     5308.450     5308.700
   580:     5317.840     5317.920     5321.420     5326.250     5339.680
   585:     5350.460     5350.710     5350.950     5352.100     5353.940
   590:     5354.030     5354.400     5354.530     5363.460     5363.540
   595:     5365.900     5366.850     5366.970     5367.250     5367.400
   600:     5368.590     5369.120     5370.280     5370.540     5372.040
   605:     5372.200     5372.350     5374.510     5374.870     5378.960
   610:     5379.280     5379.530     5384.480     5385.030     5386.370
   615:     5386.840     5392.440     5400.790     5400.870     5401.670
   620:     5402.010     5406.910     5420.750     5423.500     5424.030
   625:     5426.170     5433.620     5433.960     5435.430     5435.650
   630:     5436.130     5442.220     5442.390     5442.580     5541.730
   635:     5543.420     5547.340     5547.430     5559.200     5559.290
   640:     5632.390     5637.840     5663.600     5684.380     5753.930
   645:     5754.010     5758.040     5759.180     5763.950     5764.310
   650:     5767.810     5767.830     5767.900     5772.060     5772.090
   655:     5772.880     5773.190     5774.030     5774.580     5795.320
   660:     5813.810     5815.190     5823.450     5835.940     5929.880
   665:     5931.150     5988.620     5989.460     5990.840     5991.770
   670:     5991.850     5993.480     5993.480     5993.480     5993.490
   675:     5993.490     5993.490     5993.490     5993.490     5993.490
   680:     5997.490     5998.490     5998.490     6002.940     6003.180
   685:     6003.480     6003.490     6006.590     6007.450     6008.620
   690:     6011.010     6012.540     6012.910     6018.360     6023.530
   695:     6036.390     6039.840     6043.900     6049.360     6060.240
   700:     6064.610     6070.460     6074.530     6075.560     6076.910
   705:     6081.610     6083.870     6084.090     6084.310     6084.910
   710:     6085.530     6092.300     6092.410     6093.380     6093.540
   715:     6103.360     6134.060     6138.790     6148.920     6149.440
   720:     6150.240     6150.820     6151.000     6156.270     6158.620
   725:     6158.780     6161.920     6163.160     6174.740     6203.600
   730:     6203.980     6206.740     6206.930     6246.540     6246.540
   735:     6246.540     6246.550     6246.550     6246.550     6246.550
   740:     6246.550     6246.550     6247.520     6247.520     6249.610
   745:     6249.910     6250.550     6250.930     6251.380     6251.550
   750:     6251.550     6256.540     6256.550     6263.300     6265.140
   755:     6266.000     6266.100     6270.750     6272.600     6272.690
   760:     6273.460     6273.700     6275.570     6275.880     6275.910
   765:     6278.810     6280.710     6284.340     6284.840     6285.460
   770:     6285.530     6310.200     6310.490     6312.060     6341.130
   775:     6341.270     6344.750     6345.020     6365.520     6365.760
   780:     6365.850     6366.130     6381.730     6388.480     6388.540
   785:     6392.340     6504.330     6579.030     6588.650     6588.830
   790:     6589.110     6591.580     6597.410     6597.790     6609.410
   795:     6609.540     6611.540     6611.580     6627.630     6628.280
   800:     6628.760     6630.790     6630.790     6630.790     6630.800
   805:     6630.800     6630.800     6630.800     6630.800     6630.800
   810:     6634.800     6635.020     6635.800     6635.800     6640.790
   815:     6640.800     6644.140     6644.880     6656.330     6658.310
   820:     6663.150     6683.400     6684.990     6686.610     6686.610
   825:     6686.610     6686.620     6686.620     6686.620     6686.620
   830:     6686.620     6686.620     6687.160     6687.160     6688.530
   835:     6688.530     6690.620     6691.020     6691.020     6691.620
   840:     6691.620     6692.310     6695.090     6695.090     6695.300
   845:     6695.300     6696.610     6696.620     6700.980     6700.980
   850:     6700.980     6700.990     6700.990     6700.990     6700.990
   855:     6700.990     6700.990     6701.340     6701.340     6701.900
   860:     6701.900     6704.990     6705.990     6705.990     6710.980
   865:     6710.990     6739.400     6746.400     6746.550     6751.000
   870:     6751.250     6751.400     6751.590     6751.760     6753.730
   875:     6756.840     6757.730     6757.810     6759.730     6759.770
   880:     6762.260     6763.130     6764.120     6764.230     6765.130
   885:     6765.340     6766.150     6766.320     6767.590     6787.340
   890:     6826.000     6836.920     6952.810     6952.860     7006.110
   895:     7109.520     7336.570     7377.220     7388.110     7388.790
   900:     7407.040     7410.800     7411.060     7411.150     7416.620
   905:     7420.860     7426.330     7426.500     7426.820     7428.620
   910:     7428.690     7428.950     7429.420     7429.830     7430.210
   915:     7430.560     7436.940     7437.100     7599.160     7599.740
   920:     7600.360     7601.370     7625.510     7627.910     7637.660
   925:     7679.720     7830.240     7872.390     7942.530     8038.570
   930:     8145.920     8146.380     8152.570     8154.510     8154.510
   935:     8154.510     8154.520     8154.520     8154.520     8154.520
   940:     8154.520     8154.520     8156.990     8157.290     8158.520
   945:     8159.520     8159.520     8164.510     8164.520     8189.100
   950:     8197.750     8198.170     8204.850     8226.450     8257.750
   955:     8258.370     8258.610     8259.120     8260.160     8260.160
   960:     8260.160     8260.170     8260.170     8260.170     8260.170
   965:     8260.170     8260.170     8260.440     8260.440     8261.660
   970:     8264.170     8265.170     8265.170     8270.160     8270.170
   975:     8306.250     8306.650     8308.560     8313.980     8314.430
   980:     8315.180     8317.570     8317.840     8320.350     8321.880
   985:     8329.540     8330.750     8441.840     8609.470     8609.930
   990:     8610.210     8611.940     8612.270     8731.490     8739.790
   995:     8763.310     8767.470     8770.640     8975.180     9090.520
  1000:     9090.570     9090.630     9090.780     9095.100     9212.900
  1005:     9268.680     9297.630     9297.630     9297.630     9297.640
  1010:     9297.640     9297.640     9297.640     9297.640     9297.640
  1015:     9298.090     9298.090     9300.870     9300.870     9301.640
  1020:     9302.640     9302.640     9306.080     9307.630     9307.640
  1025:     9322.070     9322.110     9322.650     9322.780     9324.800
  1030:     9326.460     9327.490     9328.020     9329.690     9371.940
  1035:     9376.000     9482.280     9614.050     9654.460     9680.870
  1040:     9708.300     9760.520     9817.170     9817.910     9817.910
  1045:     9817.910     9817.920     9817.920     9817.920     9817.920
  1050:     9817.920     9817.920     9820.570     9820.800     9821.920
  1055:     9822.920     9822.920     9826.070     9826.420     9827.910
  1060:     9827.920     9832.670     9847.830     9855.780     9856.210
  1065:     9856.320     9861.390     9864.720     9864.870     9865.280
  1070:     9865.310     9865.370     9870.720     9880.190     9883.550
  1075:     9889.280     9889.400     9889.600     9927.200     9927.490
  1080:     9928.040     9928.180     9943.770     9943.950     9970.380
  1085:     9981.020     9984.780     9995.920     9996.950     9997.570
  1090:     9997.910     9998.980    10009.220    10010.040    10011.990
  1095:    10012.630    10012.910    10016.020    10016.630    10017.510
  1100:    10018.110    10018.300    10020.910    10021.180    10021.380
  1105:    10021.500    10022.670    10022.840    10030.120    10048.620
  1110:    10051.850    10052.070    10053.450    10053.850    10053.920
  1115:    10054.320    10054.520    10054.830    10054.920    10056.870
  1120:    10057.070    10097.360    10097.850    10099.420    10101.650
  1125:    10103.960    10105.270    10109.870    10203.120    10233.770
  1130:    10237.260    10237.650    10238.790    10241.040    10242.090
  1135:    10242.350    10242.400    10242.900    10242.930    10243.260
  1140:    10245.120    10246.350    10246.610    10247.360    10247.630
  1145:    10249.090    10249.500    10250.880    10251.130    10251.960
  1150:    10252.560    10252.790    10253.280    10253.490    10253.830
  1155:    10254.030    10254.320    10256.090    10256.830    10256.950
  1160:    10257.000    10257.250    10257.360    10258.300    10258.410
  1165:    10258.440    10264.020    10264.380    10264.440    10264.970
  1170:    10266.150    10266.210    10266.310    10266.840    10267.100
  1175:    10285.810    10285.960    10286.190    10300.020    10302.010
  1180:    10302.050    10302.140    10302.290    10302.680    10302.750
  1185:    10303.380    10303.640    10307.720    10307.870    10308.090
  1190:    10308.400    10310.250    10312.690    10314.600    10315.330
  1195:    10315.390    10316.420    10316.540    10316.630    10316.730
  1200:    10318.250    10320.930    10321.180    10321.210    10321.770
  1205:    10321.910    10324.600    10325.060    10326.510    10326.550
  1210:    10327.990    10341.220    10372.550    10378.020    10378.360
  1215:    10379.000    10381.030    10381.650    10381.740    10389.620
  1220:    10395.400    10395.580    10398.170    10398.170    10398.170
  1225:    10398.180    10398.180    10398.180    10398.180    10398.180
  1230:    10398.180    10400.020    10400.180    10402.180    10403.020
  1235:    10403.180    10403.180    10408.170    10408.180    10446.740
  1240:    10451.330    10452.030    10457.630    10460.460    10462.300
  1245:    10462.510    10472.100    10586.420    10587.780    10587.780
  1250:    10587.780    10587.790    10587.790    10587.790    10587.790
  1255:    10587.790    10587.790    10591.790    10592.790    10592.790
  1260:    10597.780    10597.790    10602.670    10602.860    10604.170
  1265:    10615.790    10616.140    10616.340    10622.290    10627.430
  1270:    10727.070    10800.000
