File: C:\MED-PC\Data\2025-03-04_10h14m_Subject 77.txt


Start Date: 03/04/25
End Date: 03/04/25
Subject: 77
Experiment: OralFentSA
Group: One
Box: 5
Start Time: 10:14:14
End Time: 13:14:39
MSN: 20241014_Golden_Liq_SelfAdmin
F:       0.000
G:     780.000
H:   10800.000
I:       0.000
J:       0.000
K:       0.000
L:       0.000
M:       0.000
N:       0.000
O:       0.000
P:       0.000
Q:       0.000
R:       0.000
S:       0.000
U:       0.000
V:       0.000
W:       0.000
X:       0.000
Y:       0.000
Z:       0.000
A:
     0:        0.000        0.000      180.000        4.000        0.000
     5:        5.000        0.000        5.000        0.000        0.000
    10:        1.000        0.000       10.000     1200.000       22.000
    15:        2.000      640.000        0.000        0.000        0.000
    20:        0.000
B:
     0:        0.000        0.000        0.000      400.000        0.000
     5:      500.000        0.000      500.000        0.000        0.000
    10:        0.000        0.000     1000.000   120000.000        0.000
    15:        0.000        0.000        0.000        0.000        0.000
    20:        0.000
C:
     0:       26.000       27.000        2.000       10.000      442.000
     5:    10348.200       20.370       23.000      838.680       36.464
    10:       10.000        2.000       17.000        0.000        0.000
    15:        0.000        0.000        0.000        0.000        0.000
    20:        0.000
D:
     0:        1.990        7.540       44.600       11.590      159.880
     5:        9.780       70.950        7.010        0.530        1.240
    10:        0.560        7.330       15.060       23.120        2.570
    15:        0.570      226.760      160.400       39.960        1.440
    20:       14.430       11.000       20.370
E:
     0:       19.000       11.000       26.000       27.000        6.000
     5:        6.000        6.000        6.000        6.000        6.000
    10:        2.000        4.000       22.000       24.000       12.000
    15:       13.000        8.000        5.000       17.000       18.000
    20:       14.000       10.000       19.000       11.000        2.000
    25:        4.000       22.000       24.000       12.000       13.000
    30:        8.000        5.000       17.000        6.000        6.000
    35:       18.000       14.000       10.000        6.000        6.000
    40:        6.000       19.000       11.000        6.000        6.000
    45:        6.000        6.000        6.000        6.000        6.000
    50:        2.000        4.000       22.000       24.000       12.000
    55:       13.000        8.000        5.000       17.000       18.000
    60:       14.000       10.000        6.000       19.000       11.000
    65:        6.000        6.000        6.000        6.000        6.000
    70:        6.000        6.000        6.000        6.000        6.000
    75:        6.000        6.000        2.000        4.000       22.000
    80:       24.000       12.000       13.000        8.000        5.000
    85:       17.000       18.000       14.000       10.000       19.000
    90:       11.000        6.000        6.000        6.000        6.000
    95:        6.000        6.000        2.000        4.000       22.000
   100:       24.000       12.000       13.000        8.000        5.000
   105:       17.000       18.000       14.000       10.000       19.000
   110:       11.000        6.000        6.000        6.000        6.000
   115:        6.000        6.000        6.000        6.000        6.000
   120:        6.000        6.000        6.000        6.000        6.000
   125:        6.000        6.000        6.000        6.000        6.000
   130:        6.000        6.000       25.000       24.000       12.000
   135:       13.000        8.000        5.000       17.000       18.000
   140:       14.000       10.000       19.000       11.000        6.000
   145:        6.000        6.000        6.000        6.000        6.000
   150:        6.000        6.000        2.000        4.000       22.000
   155:       24.000       12.000       13.000        8.000        5.000
   160:       17.000       21.000       22.000       18.000       14.000
   165:       10.000        6.000       19.000       11.000        6.000
   170:        6.000        6.000        6.000        6.000        2.000
   175:        4.000       22.000       24.000       12.000       13.000
   180:        8.000        5.000       17.000       18.000       14.000
   185:       10.000       19.000       11.000        6.000        6.000
   190:        6.000        6.000        6.000        6.000        6.000
   195:        6.000        6.000        6.000        6.000        6.000
   200:        6.000        6.000        6.000        6.000        6.000
   205:        6.000        6.000        6.000        6.000        6.000
   210:        6.000        6.000        6.000        6.000        6.000
   215:        6.000        6.000        6.000        6.000        6.000
   220:        6.000        6.000        6.000        6.000        6.000
   225:        6.000        6.000        6.000        6.000        6.000
   230:        6.000        6.000        6.000        6.000        6.000
   235:        6.000        6.000        6.000        6.000        6.000
   240:        6.000        6.000        6.000        6.000       30.000
   245:       24.000       12.000       13.000        8.000        5.000
   250:       17.000       18.000       14.000       10.000        6.000
   255:        6.000        6.000        6.000        6.000        6.000
   260:       19.000       11.000       30.000       24.000       12.000
   265:       13.000        8.000        5.000       17.000        6.000
   270:        6.000       18.000       14.000       10.000        6.000
   275:        6.000       19.000       11.000        6.000        6.000
   280:        6.000        6.000        6.000        6.000        6.000
   285:        6.000        6.000        6.000        6.000        6.000
   290:        6.000        6.000        6.000        6.000        6.000
   295:        6.000        6.000        6.000        6.000        6.000
   300:        6.000        6.000       30.000       24.000       12.000
   305:       13.000        8.000        5.000       17.000        6.000
   310:        6.000       18.000       14.000       10.000        6.000
   315:       19.000       11.000        6.000       30.000       24.000
   320:       12.000       13.000        8.000        5.000       17.000
   325:        6.000        6.000        6.000        6.000       18.000
   330:       14.000       10.000       19.000       11.000        6.000
   335:       25.000       24.000       12.000       13.000        8.000
   340:        5.000       17.000       18.000       14.000       10.000
   345:        6.000       19.000       11.000        6.000        6.000
   350:        6.000       30.000       24.000       12.000       13.000
   355:        8.000        5.000       17.000       18.000       14.000
   360:       10.000       19.000       11.000       30.000       24.000
   365:       12.000       13.000        8.000        5.000       17.000
   370:       18.000       14.000       10.000       19.000       11.000
   375:        6.000        6.000        6.000        6.000        6.000
   380:       30.000       24.000       12.000       13.000        8.000
   385:        5.000       17.000       18.000       14.000       10.000
   390:       19.000       11.000        6.000        6.000        6.000
   395:       30.000       24.000       12.000       13.000        8.000
   400:        5.000       17.000        6.000        6.000       18.000
   405:       14.000       10.000       19.000       11.000       30.000
   410:       24.000       12.000       13.000        8.000        5.000
   415:       17.000        6.000        6.000        6.000       18.000
   420:       14.000       10.000       19.000       11.000       30.000
   425:       24.000       12.000       13.000        8.000        5.000
   430:       17.000       18.000       14.000       10.000       19.000
   435:       11.000       30.000       24.000       12.000       13.000
   440:        8.000        5.000       17.000       18.000       14.000
   445:       10.000       19.000       11.000        6.000        6.000
   450:        6.000        6.000        6.000        6.000        6.000
   455:       25.000       24.000       12.000       13.000        8.000
   460:        5.000       17.000       18.000       14.000       10.000
   465:       19.000       11.000        6.000        6.000        6.000
   470:        6.000        6.000        6.000        6.000        2.000
   475:        4.000       22.000       24.000       12.000       13.000
   480:        8.000        5.000       17.000       18.000       14.000
   485:       10.000       19.000       11.000        6.000        6.000
   490:        6.000        6.000        6.000        6.000        6.000
   495:        6.000        6.000        6.000        6.000        6.000
   500:        6.000        6.000        6.000        6.000        6.000
   505:        6.000        6.000        6.000        6.000        6.000
   510:        6.000        6.000        6.000        6.000        6.000
   515:        6.000        6.000        6.000        6.000       25.000
   520:       24.000       12.000       13.000        8.000        5.000
   525:       17.000        6.000        6.000        6.000       18.000
   530:       14.000       10.000       19.000       11.000        6.000
   535:        6.000        6.000        6.000        6.000        6.000
   540:        6.000        6.000        6.000        6.000        6.000
   545:        6.000        6.000        6.000        6.000        6.000
   550:        6.000        6.000        6.000        6.000        6.000
   555:        6.000        6.000        6.000        6.000        6.000
   560:        6.000        6.000        6.000        6.000        6.000
   565:        6.000        6.000        6.000        6.000        6.000
   570:        6.000        6.000        6.000        6.000        6.000
   575:        6.000        6.000        6.000        6.000        6.000
   580:        6.000        6.000        6.000        6.000        6.000
   585:        6.000        6.000        6.000        6.000        6.000
   590:        6.000        6.000        6.000        6.000        6.000
   595:        6.000        6.000        6.000        6.000        6.000
   600:        6.000        6.000        6.000        6.000        6.000
   605:        6.000        6.000        6.000        6.000        6.000
   610:        6.000        6.000        6.000       25.000       24.000
   615:       12.000       13.000        8.000        5.000       17.000
   620:       18.000       14.000       10.000       19.000       11.000
   625:        6.000        6.000        6.000        6.000        6.000
   630:        6.000        6.000        2.000        4.000       22.000
   635:       24.000       12.000       13.000        8.000        5.000
   640:       17.000       18.000       14.000       10.000       19.000
   645:       11.000        6.000        6.000        6.000        6.000
   650:        6.000        6.000        6.000        6.000        6.000
   655:        6.000        6.000        6.000        6.000        6.000
   660:        6.000        1.000        1.000        6.000        6.000
   665:        6.000        6.000        6.000        6.000        6.000
   670:        6.000        6.000        6.000        6.000        6.000
   675:        6.000        6.000        6.000        6.000        6.000
   680:        6.000        6.000        6.000        6.000        6.000
   685:        6.000        6.000        6.000        6.000        6.000
   690:        6.000        6.000        6.000        6.000        6.000
   695:        6.000        6.000        6.000        6.000        6.000
   700:        6.000        6.000        6.000        6.000        6.000
   705:        6.000        6.000        6.000        6.000        6.000
   710:        6.000        6.000        6.000        6.000        6.000
   715:        6.000        6.000        6.000        6.000        6.000
   720:        6.000        6.000        6.000        6.000       25.000
   725:       24.000       12.000       13.000        8.000        5.000
   730:       17.000       18.000       14.000       10.000       19.000
   735:       11.000        6.000        6.000        6.000        6.000
   740:        6.000        6.000        6.000        6.000        6.000
   745:        6.000        6.000        6.000        6.000        6.000
   750:        6.000        6.000        6.000        6.000        6.000
   755:        6.000        6.000        6.000        6.000        6.000
   760:        6.000        6.000        6.000        6.000        6.000
   765:        6.000        6.000        6.000        6.000        6.000
   770:        6.000        6.000        6.000        6.000        6.000
   775:        6.000        6.000        6.000        6.000        6.000
   780:      100.000
T:
     0:        0.000        0.000        0.000        0.000       48.620
     5:       51.660       57.160       60.820       60.990       96.520
    10:      124.000      124.000      124.000      124.010      124.010
    15:      124.010      124.010      124.010      124.010      128.010
    20:      129.010      129.010      134.000      134.010      143.670
    25:      143.670      143.670      143.680      143.680      143.680
    30:      143.680      143.680      143.680      145.670      145.840
    35:      147.680      148.680      148.680      149.620      150.140
    40:      153.490      153.670      153.680      163.220      176.160
    45:      179.700      335.760      336.010      336.450      337.810
    50:      340.130      340.130      340.130      340.140      340.140
    55:      340.140      340.140      340.140      340.140      344.140
    60:      345.140      345.140      347.680      350.130      350.140
    65:      463.510      463.760      574.510      574.820      620.950
    70:      624.010      624.370      628.380      663.950      665.310
    75:      667.960      668.100      736.050      736.050      736.050
    80:      736.060      736.060      736.060      736.060      736.060
    85:      736.060      740.060      741.060      741.060      746.050
    90:      746.060      780.660      780.690      780.810      781.310
    95:      800.370      800.520      899.630      899.630      899.630
   100:      899.640      899.640      899.640      899.640      899.640
   105:      899.640      903.640      904.640      904.640      909.630
   110:      909.640      911.230      911.340      951.870      971.730
   115:     1046.270     1102.080     1109.280     1110.060     1206.990
   120:     1220.310     1247.310     1480.230     1497.130     1603.680
   125:     1648.920     1649.180     1948.600     1976.350     1986.350
   130:     1986.840     1987.180     2109.630     2109.640     2109.640
   135:     2109.640     2109.640     2109.640     2109.640     2113.640
   140:     2114.640     2114.640     2119.630     2119.640     2269.520
   145:     2703.610     2703.780     2704.050     2704.980     2705.210
   150:     2726.150     2726.280     3235.520     3235.520     3235.520
   155:     3235.530     3235.530     3235.530     3235.530     3235.530
   160:     3235.530     3237.200     3237.200     3239.530     3240.530
   165:     3240.530     3245.310     3245.520     3245.530     3248.340
   170:     3281.540     3304.710     3325.790     3325.840     3343.930
   175:     3343.930     3343.930     3343.940     3343.940     3343.940
   180:     3343.940     3343.940     3343.940     3347.940     3348.940
   185:     3348.940     3353.930     3353.940     3414.890     3424.090
   190:     3502.480     3520.780     3521.750     3521.950     3522.820
   195:     3522.850     3523.320     3523.850     3526.950     3529.970
   200:     3531.030     3532.770     3533.560     3533.620     3587.710
   205:     3588.550     3597.020     3598.020     3599.040     3633.270
   210:     3634.690     3635.150     3635.210     3636.790     3636.870
   215:     3652.950     3655.350     3668.620     3669.550     3669.710
   220:     3669.750     3670.750     3670.980     3671.710     3672.800
   225:     3675.590     3716.560     3724.020     3729.130     3730.600
   230:     3731.950     3762.390     3762.470     3930.070     3960.960
   235:     3961.320     3967.690     3973.520     4000.380     4019.450
   240:     4019.950     4152.200     4152.460     4311.920     4327.350
   245:     4327.350     4327.350     4327.350     4327.350     4327.350
   250:     4327.350     4331.350     4332.350     4332.350     4334.360
   255:     4334.690     4334.860     4334.960     4336.460     4336.520
   260:     4337.340     4337.350     4341.530     4341.530     4341.530
   265:     4341.530     4341.530     4341.530     4341.530     4342.060
   270:     4342.230     4345.530     4346.530     4346.530     4348.330
   275:     4349.690     4351.520     4351.530     4355.360     4356.570
   280:     4356.680     4361.320     4361.390     4382.960     4383.000
   285:     4398.260     4400.620     4400.680     4402.530     4402.560
   290:     4402.920     4405.140     4442.450     4444.800     4446.000
   295:     4446.960     4448.140     4448.590     4451.880     4452.590
   300:     4452.720     4453.370     4496.000     4496.000     4496.000
   305:     4496.000     4496.000     4496.000     4496.000     4497.240
   310:     4497.650     4500.000     4501.000     4501.000     4504.410
   315:     4505.990     4506.000     4520.650     4532.040     4532.040
   320:     4532.040     4532.040     4532.040     4532.040     4532.040
   325:     4532.600     4532.870     4533.270     4533.580     4536.040
   330:     4537.040     4537.040     4542.030     4542.040     4553.680
   335:     4553.930     4553.940     4553.940     4553.940     4553.940
   340:     4553.940     4553.940     4557.940     4558.940     4558.940
   345:     4561.270     4563.930     4563.940     4570.570     4571.780
   350:     4597.150     4598.710     4598.710     4598.710     4598.710
   355:     4598.710     4598.710     4598.710     4602.710     4603.710
   360:     4603.710     4608.700     4608.710     4612.650     4612.650
   365:     4612.650     4612.650     4612.650     4612.650     4612.650
   370:     4616.650     4617.650     4617.650     4622.640     4622.650
   375:     4627.710     4627.810     4635.680     4656.700     4656.830
   380:     4669.840     4669.840     4669.840     4669.840     4669.840
   385:     4669.840     4669.840     4673.840     4674.840     4674.840
   390:     4679.830     4679.840     4692.960     4696.470     4696.650
   395:     4702.560     4702.560     4702.560     4702.560     4702.560
   400:     4702.560     4702.560     4705.130     4705.620     4706.560
   405:     4707.560     4707.560     4712.550     4712.560     4735.020
   410:     4735.020     4735.020     4735.020     4735.020     4735.020
   415:     4735.020     4735.590     4735.680     4737.970     4739.020
   420:     4740.020     4740.020     4745.010     4745.020     4828.630
   425:     4828.630     4828.630     4828.630     4828.630     4828.630
   430:     4828.630     4832.630     4833.630     4833.630     4838.620
   435:     4838.630     4874.060     4874.060     4874.060     4874.060
   440:     4874.060     4874.060     4874.060     4878.060     4879.060
   445:     4879.060     4884.050     4884.060     5100.820     5101.000
   450:     5139.700     5344.610     5688.630     5688.830     5735.270
   455:     5763.930     5763.940     5763.940     5763.940     5763.940
   460:     5763.940     5763.940     5767.940     5768.940     5768.940
   465:     5773.930     5773.940     5924.340     5994.470     6472.320
   470:     6472.810     6542.370     6564.590     6592.700     6602.870
   475:     6602.870     6602.870     6602.880     6602.880     6602.880
   480:     6602.880     6602.880     6602.880     6606.880     6607.880
   485:     6607.880     6612.870     6612.880     6642.840     7282.430
   490:     7282.610     7286.990     7499.950     7506.720     7508.480
   495:     7516.990     7630.620     7640.740     7670.480     7674.900
   500:     7675.470     7679.040     7704.640     7706.610     7706.810
   505:     7715.760     7758.240     7758.760     7764.030     7766.260
   510:     7770.280     7773.780     7774.940     7775.270     7777.890
   515:     7777.940     7782.610     7802.750     7802.980     7812.870
   520:     7812.880     7812.880     7812.880     7812.880     7812.880
   525:     7812.880     7814.320     7814.600     7815.260     7816.880
   530:     7817.880     7817.880     7822.870     7822.880     7859.820
   535:     7862.080     8030.140     8171.700     8188.290     8188.690
   540:     8311.970     8401.970     8402.160     8403.110     8407.620
   545:     8407.760     8408.280     8408.530     8408.860     8409.960
   550:     8410.730     8411.520     8412.370     8412.820     8414.530
   555:     8417.500     8417.610     8419.730     8420.600     8421.350
   560:     8424.680     8427.560     8428.520     8433.710     8465.720
   565:     8466.230     8466.610     8478.020     8481.800     8482.560
   570:     8482.750     8483.260     8483.510     8485.390     8486.110
   575:     8486.390     8486.840     8487.160     8487.750     8492.310
   580:     8494.910     8497.670     8498.190     8498.510     8499.300
   585:     8499.370     8543.080     8545.900     8546.230     8547.540
   590:     8551.940     8552.670     8554.290     8556.760     8558.760
   595:     8559.620     8559.930     8561.620     8561.860     8562.070
   600:     8562.440     8563.120     8563.560     8563.940     8564.750
   605:     8565.730     8566.200     8566.760     8567.150     8567.590
   610:     8993.980     9006.530     9017.000     9022.870     9022.880
   615:     9022.880     9022.880     9022.880     9022.880     9022.880
   620:     9026.880     9027.880     9027.880     9032.870     9032.880
   625:     9037.310     9039.530     9041.270     9041.990     9043.770
   630:     9044.180     9115.650     9138.190     9138.190     9138.190
   635:     9138.200     9138.200     9138.200     9138.200     9138.200
   640:     9138.200     9142.200     9143.200     9143.200     9148.190
   645:     9148.200     9149.200     9160.130     9160.300     9168.070
   650:     9168.510     9170.890     9172.690     9197.100     9210.120
   655:     9238.050     9246.690     9247.110     9249.570     9275.340
   660:     9275.440     9290.940     9292.360     9323.210     9341.020
   665:     9351.710     9389.000     9389.190     9389.880     9406.510
   670:     9407.190     9416.340     9416.970     9506.550     9507.230
   675:     9507.570     9510.590     9511.910     9514.220     9516.550
   680:     9517.880     9518.970     9520.830     9521.080     9525.350
   685:     9525.510     9526.460     9526.480     9528.970     9529.370
   690:     9530.060     9530.660     9531.960     9533.440     9533.900
   695:     9534.390     9539.220     9581.880     9582.200     9582.990
   700:     9639.940     9640.560     9643.980     9823.740     9823.850
   705:     9824.200     9845.420     9865.710     9865.920     9866.300
   710:     9881.240     9881.670     9888.450     9907.870     9943.330
   715:     9943.390     9991.410     9992.310     9993.860     9994.500
   720:    10001.810    10013.510    10219.670    10321.290    10348.190
   725:    10348.200    10348.200    10348.200    10348.200    10348.200
   730:    10348.200    10352.200    10353.200    10353.200    10358.190
   735:    10358.200    10368.570    10380.950    10390.370    10398.350
   740:    10413.620    10414.390    10420.470    10432.590    10456.560
   745:    10476.960    10477.090    10480.780    10521.490    10521.650
   750:    10531.700    10534.860    10535.680    10536.050    10537.480
   755:    10561.840    10562.300    10562.490    10562.650    10585.830
   760:    10587.810    10589.900    10595.280    10596.770    10597.160
   765:    10601.670    10602.130    10603.250    10604.300    10619.370
   770:    10645.970    10646.810    10647.340    10647.840    10664.430
   775:    10667.510    10667.670    10667.790    10699.960    10701.420
   780:    10800.000
