File: C:\MED-PC\Data\2025-03-04_10h14m_Subject 82.txt


Start Date: 03/04/25
End Date: 03/04/25
Subject: 82
Experiment: OralFentSA
Group: One
Box: 10
Start Time: 10:14:27
End Time: 13:14:39
MSN: 20241014_Golden_Liq_SelfAdmin
F:       0.000
G:     577.000
H:   10800.000
I:       0.000
J:       0.000
K:       0.000
L:       0.000
M:       0.000
N:       0.000
O:       0.000
P:       0.000
Q:       0.000
R:       0.000
S:       0.000
U:       0.000
V:       0.000
W:       0.000
X:       0.000
Y:       0.000
Z:       0.000
A:
     0:        0.000        0.000      180.000        4.000        0.000
     5:        5.000        0.000        5.000        0.000        0.000
    10:        1.000        0.000       10.000     1200.000       20.000
    15:        2.000      640.000        0.000        0.000        0.000
    20:        0.000
B:
     0:        0.000        0.000        0.000      400.000        0.000
     5:      500.000        0.000      500.000        0.000        0.000
    10:        0.000        0.000     1000.000   120000.000        0.000
    15:        0.000        0.000        0.000        0.000        0.000
    20:        0.000
C:
     0:       27.000       27.000        7.000       15.000      215.000
     5:    10249.970       14.120       21.000     1117.320       53.206
    10:       15.000        7.000       17.000        0.000        0.000
    15:        0.000        0.000        0.000        0.000        0.000
    20:        0.000
D:
     0:       30.260       55.310        8.680      333.740       11.000
     5:       11.630       16.110       13.190        1.900       14.110
    10:       59.750        9.850       11.440        1.020        0.640
    15:       44.580       31.140       10.460      414.160       24.230
    20:       14.120
E:
     0:       19.000       11.000       26.000       27.000        6.000
     5:        6.000        6.000        6.000        1.000        6.000
    10:        6.000        6.000        6.000        6.000        6.000
    15:        1.000        6.000        6.000        2.000        4.000
    20:       22.000       24.000       12.000       13.000        8.000
    25:        5.000       17.000       18.000       21.000       22.000
    30:       14.000       10.000       21.000       22.000       19.000
    35:       11.000        2.000        4.000       22.000       24.000
    40:       12.000       13.000        8.000        5.000       17.000
    45:       18.000       14.000       10.000       20.000       19.000
    50:       11.000        6.000        6.000        6.000        6.000
    55:        2.000        4.000       22.000       24.000       12.000
    60:       13.000        8.000        5.000       17.000       18.000
    65:       14.000       10.000       19.000       11.000        1.000
    70:        6.000        6.000        6.000        6.000        6.000
    75:        6.000        6.000        6.000        6.000        6.000
    80:        6.000        6.000        6.000        6.000        6.000
    85:        6.000        6.000        6.000        6.000        6.000
    90:        6.000        6.000        6.000        6.000        6.000
    95:        6.000        6.000        6.000        6.000        6.000
   100:        6.000        6.000        6.000        6.000        6.000
   105:        6.000        6.000        6.000        6.000        6.000
   110:        6.000        6.000        6.000        6.000       25.000
   115:       24.000       12.000       13.000        8.000        5.000
   120:       17.000       18.000       14.000       10.000        6.000
   125:       19.000       11.000        6.000        6.000        6.000
   130:        6.000        6.000        6.000        6.000        6.000
   135:        1.000        1.000        6.000        2.000        4.000
   140:       22.000       24.000       12.000       13.000        8.000
   145:        5.000       17.000       18.000       14.000       10.000
   150:       19.000       11.000        6.000        6.000        6.000
   155:        6.000        6.000        6.000        6.000        6.000
   160:        6.000        6.000        6.000        6.000        6.000
   165:        6.000        6.000        6.000        6.000        6.000
   170:        6.000        6.000        6.000        6.000        6.000
   175:        6.000        6.000        6.000        6.000        6.000
   180:        6.000        6.000       25.000       24.000       12.000
   185:       13.000        8.000        5.000       17.000       18.000
   190:       14.000       10.000       19.000       11.000        6.000
   195:        6.000        6.000        6.000        6.000        6.000
   200:        6.000        2.000        4.000       22.000       24.000
   205:       12.000       13.000        8.000        5.000       17.000
   210:       21.000       22.000       18.000       14.000       10.000
   215:       19.000       11.000        6.000        6.000        6.000
   220:        6.000        6.000        6.000        6.000        6.000
   225:        6.000        6.000        6.000        6.000        6.000
   230:        6.000        6.000        2.000        4.000       22.000
   235:       24.000       12.000       13.000        8.000        5.000
   240:       17.000       18.000       14.000       10.000       19.000
   245:       11.000        6.000        6.000        6.000        6.000
   250:        6.000        6.000        6.000        6.000        6.000
   255:        6.000        6.000        6.000        6.000        6.000
   260:        6.000        6.000        6.000        6.000        6.000
   265:        6.000        6.000       30.000       24.000       12.000
   270:       13.000        8.000        5.000       17.000       18.000
   275:       14.000       10.000       19.000       11.000        6.000
   280:        6.000        6.000        6.000        6.000        6.000
   285:        6.000        6.000       30.000       24.000       12.000
   290:       13.000        8.000        5.000       17.000        6.000
   295:       18.000       14.000       10.000       19.000       11.000
   300:        2.000        4.000       22.000       24.000       12.000
   305:       13.000        8.000        5.000       17.000       18.000
   310:       14.000       10.000       19.000       11.000       30.000
   315:       24.000       12.000       13.000        8.000        5.000
   320:       17.000       18.000       14.000       10.000       19.000
   325:       11.000        6.000       30.000       24.000       12.000
   330:       13.000        8.000        5.000       17.000       18.000
   335:       14.000       10.000       19.000       11.000        6.000
   340:       30.000       24.000       12.000       13.000        8.000
   345:        5.000       17.000       18.000       14.000       10.000
   350:        6.000       19.000       11.000       30.000       24.000
   355:       12.000       13.000        8.000        5.000       17.000
   360:       18.000       14.000       10.000       19.000       11.000
   365:        6.000        6.000        6.000       30.000       24.000
   370:       12.000       13.000        8.000        5.000       17.000
   375:       18.000       14.000       10.000       19.000       11.000
   380:       30.000       24.000       12.000       13.000        8.000
   385:        5.000       17.000       18.000       14.000       10.000
   390:       19.000       11.000       30.000       24.000       12.000
   395:       13.000        8.000        5.000       17.000       18.000
   400:       14.000       10.000       19.000       11.000       30.000
   405:       24.000       12.000       13.000        8.000        5.000
   410:       17.000       18.000       14.000       10.000       19.000
   415:       11.000       30.000       24.000       12.000       13.000
   420:        8.000        5.000       17.000        6.000       18.000
   425:       14.000       10.000       19.000       11.000       30.000
   430:       24.000       12.000       13.000        8.000        5.000
   435:       17.000        6.000       18.000       14.000       10.000
   440:       30.000       12.000       13.000        8.000        5.000
   445:       17.000       19.000       11.000       18.000       14.000
   450:       10.000        6.000        6.000        6.000        6.000
   455:        6.000        6.000        6.000        6.000       25.000
   460:       24.000       12.000       13.000        8.000        5.000
   465:       17.000       18.000       14.000       10.000       19.000
   470:       11.000        6.000        6.000        6.000        6.000
   475:        6.000        6.000        6.000        6.000        6.000
   480:        2.000        4.000       22.000       24.000       12.000
   485:       13.000        8.000        5.000       17.000       18.000
   490:       14.000       10.000       19.000       11.000        6.000
   495:        6.000        6.000        6.000        6.000        6.000
   500:        6.000        6.000        6.000        6.000        6.000
   505:        6.000        1.000        6.000        2.000        4.000
   510:       22.000       24.000       12.000       13.000        8.000
   515:        5.000       17.000       21.000       22.000       21.000
   520:       22.000       18.000       14.000       10.000       19.000
   525:       11.000        6.000        6.000        6.000        6.000
   530:        6.000        6.000        6.000        6.000        6.000
   535:        6.000        6.000        6.000        6.000        6.000
   540:        6.000       25.000       24.000       12.000       13.000
   545:        8.000        5.000       17.000       18.000       14.000
   550:       10.000       19.000       11.000        6.000        6.000
   555:        6.000        6.000        6.000        6.000        6.000
   560:        2.000        4.000       22.000       24.000       12.000
   565:       13.000        8.000        5.000       17.000       18.000
   570:       14.000       10.000       19.000       11.000        6.000
   575:        6.000        6.000      100.000
T:
     0:        0.000        0.000        0.000        0.000       16.780
     5:       17.030       29.750       45.190       76.570      114.620
    10:      134.410      208.550      208.840      223.450      224.000
    15:      229.730      236.890      237.010      243.930      243.930
    20:      243.930      243.940      243.940      243.940      243.940
    25:      243.940      243.940      247.940      248.610      248.610
    30:      248.940      248.940      252.090      252.090      253.930
    35:      253.940      255.150      255.150      255.150      255.160
    40:      255.160      255.160      255.160      255.160      255.160
    45:      259.160      260.160      260.160      263.180      265.150
    50:      265.160      285.420      288.510      289.580      294.600
    55:      312.370      312.370      312.370      312.380      312.380
    60:      312.380      312.380      312.380      312.380      316.380
    65:      317.380      317.380      322.370      322.380      354.610
    70:      367.690      374.360      376.770      395.000      452.450
    75:      453.050      462.790      463.040      468.750      476.550
    80:      476.800      580.000      580.280      580.930      616.820
    85:      638.420      646.880      648.520      763.560      765.280
    90:      767.460      767.610     1107.090     1117.470     1118.010
    95:     1196.390     1198.040     1199.090     1199.190     1281.450
   100:     1384.790     1384.950     1408.560     1408.620     1408.690
   105:     1410.660     1414.710     1417.080     1494.260     1512.200
   110:     1512.380     1513.710     1513.780     1513.980     1522.370
   115:     1522.380     1522.380     1522.380     1522.380     1522.380
   120:     1522.380     1526.380     1527.380     1527.380     1531.060
   125:     1532.370     1532.380     1537.810     1537.910     1547.790
   130:     1602.130     1613.770     1624.160     1624.360     1624.380
   135:     1631.890     1635.300     1647.340     1673.320     1673.320
   140:     1673.320     1673.330     1673.330     1673.330     1673.330
   145:     1673.330     1673.330     1677.330     1678.330     1678.330
   150:     1683.320     1683.330     2007.070     2007.810     2053.640
   155:     2054.520     2055.040     2060.000     2171.180     2222.870
   160:     2222.930     2231.880     2232.030     2232.390     2232.480
   165:     2233.040     2233.510     2280.090     2280.230     2341.270
   170:     2349.550     2720.200     2736.030     2736.280     2736.490
   175:     2740.330     2740.610     2746.130     2746.190     2748.750
   180:     2749.650     2751.060     2883.320     2883.330     2883.330
   185:     2883.330     2883.330     2883.330     2883.330     2887.330
   190:     2888.330     2888.330     2893.320     2893.330     2894.330
   195:     2894.550     2911.970     2914.460     3251.400     3260.080
   200:     3260.370     3308.760     3308.760     3308.760     3308.770
   205:     3308.770     3308.770     3308.770     3308.770     3308.770
   210:     3311.210     3311.210     3312.770     3313.770     3313.770
   215:     3318.760     3318.770     3320.400     3334.520     3334.670
   220:     3335.090     3363.480     3364.870     3383.890     3415.610
   225:     3461.980     3463.240     3551.170     3551.530     4259.050
   230:     4260.230     4260.550     4323.760     4323.760     4323.760
   235:     4323.770     4323.770     4323.770     4323.770     4323.770
   240:     4323.770     4327.770     4328.770     4328.770     4333.760
   245:     4333.770     4339.880     4360.310     4384.370     4389.030
   250:     4389.320     4394.630     4398.310     4483.620     4483.990
   255:     4484.440     4484.750     4801.770     4869.950     4910.090
   260:     4910.380     4960.980     4963.300     5048.200     5048.860
   265:     5285.720     5288.170     5374.170     5374.170     5374.170
   270:     5374.170     5374.170     5374.170     5374.170     5378.170
   275:     5379.170     5379.170     5384.160     5384.170     5387.360
   280:     5387.420     5387.710     5397.370     5397.660     5400.310
   285:     5400.360     5402.340     5414.300     5414.300     5414.300
   290:     5414.300     5414.300     5414.300     5414.300     5416.200
   295:     5418.300     5419.300     5419.300     5424.290     5424.300
   300:     5428.180     5428.180     5428.180     5428.190     5428.190
   305:     5428.190     5428.190     5428.190     5428.190     5432.190
   310:     5433.190     5433.190     5438.180     5438.190     5458.880
   315:     5458.880     5458.880     5458.880     5458.880     5458.880
   320:     5458.880     5462.880     5463.880     5463.880     5468.870
   325:     5468.880     5472.990     5497.500     5497.500     5497.500
   330:     5497.500     5497.500     5497.500     5497.500     5501.500
   335:     5502.500     5502.500     5507.490     5507.500     5557.250
   340:     5559.070     5559.070     5559.070     5559.070     5559.070
   345:     5559.070     5559.070     5563.070     5564.070     5564.070
   350:     5568.920     5569.060     5569.070     5585.610     5585.610
   355:     5585.610     5585.610     5585.610     5585.610     5585.610
   360:     5589.610     5590.610     5590.610     5595.600     5595.610
   365:     5597.050     5610.400     5610.860     5623.940     5623.940
   370:     5623.940     5623.940     5623.940     5623.940     5623.940
   375:     5627.940     5628.940     5628.940     5633.930     5633.940
   380:     5658.860     5658.860     5658.860     5658.860     5658.860
   385:     5658.860     5658.860     5662.860     5663.860     5663.860
   390:     5668.850     5668.860     5712.550     5712.550     5712.550
   395:     5712.550     5712.550     5712.550     5712.550     5716.550
   400:     5717.550     5717.550     5722.540     5722.550     5742.240
   405:     5742.240     5742.240     5742.240     5742.240     5742.240
   410:     5742.240     5746.240     5747.240     5747.240     5752.230
   415:     5752.240     5765.000     5765.000     5765.000     5765.000
   420:     5765.000     5765.000     5765.000     5766.020     5769.000
   425:     5770.000     5770.000     5774.990     5775.000     5776.710
   430:     5776.710     5776.710     5776.710     5776.710     5776.710
   435:     5776.710     5777.350     5780.710     5781.710     5781.710
   440:     5784.990     5784.990     5784.990     5784.990     5784.990
   445:     5784.990     5786.700     5786.710     5788.990     5789.990
   450:     5789.990     5829.570     5830.000     5831.750     6371.170
   455:     6371.780     6434.240     6517.180     6517.400     6638.180
   460:     6638.190     6638.190     6638.190     6638.190     6638.190
   465:     6638.190     6642.190     6643.190     6643.190     6648.180
   470:     6648.190     6669.330     6696.890     6697.420     6750.390
   475:     6752.460     6814.870     7553.640     7557.810     7558.380
   480:     7671.780     7671.780     7671.780     7671.790     7671.790
   485:     7671.790     7671.790     7671.790     7671.790     7675.790
   490:     7676.790     7676.790     7681.780     7681.790     7682.250
   495:     8223.470     8223.560     8224.920     8225.010     8316.830
   500:     8317.720     8318.170     8555.280     8555.820     8557.240
   505:     8558.210     8603.760     8614.400     8686.850     8686.850
   510:     8686.850     8686.860     8686.860     8686.860     8686.860
   515:     8686.860     8686.860     8688.940     8688.940     8689.120
   520:     8689.120     8690.860     8691.860     8691.860     8696.850
   525:     8696.860     9101.020     9101.120     9101.300     9103.040
   530:     9104.300     9105.030     9106.740     9141.820     9143.440
   535:     9145.360     9164.040     9165.230     9165.830     9165.860
   540:     9292.460     9896.850     9896.860     9896.860     9896.860
   545:     9896.860     9896.860     9896.860     9900.860     9901.860
   550:     9901.860     9906.850     9906.860     9921.090     9921.130
   555:     9921.260     9923.920     9958.140    10212.060    10213.550
   560:    10249.960    10249.960    10249.960    10249.970    10249.970
   565:    10249.970    10249.970    10249.970    10249.970    10253.970
   570:    10254.970    10254.970    10259.960    10259.970    10264.090
   575:    10294.990    10299.960    10800.000
