File: C:\MED-PC\Data\2025-03-07_10h27m_Subject 77.txt


Start Date: 03/07/25
End Date: 03/07/25
Subject: 77
Experiment: OralFentSA
Group: One
Box: 5
Start Time: 10:27:03
End Time: 13:27:25
MSN: 20241014_Golden_Liq_SelfAdmin
F:       0.000
G:     770.000
H:   10800.000
I:       0.000
J:       0.000
K:       0.000
L:       0.000
M:       0.000
N:       0.000
O:       0.000
P:       0.000
Q:       0.000
R:       0.000
S:       0.000
U:       0.000
V:       0.000
W:       0.000
X:       0.000
Y:       0.000
Z:       0.000
A:
     0:        0.000        0.000      180.000        4.000        0.000
     5:        5.000        0.000        5.000        0.000        0.000
    10:        1.000        0.000       10.000     3000.000       22.000
    15:        5.000      640.000        0.000        0.000        0.000
    20:        0.000
B:
     0:        0.000        0.000        0.000      400.000        0.000
     5:      500.000        0.000      500.000        0.000        0.000
    10:        0.000        0.000     1000.000   300000.000        0.000
    15:        0.000        0.000        0.000        0.000        0.000
    20:        0.000
C:
     0:       28.000       29.000       15.000       39.000      337.000
     5:     9977.350        2.520       27.000      116.890        4.329
    10:       39.000       15.000        0.000        0.000        0.000
    15:        0.000        0.000        0.000        0.000        0.000
    20:        0.000
D:
     0:        3.430        1.650        3.780        4.290        0.720
     5:        1.650        2.000        3.310        6.040        5.190
    10:        2.820        3.200        5.020       20.440        2.140
    15:        1.300        0.980        2.530        4.210       13.640
    20:        2.110        1.140       12.680        1.880        4.690
    25:        3.530        2.520
E:
     0:       19.000       11.000       26.000       27.000        2.000
     5:        4.000       22.000       24.000       12.000       13.000
    10:        8.000        5.000       17.000        6.000       18.000
    15:       14.000       10.000       19.000       11.000        1.000
    20:        1.000        1.000        1.000        6.000        6.000
    25:        2.000        4.000       22.000       24.000       12.000
    30:       13.000        8.000        5.000       17.000       21.000
    35:       22.000        6.000       18.000       14.000       10.000
    40:        6.000        6.000        6.000       19.000       11.000
    45:        1.000        2.000        4.000       22.000       24.000
    50:       12.000       13.000        8.000        5.000       17.000
    55:        6.000       18.000       14.000       10.000       19.000
    60:       11.000        6.000        2.000        4.000       22.000
    65:       24.000       12.000       13.000        8.000        5.000
    70:       17.000       18.000       14.000       10.000       19.000
    75:       11.000        2.000        4.000       22.000       24.000
    80:       12.000       13.000        8.000        5.000       17.000
    85:       18.000        6.000       14.000       10.000       19.000
    90:       11.000        2.000        4.000       22.000       24.000
    95:       12.000       13.000        8.000        5.000       17.000
   100:        6.000       18.000       21.000       22.000       14.000
   105:       10.000       19.000       11.000        6.000        2.000
   110:        4.000       22.000       24.000       12.000       13.000
   115:        8.000        5.000       17.000        6.000        6.000
   120:       18.000       14.000       10.000       19.000       11.000
   125:        6.000        6.000        6.000        6.000        6.000
   130:        6.000        6.000        6.000        6.000        6.000
   135:        6.000        6.000        6.000        6.000        6.000
   140:        6.000        6.000        6.000        1.000        6.000
   145:        6.000        6.000        6.000        6.000        6.000
   150:        6.000        6.000        6.000        6.000        6.000
   155:        6.000        6.000        6.000        6.000        6.000
   160:        6.000        6.000        6.000        6.000        6.000
   165:        6.000        6.000        6.000        2.000        4.000
   170:       22.000       24.000       12.000       13.000        8.000
   175:        5.000       17.000        6.000        6.000       18.000
   180:       14.000       10.000        6.000       19.000       11.000
   185:        6.000        6.000        2.000        4.000       22.000
   190:       24.000       12.000       13.000        8.000        5.000
   195:       17.000        6.000       18.000       14.000       10.000
   200:        6.000       19.000       11.000        6.000        6.000
   205:        6.000        6.000        6.000        6.000        6.000
   210:        2.000        4.000       22.000       24.000       12.000
   215:       13.000        8.000        5.000       17.000       18.000
   220:       14.000       10.000        6.000        6.000        6.000
   225:       19.000       11.000        2.000        4.000       22.000
   230:       24.000       12.000       13.000        8.000        5.000
   235:       17.000       18.000       14.000       10.000        6.000
   240:       19.000       11.000        6.000        6.000        6.000
   245:        2.000        4.000       22.000       24.000       12.000
   250:       13.000        8.000        5.000       17.000        6.000
   255:        6.000        6.000       18.000       14.000       10.000
   260:       21.000       22.000        6.000       19.000       11.000
   265:        2.000        4.000       22.000       24.000       12.000
   270:       13.000        8.000        5.000       17.000       21.000
   275:       22.000       21.000       22.000       21.000       22.000
   280:        6.000       18.000       14.000       10.000       19.000
   285:       11.000        6.000        6.000        6.000        2.000
   290:        4.000       22.000       24.000       12.000       13.000
   295:        8.000        5.000       17.000       21.000       22.000
   300:       18.000       14.000       10.000        6.000       19.000
   305:       11.000        2.000        4.000       22.000       24.000
   310:       12.000       13.000        8.000        5.000       17.000
   315:       18.000       14.000       10.000       19.000       11.000
   320:        6.000        6.000        6.000        6.000        6.000
   325:        6.000        6.000        6.000        6.000        6.000
   330:        6.000        6.000        6.000        6.000        6.000
   335:        6.000        6.000        6.000        6.000        6.000
   340:        6.000        6.000        6.000        6.000        2.000
   345:        4.000       22.000       24.000       12.000       13.000
   350:        8.000        5.000       17.000        6.000       18.000
   355:       14.000       10.000        6.000        6.000       19.000
   360:       11.000        2.000        4.000       22.000       24.000
   365:       12.000       13.000        8.000        5.000       17.000
   370:        6.000       18.000       14.000       10.000       19.000
   375:       11.000        6.000        6.000        6.000        6.000
   380:        6.000        6.000        6.000        6.000        6.000
   385:        6.000        6.000        6.000        6.000        6.000
   390:        6.000        6.000        2.000        4.000       22.000
   395:       24.000       12.000       13.000        8.000        5.000
   400:       17.000        6.000       18.000       14.000       10.000
   405:       19.000       11.000        6.000        6.000        6.000
   410:        6.000        6.000        6.000        6.000        6.000
   415:        6.000        6.000        6.000        6.000        6.000
   420:        6.000        6.000        6.000        6.000        6.000
   425:        6.000        6.000        6.000        1.000        6.000
   430:        6.000        6.000        6.000        6.000        1.000
   435:        1.000        6.000        6.000        2.000        4.000
   440:       22.000       24.000       12.000       13.000        8.000
   445:        5.000       17.000        6.000       18.000       14.000
   450:       10.000        6.000       19.000       11.000        1.000
   455:        6.000        6.000        6.000        6.000        6.000
   460:        2.000        4.000       22.000       24.000       12.000
   465:       13.000        8.000        5.000       17.000       21.000
   470:       22.000       18.000        6.000       14.000       10.000
   475:        6.000       19.000       11.000        1.000        6.000
   480:        6.000        6.000        2.000        4.000       22.000
   485:       24.000       12.000       13.000        8.000        5.000
   490:       17.000       18.000       14.000       10.000       19.000
   495:       11.000        6.000        6.000        6.000        6.000
   500:        6.000        6.000        6.000        6.000        6.000
   505:        6.000        6.000        6.000        6.000        6.000
   510:        6.000        6.000        6.000        6.000        6.000
   515:        6.000        6.000        6.000        6.000        6.000
   520:        6.000        6.000        6.000        6.000        6.000
   525:        6.000        6.000        6.000        2.000        4.000
   530:       22.000       24.000       12.000       13.000        8.000
   535:        5.000       17.000        6.000       18.000       14.000
   540:       10.000        6.000       19.000       11.000        6.000
   545:        6.000        6.000        6.000        6.000        6.000
   550:        6.000        6.000        6.000        6.000        2.000
   555:        4.000       22.000       24.000       12.000       13.000
   560:        8.000        5.000       17.000        6.000        6.000
   565:       18.000       14.000       10.000       19.000       11.000
   570:        6.000        6.000        6.000        6.000        6.000
   575:        6.000        2.000        4.000       22.000       24.000
   580:       12.000       13.000        8.000        5.000       17.000
   585:       18.000       14.000       10.000       19.000       11.000
   590:        6.000        6.000        6.000        6.000        6.000
   595:        6.000        6.000        6.000        6.000        6.000
   600:        6.000        6.000        6.000        6.000        6.000
   605:        6.000        6.000        6.000        6.000        6.000
   610:        6.000        6.000        6.000        6.000        6.000
   615:        6.000        6.000        6.000        6.000        6.000
   620:        6.000        6.000        6.000        6.000        6.000
   625:        6.000        6.000        6.000        6.000        6.000
   630:        6.000        6.000        6.000        6.000        6.000
   635:        6.000        6.000        6.000        6.000        6.000
   640:        6.000        6.000        6.000        6.000        2.000
   645:        4.000       22.000       24.000       12.000       13.000
   650:        8.000        5.000       17.000        6.000       18.000
   655:       14.000       10.000        6.000       19.000       11.000
   660:        6.000        6.000        6.000        1.000        1.000
   665:        1.000        1.000        6.000        6.000        2.000
   670:        4.000       22.000       24.000       12.000       13.000
   675:        8.000        5.000       17.000       21.000       22.000
   680:       21.000       22.000       21.000       22.000       18.000
   685:        6.000       14.000       10.000        6.000       19.000
   690:       11.000        6.000        6.000        6.000        6.000
   695:        2.000        4.000       22.000       24.000       12.000
   700:       13.000        8.000        5.000       17.000        6.000
   705:       18.000       14.000       10.000       19.000       11.000
   710:        6.000        6.000        2.000        4.000       22.000
   715:       24.000       12.000       13.000        8.000        5.000
   720:       17.000        6.000       18.000       14.000       10.000
   725:        6.000       19.000       11.000        6.000        6.000
   730:        6.000        6.000        6.000        6.000        6.000
   735:        6.000        6.000        6.000        6.000        6.000
   740:        6.000        6.000        6.000        6.000        6.000
   745:        6.000        6.000        6.000        6.000        6.000
   750:        6.000        6.000        6.000        6.000        6.000
   755:        6.000        6.000        6.000        6.000        6.000
   760:        6.000        6.000        6.000        6.000        6.000
   765:        6.000        6.000        6.000        6.000        6.000
   770:      100.000
T:
     0:        0.000        0.000        0.000        0.000        4.000
     5:        4.000        4.000        4.010        4.010        4.010
    10:        4.010        4.010        4.010        7.440        8.010
    15:        9.010        9.010       14.000       14.010      129.210
    20:      130.630      132.060      143.000      146.800      148.830
    25:      210.150      210.150      210.150      210.160      210.160
    30:      210.160      210.160      210.160      210.160      210.690
    35:      210.690      211.810      214.160      215.160      215.160
    40:      216.080      219.310      219.410      220.150      220.160
    45:      233.650      251.390      251.390      251.390      251.400
    50:      251.400      251.400      251.400      251.400      251.400
    55:      255.180      255.400      256.400      256.400      261.390
    60:      261.400      310.790      381.410      381.410      381.410
    65:      381.420      381.420      381.420      381.420      381.420
    70:      381.420      385.420      386.420      386.420      391.410
    75:      391.420      431.690      431.690      431.690      431.700
    80:      431.700      431.700      431.700      431.700      431.700
    85:      435.700      435.990      436.700      436.700      441.690
    90:      441.700      465.170      465.170      465.170      465.180
    95:      465.180      465.180      465.180      465.180      465.180
   100:      465.900      469.180      469.440      469.440      470.180
   105:      470.180      475.170      475.180      488.350      495.530
   110:      495.530      495.530      495.540      495.540      495.540
   115:      495.540      495.540      495.540      497.190      497.320
   120:      499.540      500.540      500.540      505.530      505.540
   125:      862.820      900.480      945.710      998.650     1176.020
   130:     1258.170     1344.700     1565.590     1817.320     1817.540
   135:     1991.310     2034.910     2076.570     2114.070     2115.670
   140:     2325.240     2364.050     2364.410     2440.050     2580.980
   145:     2595.440     2596.230     2597.410     2597.790     2600.100
   150:     2605.300     2611.480     2615.140     2735.070     2745.490
   155:     2747.870     2752.140     2758.080     2768.090     2768.220
   160:     2785.910     2786.270     2786.610     2786.730     2786.990
   165:     2802.740     2807.940     2817.300     2828.070     2828.070
   170:     2828.070     2828.080     2828.080     2828.080     2828.080
   175:     2828.080     2828.080     2830.080     2830.150     2832.080
   180:     2833.080     2833.080     2834.370     2838.070     2838.080
   185:     2842.570     2848.510     2856.600     2856.600     2856.600
   190:     2856.610     2856.610     2856.610     2856.610     2856.610
   195:     2856.610     2859.920     2860.610     2861.610     2861.610
   200:     2866.420     2866.600     2866.610     2871.830     2872.470
   205:     2873.040     2879.260     2901.280     2902.390     2961.800
   210:     3006.190     3006.190     3006.190     3006.200     3006.200
   215:     3006.200     3006.200     3006.200     3006.200     3010.200
   220:     3011.200     3011.200     3012.240     3014.910     3015.080
   225:     3016.190     3016.200     3025.440     3025.440     3025.440
   230:     3025.450     3025.450     3025.450     3025.450     3025.450
   235:     3025.450     3029.450     3030.450     3030.450     3030.640
   240:     3035.440     3035.450     3052.960     3053.020     3066.100
   245:     3093.920     3093.920     3093.920     3093.930     3093.930
   250:     3093.930     3093.930     3093.930     3093.930     3096.750
   255:     3097.650     3097.870     3097.930     3098.930     3098.930
   260:     3100.360     3100.360     3103.230     3103.920     3103.930
   265:     3119.000     3119.000     3119.000     3119.010     3119.010
   270:     3119.010     3119.010     3119.010     3119.010     3119.190
   275:     3119.190     3119.680     3119.680     3120.030     3120.030
   280:     3122.210     3123.010     3124.010     3124.010     3129.000
   285:     3129.010     3134.340     3137.320     3141.870     3155.780
   290:     3155.780     3155.780     3155.790     3155.790     3155.790
   295:     3155.790     3155.790     3155.790     3156.200     3156.200
   300:     3159.790     3160.790     3160.790     3160.810     3165.780
   305:     3165.790     3192.250     3192.250     3192.250     3192.260
   310:     3192.260     3192.260     3192.260     3192.260     3192.260
   315:     3196.260     3197.260     3197.260     3202.250     3202.260
   320:     3212.700     3737.380     3777.750     4596.870     4605.310
   325:     4624.290     4638.150     4639.310     4648.510     4691.580
   330:     4705.390     4763.330     4763.470     4778.190     4793.530
   335:     5035.450     5036.590     5044.520     5085.430     5132.050
   340:     5133.730     5140.830     5144.350     5144.560     5150.540
   345:     5150.540     5150.540     5150.550     5150.550     5150.550
   350:     5150.550     5150.550     5150.550     5152.690     5154.550
   355:     5155.550     5155.550     5156.840     5157.750     5160.540
   360:     5160.550     5173.610     5173.610     5173.610     5173.620
   365:     5173.620     5173.620     5173.620     5173.620     5173.620
   370:     5174.920     5177.620     5178.620     5178.620     5183.610
   375:     5183.620     5190.940     5191.120     5191.480     5191.750
   380:     5192.780     5213.500     5218.030     5230.930     5235.760
   385:     5241.470     5242.270     5243.270     5243.520     5277.460
   390:     5388.800     5389.090     5533.090     5533.090     5533.090
   395:     5533.100     5533.100     5533.100     5533.100     5533.100
   400:     5533.100     5534.080     5537.100     5538.100     5538.100
   405:     5543.090     5543.100     5544.460     5765.700     5767.830
   410:     5771.960     5772.120     5780.020     5811.090     5889.910
   415:     5890.740     5907.540     5934.760     5968.390     6169.290
   420:     6277.150     6304.780     6317.370     6392.470     6395.120
   425:     6403.800     6440.290     6449.580     6477.300     6545.470
   430:     6552.890     6584.160     6592.640     6604.200     6670.860
   435:     6676.000     6685.810     6753.790     6760.270     6760.270
   440:     6760.270     6760.280     6760.280     6760.280     6760.280
   445:     6760.280     6760.280     6762.810     6764.280     6765.280
   450:     6765.280     6769.050     6770.270     6770.280     6797.410
   455:     6806.340     6811.950     6812.460     6816.700     6820.240
   460:     6824.240     6824.240     6824.240     6824.250     6824.250
   465:     6824.250     6824.250     6824.250     6824.250     6826.110
   470:     6826.110     6828.250     6828.460     6829.250     6829.250
   475:     6833.080     6834.240     6834.250     6849.530     6899.660
   480:     6905.820     6922.990     6999.030     6999.030     6999.030
   485:     6999.040     6999.040     6999.040     6999.040     6999.040
   490:     6999.040     7003.040     7004.040     7004.040     7009.030
   495:     7009.040     7012.680     7012.840     7018.130     7231.510
   500:     7367.190     7421.870     7466.870     7467.100     7469.490
   505:     7481.010     7508.900     7557.480     7577.380     7578.210
   510:     7582.710     7585.380     7585.740     7586.250     7586.570
   515:     7597.760     7623.690     7653.410     7778.620     7784.650
   520:     7791.780     7805.960     7823.570     7841.880     7842.590
   525:     7843.420     7870.450     7889.830     7899.960     7899.960
   530:     7899.960     7899.970     7899.970     7899.970     7899.970
   535:     7899.970     7899.970     7902.080     7903.970     7904.970
   540:     7904.970     7909.030     7909.960     7909.970     7927.540
   545:     7930.150     7935.650     7935.720     7948.320     7950.640
   550:     7975.070     7975.320     7976.580     7978.220     7985.040
   555:     7985.040     7985.040     7985.050     7985.050     7985.050
   560:     7985.050     7985.050     7985.050     7986.190     7986.310
   565:     7989.050     7990.050     7990.050     7995.040     7995.050
   570:     8145.440     8155.880     8222.630     8232.620     8232.870
   575:     8236.900     8515.700     8515.700     8515.700     8515.710
   580:     8515.710     8515.710     8515.710     8515.710     8515.710
   585:     8519.710     8520.710     8520.710     8525.700     8525.710
   590:     8528.390     8535.720     8549.270     8563.900     8580.030
   595:     8614.600     8615.690     8618.050     8631.560     8641.720
   600:     8670.630     8679.430     8700.000     8778.130     8778.270
   605:     8778.560     8778.890     8797.450     8881.140     8881.590
   610:     8893.890     8906.970     8981.690     8998.790     9029.790
   615:     9031.850     9033.360     9034.020     9047.990     9064.160
   620:     9102.620     9148.430     9169.470     9171.810     9351.570
   625:     9362.250     9365.610     9384.890     9386.450     9388.240
   630:     9388.430     9398.860     9453.300     9458.170     9458.730
   635:     9459.360     9460.520     9460.610     9505.350     9506.990
   640:     9507.880     9511.790     9755.950     9786.470     9793.000
   645:     9793.000     9793.000     9793.010     9793.010     9793.010
   650:     9793.010     9793.010     9793.010     9794.890     9797.010
   655:     9798.010     9798.010     9802.340     9803.000     9803.010
   660:     9827.280     9831.320     9838.290     9872.540     9890.330
   665:     9901.310     9903.240     9912.170     9929.280     9933.360
   670:     9933.360     9933.360     9933.370     9933.370     9933.370
   675:     9933.370     9933.370     9933.370     9933.390     9933.390
   680:     9934.670     9934.670     9935.870     9935.870     9937.370
   685:     9938.060     9938.370     9938.370     9941.440     9943.360
   690:     9943.370     9944.650     9944.800     9945.520     9946.250
   695:     9951.700     9951.700     9951.700     9951.710     9951.710
   700:     9951.710     9951.710     9951.710     9951.710     9955.240
   705:     9955.710     9956.710     9956.710     9961.700     9961.710
   710:     9965.890     9969.500     9977.340     9977.340     9977.340
   715:     9977.350     9977.350     9977.350     9977.350     9977.350
   720:     9977.350     9979.870     9981.350     9982.350     9982.350
   725:     9985.250     9987.340     9987.350     9989.100     9989.210
   730:    10004.820    10009.990    10014.600    10018.620    10019.560
   735:    10020.110    10020.850    10021.990    10022.180    10023.040
   740:    10023.320    10024.070    10033.290    10033.450    10034.120
   745:    10034.760    10035.730    10046.410    10047.000    10126.470
   750:    10128.610    10136.690    10137.100    10137.440    10138.410
   755:    10139.250    10141.440    10142.000    10149.020    10150.510
   760:    10158.680    10304.110    10319.260    10324.230    10325.560
   765:    10327.540    10329.850    10333.250    10583.310    10583.510
   770:    10800.000
