File: C:\MED-PC\Data\2025-03-04_10h14m_Subject 83.txt


Start Date: 03/04/25
End Date: 03/04/25
Subject: 83
Experiment: OralFentSA
Group: One
Box: 11
Start Time: 10:14:29
End Time: 13:14:39
MSN: 20241014_Golden_Liq_SelfAdmin
F:       0.000
G:     992.000
H:   10800.000
I:       0.000
J:       0.000
K:       0.000
L:       0.000
M:       0.000
N:       0.000
O:       0.000
P:       0.000
Q:       0.000
R:       0.000
S:       0.000
U:       0.000
V:       0.000
W:       0.000
X:       0.000
Y:       0.000
Z:       0.000
A:
     0:        0.000        0.000      180.000        4.000        0.000
     5:        5.000        0.000        5.000        0.000        0.000
    10:        1.000        0.000       10.000     1200.000       20.000
    15:        2.000      640.000        0.000        0.000        0.000
    20:        0.000
B:
     0:        0.000        0.000        0.000      400.000        0.000
     5:      500.000        0.000      500.000        0.000        0.000
    10:        0.000        0.000     1000.000   120000.000        0.000
    15:        0.000        0.000        0.000        0.000        0.000
    20:        0.000
C:
     0:       19.000       18.000        4.000        5.000      752.000
     5:    10274.660        4.720       15.000     2208.800      147.253
    10:        5.000        4.000       18.000        0.000        0.000
    15:        0.000        0.000        0.000        0.000        0.000
    20:        0.000
D:
     0:       26.210       47.330       34.400        3.430       16.890
     5:        2.060        4.860        5.950        6.340       17.010
    10:      396.440      996.750      558.960       87.450        4.720
E:
     0:       19.000       11.000       26.000       27.000        6.000
     5:        6.000        6.000        6.000        6.000        6.000
    10:        6.000        6.000        6.000        6.000        6.000
    15:        2.000        4.000       22.000       24.000       12.000
    20:       13.000        8.000        5.000       17.000       21.000
    25:       22.000       18.000       21.000       22.000       14.000
    30:       10.000       19.000       11.000        6.000        6.000
    35:        6.000        6.000        6.000        6.000        6.000
    40:        6.000        6.000        6.000        6.000        6.000
    45:        6.000        6.000        1.000        2.000        4.000
    50:       22.000       24.000       12.000       13.000        8.000
    55:        5.000       17.000       18.000       14.000       10.000
    60:       19.000       11.000        6.000        6.000        6.000
    65:        6.000        6.000        6.000        6.000        6.000
    70:        6.000        6.000        6.000        6.000        6.000
    75:        6.000        1.000        6.000        6.000        6.000
    80:        6.000        6.000        6.000        6.000        6.000
    85:        6.000        6.000        6.000        6.000        6.000
    90:        6.000        6.000        6.000        6.000        6.000
    95:        6.000        6.000        6.000        6.000        6.000
   100:        6.000        6.000        6.000        6.000        6.000
   105:        6.000        6.000        6.000        6.000        6.000
   110:        6.000        6.000        6.000        6.000        6.000
   115:        6.000        6.000        6.000        6.000        6.000
   120:        6.000        6.000        6.000        6.000        6.000
   125:        6.000       25.000       24.000       12.000       13.000
   130:        8.000        5.000       17.000       18.000       14.000
   135:       10.000       19.000       11.000        6.000        6.000
   140:        6.000        6.000        6.000        6.000        6.000
   145:        6.000        6.000        6.000        6.000        6.000
   150:        6.000        6.000        6.000        6.000        6.000
   155:        6.000        6.000        6.000        6.000        6.000
   160:        6.000        6.000        6.000        6.000        6.000
   165:        6.000        6.000        6.000        6.000        6.000
   170:        6.000        6.000        6.000        6.000        6.000
   175:        6.000        6.000        6.000        6.000        6.000
   180:        6.000        6.000        6.000        6.000        6.000
   185:        6.000        6.000        6.000        6.000        6.000
   190:        6.000        6.000        6.000        6.000        6.000
   195:        6.000        6.000        6.000        6.000        6.000
   200:        6.000        6.000        6.000        6.000        6.000
   205:        6.000        6.000        6.000        6.000        6.000
   210:        6.000        6.000        6.000        6.000        6.000
   215:        6.000        6.000        6.000        6.000        6.000
   220:       25.000       24.000       12.000       13.000        8.000
   225:        5.000       17.000        6.000       18.000       14.000
   230:       10.000        6.000       19.000       11.000        6.000
   235:        6.000        6.000        6.000        6.000        6.000
   240:        6.000        6.000        6.000        6.000        6.000
   245:        6.000        6.000        6.000        6.000        6.000
   250:        6.000        6.000        6.000        6.000        6.000
   255:        6.000        6.000        6.000        6.000        6.000
   260:        6.000        6.000        6.000        6.000        6.000
   265:        6.000        6.000        6.000        6.000        6.000
   270:        6.000        6.000        6.000        6.000        6.000
   275:        6.000        6.000        6.000        6.000        6.000
   280:        6.000        6.000        6.000        6.000        6.000
   285:        6.000        6.000        6.000        6.000        6.000
   290:        6.000        6.000        6.000        6.000        6.000
   295:        6.000        6.000        6.000        6.000        6.000
   300:        6.000        6.000        6.000        6.000        6.000
   305:        6.000        6.000        6.000        6.000        6.000
   310:        6.000        6.000        6.000        6.000        6.000
   315:        6.000        6.000        6.000        6.000        6.000
   320:        6.000        6.000        6.000        6.000        6.000
   325:        6.000        6.000        6.000        6.000        6.000
   330:        6.000        6.000        6.000        6.000        6.000
   335:        6.000        6.000        6.000        6.000        6.000
   340:        6.000        6.000        6.000        6.000        6.000
   345:        6.000        6.000        6.000        6.000        6.000
   350:        6.000        6.000        6.000        6.000        6.000
   355:        6.000        6.000        6.000        6.000        6.000
   360:        6.000        6.000        6.000        6.000        6.000
   365:        6.000        6.000        6.000        6.000        6.000
   370:        6.000        6.000        6.000        6.000        6.000
   375:        6.000        6.000        6.000        6.000        6.000
   380:        6.000        6.000        6.000        6.000        6.000
   385:        6.000        6.000        6.000        6.000        6.000
   390:        6.000        6.000        6.000        6.000        6.000
   395:        6.000        6.000        6.000        6.000        6.000
   400:        6.000        6.000        6.000        6.000        6.000
   405:        6.000        6.000        6.000        6.000        6.000
   410:        6.000        6.000        6.000        6.000        6.000
   415:        6.000        6.000        6.000        6.000        6.000
   420:        6.000        6.000        6.000        6.000        6.000
   425:        6.000        6.000        6.000        6.000        6.000
   430:        6.000        6.000        6.000        6.000        6.000
   435:        6.000        6.000        6.000        6.000        6.000
   440:        6.000        6.000        6.000        6.000        6.000
   445:        6.000        6.000        6.000        6.000        6.000
   450:        6.000        6.000        6.000        6.000        6.000
   455:        6.000        6.000        6.000        6.000        6.000
   460:        6.000        6.000        6.000        6.000        6.000
   465:        6.000        6.000        6.000        6.000        6.000
   470:        6.000        6.000        6.000        6.000        6.000
   475:        6.000        6.000        6.000        6.000        6.000
   480:        6.000        6.000        6.000        6.000        6.000
   485:        6.000        6.000        6.000        6.000        6.000
   490:        6.000        6.000        6.000        6.000        6.000
   495:        6.000        6.000        6.000        6.000        6.000
   500:        6.000        6.000        6.000        6.000        6.000
   505:        6.000        6.000        6.000        6.000        6.000
   510:        6.000        6.000        6.000        6.000        6.000
   515:        6.000        6.000        6.000        6.000        6.000
   520:        6.000        6.000        6.000        6.000        6.000
   525:        6.000        6.000        6.000        6.000        6.000
   530:        6.000        6.000        6.000        6.000        6.000
   535:        6.000        6.000        1.000        1.000        6.000
   540:        6.000        6.000        6.000        6.000        6.000
   545:        6.000        6.000        6.000        6.000        6.000
   550:        6.000        6.000       25.000       24.000       12.000
   555:       13.000        8.000        5.000       17.000       18.000
   560:       14.000       10.000       19.000       11.000        6.000
   565:        6.000        6.000        6.000        6.000        6.000
   570:        6.000        6.000        6.000        6.000        6.000
   575:        6.000        6.000        6.000        6.000        6.000
   580:        6.000        6.000        6.000        6.000        6.000
   585:        6.000        6.000        6.000        6.000        6.000
   590:        6.000        6.000        6.000        6.000        6.000
   595:        6.000        6.000        6.000        6.000        6.000
   600:        6.000        6.000        6.000        6.000        6.000
   605:        6.000        6.000        6.000        6.000        6.000
   610:        6.000        6.000        6.000        6.000        6.000
   615:        6.000        6.000        6.000        6.000        6.000
   620:        6.000        6.000        6.000        6.000        6.000
   625:        6.000        6.000        6.000        6.000        6.000
   630:        6.000        6.000        6.000        6.000        6.000
   635:        6.000        6.000        6.000        6.000        6.000
   640:        6.000        6.000        6.000        6.000        6.000
   645:        6.000        6.000        6.000        6.000        6.000
   650:        6.000        6.000        6.000        6.000        6.000
   655:        6.000        6.000        6.000        6.000        6.000
   660:        6.000        6.000        6.000        6.000        6.000
   665:        6.000        6.000        6.000        6.000        6.000
   670:        6.000        6.000        6.000        6.000        6.000
   675:        6.000        6.000        6.000        6.000        6.000
   680:        6.000        6.000        6.000        6.000        6.000
   685:        6.000        6.000        6.000        6.000        6.000
   690:        6.000        6.000        6.000        6.000        6.000
   695:        6.000        6.000        6.000        6.000        6.000
   700:        6.000        6.000        6.000        6.000        6.000
   705:        6.000        6.000        6.000        6.000        6.000
   710:        6.000        6.000        6.000        6.000        6.000
   715:        6.000        6.000        6.000        6.000        6.000
   720:       30.000       24.000       12.000       13.000        8.000
   725:        5.000       17.000        6.000       18.000       14.000
   730:       10.000       19.000       11.000        6.000        6.000
   735:        6.000        6.000        6.000        6.000        6.000
   740:        6.000        6.000        6.000        6.000        6.000
   745:        6.000        6.000        6.000        6.000        6.000
   750:       25.000       24.000       12.000       13.000        8.000
   755:        5.000       17.000       18.000        6.000       14.000
   760:       10.000       19.000       11.000        6.000        6.000
   765:        6.000        6.000        6.000        6.000        6.000
   770:        6.000        6.000        6.000        6.000        6.000
   775:        6.000        6.000        6.000        6.000        6.000
   780:        6.000        6.000        6.000        6.000        6.000
   785:        6.000        6.000        6.000        6.000        6.000
   790:        6.000        6.000        6.000        6.000       30.000
   795:       24.000       12.000       13.000        8.000        5.000
   800:       17.000       18.000       14.000       10.000        6.000
   805:        6.000       19.000       11.000        6.000        6.000
   810:        6.000        6.000        6.000       30.000       24.000
   815:       12.000       13.000        8.000        5.000       17.000
   820:       18.000        2.000        4.000       22.000       12.000
   825:        5.000       17.000       14.000       10.000       18.000
   830:       19.000       11.000        6.000       30.000       24.000
   835:       12.000       13.000        8.000        5.000       17.000
   840:       18.000       14.000       10.000       19.000       11.000
   845:       30.000       24.000       12.000       13.000        8.000
   850:        5.000       17.000       18.000       14.000       10.000
   855:       30.000       12.000       13.000        8.000        5.000
   860:       17.000       30.000       12.000       30.000       12.000
   865:       19.000       11.000       18.000       14.000       10.000
   870:       30.000       24.000       12.000       13.000        8.000
   875:        5.000       17.000       18.000       14.000       10.000
   880:       19.000       11.000        6.000        6.000       30.000
   885:       24.000       12.000       13.000        8.000        5.000
   890:       17.000       18.000       14.000       10.000       19.000
   895:       11.000        6.000        6.000        6.000        6.000
   900:        6.000        6.000        6.000        6.000        6.000
   905:       25.000       24.000       12.000       13.000        8.000
   910:        5.000       17.000       18.000       14.000       10.000
   915:       19.000       11.000        6.000        6.000        6.000
   920:        6.000        6.000       25.000       24.000       12.000
   925:       13.000        8.000        5.000       17.000       18.000
   930:       14.000       10.000       19.000       11.000        6.000
   935:        6.000        6.000       25.000       24.000       12.000
   940:       13.000        8.000        5.000       17.000       18.000
   945:       14.000       10.000       19.000       11.000        6.000
   950:        6.000        6.000        6.000        6.000        6.000
   955:        6.000        6.000       25.000       24.000       12.000
   960:       13.000        8.000        5.000       17.000       18.000
   965:        6.000       14.000       10.000       19.000       11.000
   970:        6.000        6.000        6.000        6.000        6.000
   975:        6.000        6.000        6.000        6.000        6.000
   980:        6.000        6.000        6.000        6.000        6.000
   985:        6.000        6.000        6.000        6.000        6.000
   990:        6.000        6.000      100.000
T:
     0:        0.000        0.000        0.000        0.000        6.180
     5:        6.430       10.030       27.160       27.740       91.930
    10:       96.530       97.430       97.510       98.280       98.330
    15:      120.430      120.430      120.430      120.440      120.440
    20:      120.440      120.440      120.440      120.440      124.330
    25:      124.330      124.440      124.950      124.950      125.440
    30:      125.440      130.430      130.440      146.650      151.080
    35:      151.660      151.770      155.210      156.310      156.510
    40:      172.560      175.190      176.360      217.540      217.890
    45:      218.620      218.700      226.720      251.130      251.130
    50:      251.130      251.140      251.140      251.140      251.140
    55:      251.140      251.140      255.140      256.140      256.140
    60:      261.130      261.140      298.470      309.110      309.900
    65:      334.930      336.280      358.830      399.720      450.960
    70:      455.150      455.840      457.470      457.520      505.660
    75:      505.800      576.820      691.320      799.020      818.530
    80:      844.970      846.060      850.930      859.920      862.850
    85:      863.660      863.810      863.890      880.190      882.320
    90:      883.280      944.600      952.880      956.320      961.850
    95:      961.890      961.920      993.640      994.820      994.850
   100:      996.700      998.320      998.360      999.000      999.090
   105:     1000.760     1003.310     1004.110     1004.310     1022.860
   110:     1024.010     1024.430     1025.690     1046.130     1046.280
   115:     1145.520     1146.390     1275.150     1275.460     1400.780
   120:     1401.430     1401.460     1404.430     1438.590     1439.550
   125:     1439.620     1461.130     1461.140     1461.140     1461.140
   130:     1461.140     1461.140     1461.140     1465.140     1466.140
   135:     1466.140     1471.130     1471.140     1495.540     1495.660
   140:     1495.960     1504.080     1505.200     1533.260     1563.340
   145:     1590.070     1600.560     1600.580     1604.230     1604.320
   150:     1604.780     1605.740     1605.990     1606.190     1607.100
   155:     1607.140     1607.460     1607.640     1613.960     1614.140
   160:     1614.420     1614.500     1614.580     1616.520     1616.680
   165:     1616.820     1617.420     1622.940     1716.290     1716.910
   170:     1716.930     1717.130     1720.530     1720.870     1721.980
   175:     1737.070     1784.550     1988.560     2005.700     2006.650
   180:     2007.130     2007.270     2014.760     2015.930     2016.500
   185:     2016.590     2372.290     2399.080     2481.950     2489.580
   190:     2492.710     2492.810     2493.070     2495.290     2497.430
   195:     2497.770     2498.690     2498.830     2498.920     2610.440
   200:     2610.830     2612.740     2612.810     2613.310     2613.400
   205:     2613.500     2614.860     2618.040     2618.350     2618.390
   210:     2618.940     2619.720     2622.260     2622.430     2622.950
   215:     2622.990     2664.340     2665.250     2669.240     2671.000
   220:     2671.130     2671.140     2671.140     2671.140     2671.140
   225:     2671.140     2671.140     2674.570     2675.140     2676.140
   230:     2676.140     2679.480     2681.130     2681.140     2681.240
   235:     2681.370     2682.840     2683.380     2684.620     2686.740
   240:     2688.580     2690.350     2690.390     2691.180     2693.290
   245:     2693.410     2693.940     2694.170     2694.690     2695.020
   250:     2700.330     2700.590     2701.470     2701.500     2701.570
   255:     2702.240     2702.280     2702.560     2703.350     2706.680
   260:     2749.190     2749.880     2750.420     2750.460     2750.730
   265:     2751.430     2751.460     2752.650     2752.710     2753.210
   270:     2753.280     2753.680     2753.740     2755.420     2755.820
   275:     2755.850     2756.400     2756.730     2756.760     2757.770
   280:     2757.980     2758.520     2758.740     2758.800     2758.980
   285:     2759.050     2759.450     2759.700     2760.950     2760.980
   290:     2761.150     2766.440     2766.690     2771.900     2772.160
   295:     2773.020     2773.170     2773.490     2775.840     2776.820
   300:     2777.910     2778.320     2778.430     2778.540     2778.650
   305:     2779.970     2780.240     2781.470     2783.420     2783.610
   310:     2784.600     2784.900     2784.930     2785.280     2785.450
   315:     2791.380     2792.920     2793.380     2793.430     2794.070
   320:     2795.380     2799.220     2800.090     2800.570     2800.610
   325:     2800.740     2800.910     2801.330     2802.190     2803.240
   330:     2803.580     2803.640     2806.450     2806.990     2807.670
   335:     2808.290     2808.520     2808.610     2814.010     2814.780
   340:     2815.220     2815.410     2816.150     2816.770     2816.960
   345:     2817.240     2817.820     2818.470     2818.990     2836.990
   350:     2837.600     2846.020     2880.150     2880.610     2909.490
   355:     2911.910     2912.480     2913.920     2933.460     2933.720
   360:     2933.870     2934.670     2957.930     2961.230     2963.000
   365:     2963.440     2963.950     2964.030     2964.150     2964.870
   370:     2965.030     2965.180     2965.300     2965.430     2969.400
   375:     2969.510     2969.640     2970.790     2970.830     2971.920
   380:     2972.850     2973.130     2973.330     2973.630     2973.650
   385:     2974.670     2974.820     2976.820     2980.200     2980.320
   390:     2980.450     3018.550     3018.690     3019.940     3020.390
   395:     3023.220     3023.300     3073.140     3076.040     3076.210
   400:     3076.470     3078.260     3079.490     3079.540     3079.660
   405:     3079.880     3080.160     3081.770     3104.080     3104.150
   410:     3104.320     3111.300     3111.660     3111.870     3112.000
   415:     3112.250     3113.700     3157.800     3158.640     3163.890
   420:     3165.710     3166.630     3166.670     3166.770     3168.360
   425:     3169.570     3169.670     3169.990     3262.910     3263.050
   430:     3265.950     3267.530     3269.000     3272.690     3272.980
   435:     3273.190     3276.400     3276.470     3276.690     3278.140
   440:     3278.200     3283.060     3290.980     3291.180     3291.480
   445:     3297.320     3304.780     3306.160     3306.260     3306.660
   450:     3308.630     3310.130     3310.520     3311.670     3311.720
   455:     3312.110     3312.570     3313.030     3317.600     3318.760
   460:     3318.800     3319.840     3319.890     3320.020     3320.270
   465:     3320.620     3322.300     3322.390     3335.440     3342.260
   470:     3342.350     3343.340     3343.590     3343.620     3344.050
   475:     3344.640     3344.880     3345.600     3346.430     3347.110
   480:     3347.300     3347.500     3347.840     3349.120     3349.490
   485:     3349.590     3350.420     3368.250     3368.530     3368.730
   490:     3368.830     3370.380     3370.920     3376.430     3376.580
   495:     3376.780     3377.230     3378.470     3378.560     3378.870
   500:     3379.370     3379.610     3379.730     3379.800     3380.050
   505:     3380.080     3380.700     3380.760     3382.010     3383.360
   510:     3385.200     3385.520     3388.350     3388.900     3389.460
   515:     3407.670     3408.100     3408.670     3408.810     3408.880
   520:     3408.910     3410.490     3410.690     3410.840     3412.190
   525:     3412.210     3412.740     3413.170     3413.650     3413.990
   530:     3414.700     3415.560     3415.590     3416.440     3419.280
   535:     3458.810     3458.890     3582.780     3586.990     3595.470
   540:     3595.590     3596.140     3598.200     3598.740     3598.830
   545:     3604.970     3606.470     3606.500     3638.570     3644.130
   550:     3646.750     3646.830     3881.130     3881.140     3881.140
   555:     3881.140     3881.140     3881.140     3881.140     3885.140
   560:     3886.140     3886.140     3891.130     3891.140     3898.030
   565:     3916.990     3933.530     3933.880     3933.910     3990.830
   570:     3992.890     3999.850     4002.580     4002.610     4002.880
   575:     4002.980     4003.070     4005.080     4005.130     4005.200
   580:     4025.910     4030.330     4030.540     4031.030     4031.090
   585:     4031.360     4031.480     4031.540     4052.630     4088.950
   590:     4089.190     4089.810     4089.890     4096.370     4097.050
   595:     4097.080     4128.920     4129.110     4129.860     4130.170
   600:     4130.460     4130.560     4130.650     4130.730     4130.930
   605:     4131.110     4131.200     4131.280     4131.380     4131.520
   610:     4131.660     4135.370     4139.790     4140.120     4140.620
   615:     4144.550     4146.670     4176.720     4177.060     4177.770
   620:     4178.270     4179.280     4181.060     4181.130     4181.210
   625:     4244.570     4299.430     4299.980     4300.030     4319.090
   630:     4320.680     4322.290     4323.730     4324.300     4325.250
   635:     4325.520     4327.700     4339.270     4341.500     4342.810
   640:     4342.880     4343.700     4343.720     4344.470     4345.250
   645:     4346.280     4347.150     4396.340     4397.220     4397.250
   650:     4412.550     4414.280     4414.330     4414.370     4414.430
   655:     4414.500     4415.180     4423.260     4423.440     4423.490
   660:     4424.380     4424.420     4424.540     4425.100     4428.710
   665:     4428.770     4431.760     4431.830     4432.370     4432.860
   670:     4434.230     4434.460     4435.000     4435.180     4435.880
   675:     4435.980     4480.360     4497.390     4497.610     4498.000
   680:     4590.970     4595.290     4595.410     4595.540     4595.830
   685:     4597.630     4597.830     4598.300     4598.390     4598.500
   690:     4600.160     4612.600     4613.450     4613.940     4614.200
   695:     4614.430     4615.240     4616.930     4617.960     4618.030
   700:     4619.150     4841.330     4842.050     4927.010     4929.370
   705:     4931.480     4932.140     4932.210     4932.260     4932.300
   710:     4932.390     4936.100     4936.210     4936.690     4936.770
   715:     4937.740     4937.920     4938.680     4938.890     4947.030
   720:     5026.030     5026.030     5026.030     5026.030     5026.030
   725:     5026.030     5026.030     5028.090     5030.030     5031.030
   730:     5031.030     5036.020     5036.030     5040.230     5040.260
   735:     5041.770     5043.690     5049.010     5049.050     5071.840
   740:     5072.570     5072.800     5075.300     5075.840     5075.960
   745:     5078.890     5082.700     5082.990     5083.250     5083.870
   750:     5091.130     5091.140     5091.140     5091.140     5091.140
   755:     5091.140     5091.140     5095.140     5096.000     5096.140
   760:     5096.140     5101.130     5101.140     5106.890     5108.060
   765:     5112.620     5113.140     5118.460     5132.530     5133.960
   770:     5134.110     5134.670     5135.140     5135.430     5139.290
   775:     5144.380     5144.970     5145.050     5145.100     5145.870
   780:     5146.220     5146.290     5146.430     5146.470     5146.590
   785:     5146.950     5151.460     5151.760     5152.190     5152.580
   790:     5153.930     5202.740     5203.170     5216.320     5325.230
   795:     5325.230     5325.230     5325.230     5325.230     5325.230
   800:     5325.230     5329.230     5330.230     5330.230     5331.180
   805:     5331.630     5335.220     5335.230     5335.840     5406.480
   810:     5406.930     5407.440     5407.830     5434.660     5434.660
   815:     5434.660     5434.660     5434.660     5434.660     5434.660
   820:     5438.660     5438.800     5438.800     5438.800     5438.810
   825:     5438.810     5438.810     5439.660     5439.660     5442.810
   830:     5444.650     5444.660     5445.150     5639.810     5639.810
   835:     5639.810     5639.810     5639.810     5639.810     5639.810
   840:     5643.810     5644.810     5644.810     5649.800     5649.810
   845:     5739.830     5739.830     5739.830     5739.830     5739.830
   850:     5739.830     5739.830     5743.830     5744.830     5744.830
   855:     5747.160     5747.160     5747.160     5747.160     5747.160
   860:     5747.160     5747.370     5747.370     5747.520     5747.520
   865:     5749.820     5749.830     5751.160     5752.160     5752.160
   870:     5845.950     5845.950     5845.950     5845.950     5845.950
   875:     5845.950     5845.950     5849.950     5850.950     5850.950
   880:     5855.940     5855.950     5862.960     5865.650     5884.920
   885:     5884.920     5884.920     5884.920     5884.920     5884.920
   890:     5884.920     5888.920     5889.920     5889.920     5894.910
   895:     5894.920     6281.360     6283.230     6283.420     6286.860
   900:     6298.680     6367.940     6371.140     6372.150     6392.950
   905:     6644.650     6644.660     6644.660     6644.660     6644.660
   910:     6644.660     6644.660     6648.660     6649.660     6649.660
   915:     6654.650     6654.660     7641.410     7650.740     7689.710
   920:     7743.480     7756.130     7854.650     7854.660     7854.660
   925:     7854.660     7854.660     7854.660     7854.660     7858.660
   930:     7859.660     7859.660     7864.650     7864.660     8413.620
   935:     8426.250     8746.620     9064.650     9064.660     9064.660
   940:     9064.660     9064.660     9064.660     9064.660     9068.660
   945:     9069.660     9069.660     9074.650     9074.660     9152.110
   950:     9345.160     9682.840     9688.990     9695.260     9900.260
   955:    10134.480    10136.310    10274.650    10274.660    10274.660
   960:    10274.660    10274.660    10274.660    10274.660    10278.660
   965:    10279.380    10279.660    10279.660    10284.650    10284.660
   970:    10286.050    10286.400    10288.390    10291.870    10291.980
   975:    10292.060    10342.150    10345.590    10352.660    10352.830
   980:    10537.620    10538.320    10540.480    10542.980    10543.400
   985:    10543.740    10544.660    10545.410    10546.830    10547.290
   990:    10549.140    10549.440    10800.000
