File: C:\MED-PC\Data\2025-03-07_13h51m_Subject 94.txt


Start Date: 03/07/25
End Date: 03/07/25
Subject: 94
Experiment: OralFentSA
Group: One
Box: 11
Start Time: 13:51:03
End Time: 16:51:11
MSN: 20241014_Golden_Liq_SelfAdmin
F:       0.000
G:    1169.000
H:   10800.000
I:       0.000
J:       0.000
K:       0.000
L:       0.000
M:       0.000
N:       0.000
O:       0.000
P:       0.000
Q:       0.000
R:       0.000
S:       0.000
U:       0.000
V:       0.000
W:       0.000
X:       0.000
Y:       0.000
Z:       0.000
A:
     0:        0.000        0.000      180.000        4.000        0.000
     5:        5.000        0.000        5.000        0.000        0.000
    10:        1.000        0.000       10.000     3000.000       16.000
    15:        5.000      640.000        0.000        0.000        0.000
    20:        0.000
B:
     0:        0.000        0.000        0.000      400.000        0.000
     5:      500.000        0.000      500.000        0.000        0.000
    10:        0.000        0.000     1000.000   300000.000        0.000
    15:        0.000        0.000        0.000        0.000        0.000
    20:        0.000
C:
     0:       14.000       14.000       12.000       16.000      954.000
     5:     9904.410        5.780       12.000      266.430       22.203
    10:       16.000       12.000        7.000        0.000        0.000
    15:        0.000        0.000        0.000        0.000        0.000
    20:        0.000
D:
     0:       86.200        1.430        8.210       24.160        2.270
     5:        9.190        1.250        3.150        2.600        1.590
    10:      120.600        5.780
E:
     0:       19.000       11.000       26.000       27.000        6.000
     5:        1.000        6.000        6.000        6.000        6.000
    10:        6.000        6.000        6.000        6.000        6.000
    15:        6.000        6.000        6.000        6.000        6.000
    20:        6.000        6.000        2.000        4.000       22.000
    25:       24.000       12.000       13.000        8.000        5.000
    30:       17.000       18.000       14.000       10.000       19.000
    35:       11.000        6.000        6.000        6.000        6.000
    40:        6.000        6.000        6.000        6.000        6.000
    45:        6.000        6.000        6.000        6.000        6.000
    50:        6.000        6.000        6.000        6.000        6.000
    55:        6.000        1.000        1.000        1.000        1.000
    60:        6.000        6.000        6.000        6.000        6.000
    65:        6.000        6.000        6.000        6.000        6.000
    70:        1.000        6.000        6.000        6.000        6.000
    75:        6.000        6.000        6.000        6.000        6.000
    80:        6.000        6.000        6.000        6.000        6.000
    85:        6.000        6.000        6.000        6.000        6.000
    90:        6.000        6.000        6.000        6.000        6.000
    95:        6.000        6.000        6.000        6.000        6.000
   100:        6.000        6.000        6.000        6.000        6.000
   105:        6.000        6.000        6.000        6.000        6.000
   110:        6.000        6.000        6.000        6.000        6.000
   115:        6.000        6.000        6.000        6.000        6.000
   120:        6.000        6.000        6.000        6.000        6.000
   125:        6.000        6.000        6.000        6.000        6.000
   130:        6.000        6.000        6.000        6.000        6.000
   135:        6.000        6.000        6.000        6.000        6.000
   140:        6.000        6.000        6.000        6.000        6.000
   145:        6.000        6.000        6.000        6.000        6.000
   150:        6.000        6.000        6.000        6.000        6.000
   155:        1.000        6.000        6.000        6.000        6.000
   160:        6.000        6.000        6.000        6.000        6.000
   165:        6.000        6.000        6.000        6.000        6.000
   170:        1.000        6.000        6.000        6.000        6.000
   175:        6.000        6.000        6.000        6.000        6.000
   180:        6.000        6.000        6.000        6.000        6.000
   185:        6.000        6.000        6.000        6.000        6.000
   190:        6.000        6.000        6.000        6.000        6.000
   195:        6.000        6.000        6.000        6.000        6.000
   200:        6.000        6.000        6.000        6.000        6.000
   205:        6.000        6.000        6.000        6.000        6.000
   210:        6.000        6.000        6.000        6.000        6.000
   215:        6.000        6.000        6.000        6.000        6.000
   220:        6.000        6.000        6.000        6.000        6.000
   225:        6.000        6.000        6.000        6.000        6.000
   230:        6.000        6.000        6.000        6.000        6.000
   235:        6.000        6.000        6.000        6.000        6.000
   240:        6.000        6.000        6.000        6.000        6.000
   245:        6.000        2.000        4.000       22.000       24.000
   250:       12.000       13.000        8.000        5.000       17.000
   255:        6.000        6.000        6.000       18.000       14.000
   260:       10.000        6.000        6.000       19.000       11.000
   265:        6.000        6.000        6.000        6.000        6.000
   270:        6.000        6.000        6.000        6.000        6.000
   275:        6.000        2.000        4.000       22.000       24.000
   280:       12.000       13.000        8.000        5.000       17.000
   285:       21.000       22.000       18.000       14.000       10.000
   290:       19.000       11.000        2.000        4.000       22.000
   295:       24.000       12.000       13.000        8.000        5.000
   300:       17.000       21.000       22.000       21.000       22.000
   305:       18.000       14.000       10.000        6.000       19.000
   310:       11.000        2.000        4.000       22.000       24.000
   315:       12.000       13.000        8.000        5.000       17.000
   320:       21.000       22.000       21.000       22.000       18.000
   325:       14.000       10.000       19.000       11.000        2.000
   330:        4.000       22.000       24.000       12.000       13.000
   335:        8.000        5.000       17.000       21.000       22.000
   340:       21.000       22.000       18.000       14.000       10.000
   345:       19.000       11.000        6.000        6.000        6.000
   350:        6.000        6.000        6.000        6.000        6.000
   355:        6.000        6.000        6.000        6.000        6.000
   360:        6.000        6.000        6.000        6.000        6.000
   365:        6.000        6.000        6.000        6.000        6.000
   370:        6.000        6.000        6.000        6.000        6.000
   375:        6.000        6.000        6.000        6.000        6.000
   380:        6.000        6.000        6.000        6.000        6.000
   385:        6.000        6.000        6.000        6.000        6.000
   390:        6.000        6.000        6.000        6.000        6.000
   395:        6.000        6.000        6.000        6.000        6.000
   400:        6.000        6.000        6.000        6.000        6.000
   405:        6.000        6.000        6.000        6.000        6.000
   410:        6.000        6.000        6.000        6.000        6.000
   415:        6.000        6.000        6.000        6.000        6.000
   420:        6.000        6.000        6.000        6.000        6.000
   425:        6.000        6.000        6.000        6.000        6.000
   430:        6.000        6.000        6.000        6.000        6.000
   435:        6.000        6.000        6.000        6.000        6.000
   440:        6.000        6.000        6.000        6.000        6.000
   445:        6.000        6.000        6.000        6.000        6.000
   450:        6.000        6.000        6.000        6.000        6.000
   455:        6.000        6.000        6.000        6.000        6.000
   460:        6.000        6.000        6.000        6.000        6.000
   465:        6.000        6.000        6.000        6.000        6.000
   470:        6.000        6.000        6.000        6.000        6.000
   475:        6.000        6.000        6.000        6.000        6.000
   480:        6.000        6.000        6.000        6.000        6.000
   485:        6.000        6.000        6.000        6.000        6.000
   490:        6.000        6.000        6.000        6.000        6.000
   495:        6.000        6.000        6.000        6.000        6.000
   500:        6.000        6.000        6.000        6.000        6.000
   505:        6.000        6.000        6.000        6.000        6.000
   510:        6.000        6.000        6.000        6.000        6.000
   515:        6.000        6.000        6.000        6.000        6.000
   520:        6.000        6.000        6.000        6.000        6.000
   525:        6.000        6.000        6.000        6.000        6.000
   530:        6.000        6.000        6.000        6.000        6.000
   535:        6.000        6.000        6.000        6.000        6.000
   540:        6.000        6.000        6.000        6.000        6.000
   545:        6.000        6.000        6.000        6.000        6.000
   550:       25.000       24.000       12.000       13.000        8.000
   555:        5.000       17.000        6.000        6.000       18.000
   560:       14.000       10.000        6.000       19.000       11.000
   565:        6.000        6.000        6.000        6.000        6.000
   570:        6.000        6.000        6.000        6.000        6.000
   575:        6.000        6.000        6.000        6.000        6.000
   580:        6.000        6.000        6.000        6.000        6.000
   585:        6.000        6.000        6.000        6.000        6.000
   590:        6.000        6.000        6.000        6.000        6.000
   595:        6.000        6.000        6.000        6.000        6.000
   600:        6.000        6.000        6.000        6.000        6.000
   605:        6.000        6.000        6.000        6.000        6.000
   610:        6.000        6.000        6.000        6.000        6.000
   615:        6.000        6.000        6.000        6.000        6.000
   620:        6.000        6.000        6.000        6.000        6.000
   625:        6.000        6.000        6.000        6.000        6.000
   630:        6.000        6.000        6.000        6.000        6.000
   635:        6.000        1.000        6.000        6.000        6.000
   640:        6.000        6.000        6.000        6.000        6.000
   645:        6.000        6.000        6.000        6.000        6.000
   650:        6.000        6.000        6.000        6.000        6.000
   655:        6.000        6.000        6.000        6.000        6.000
   660:        6.000        6.000        6.000        6.000        6.000
   665:        6.000        6.000        6.000        6.000        6.000
   670:        6.000        6.000        6.000        6.000        6.000
   675:        6.000        6.000        6.000        6.000        6.000
   680:        6.000        6.000        6.000        6.000        6.000
   685:        6.000        6.000        6.000        6.000        6.000
   690:        6.000        6.000        6.000        6.000        6.000
   695:        6.000        6.000        6.000        6.000        6.000
   700:        6.000        6.000        6.000        6.000        6.000
   705:        6.000        6.000        6.000        6.000        6.000
   710:        6.000        6.000        6.000        6.000        6.000
   715:        6.000        6.000        2.000        4.000       22.000
   720:       24.000       12.000       13.000        8.000        5.000
   725:       17.000       21.000       22.000       18.000       14.000
   730:       10.000        6.000       19.000       11.000        6.000
   735:        6.000        6.000        6.000        6.000        6.000
   740:        6.000        6.000        6.000        6.000        6.000
   745:        6.000        6.000        6.000        6.000        6.000
   750:        6.000        6.000        6.000        6.000        6.000
   755:        6.000        6.000        6.000        6.000        6.000
   760:        6.000        6.000        6.000        6.000        6.000
   765:        6.000        6.000        6.000        6.000        6.000
   770:        6.000        6.000        6.000        6.000        6.000
   775:        6.000        6.000        6.000        6.000        6.000
   780:        6.000        6.000        6.000        6.000        6.000
   785:        6.000        6.000        6.000        6.000        6.000
   790:        6.000        6.000        6.000        1.000        1.000
   795:        2.000        4.000       22.000       24.000       12.000
   800:       13.000        8.000        5.000       17.000        6.000
   805:        6.000       18.000        6.000       14.000       10.000
   810:        6.000       19.000       11.000        6.000        6.000
   815:        6.000        6.000        6.000        6.000        6.000
   820:        6.000        6.000        6.000        6.000        6.000
   825:        6.000        6.000        6.000        6.000        6.000
   830:        6.000        6.000        6.000        6.000        6.000
   835:        6.000        6.000        6.000        6.000        6.000
   840:        6.000        6.000        6.000        6.000        6.000
   845:        6.000        6.000        6.000        6.000        6.000
   850:        6.000        6.000        6.000        6.000        6.000
   855:        6.000        6.000        6.000        6.000        6.000
   860:        6.000        6.000        6.000        6.000        6.000
   865:        6.000        6.000        6.000        6.000        6.000
   870:        6.000        6.000        6.000        6.000        6.000
   875:        6.000        6.000        6.000        6.000        6.000
   880:        6.000        6.000        6.000        6.000        6.000
   885:        6.000        6.000        6.000        6.000        6.000
   890:        6.000        6.000        6.000        6.000        6.000
   895:        6.000        6.000        6.000        6.000        6.000
   900:        6.000       30.000       24.000       12.000       13.000
   905:        8.000        5.000       17.000        6.000       30.000
   910:       12.000       18.000       14.000       10.000       30.000
   915:       12.000       13.000        8.000        5.000       17.000
   920:        6.000        6.000       19.000       11.000       18.000
   925:       14.000       10.000        6.000        6.000        6.000
   930:        6.000        6.000        6.000        6.000        6.000
   935:        6.000        1.000        6.000        6.000        6.000
   940:        6.000        6.000        6.000        6.000        6.000
   945:        6.000        6.000        6.000        6.000        6.000
   950:        6.000        6.000        6.000        6.000        6.000
   955:        6.000        6.000        6.000        6.000        6.000
   960:        6.000        6.000        6.000        6.000        6.000
   965:        6.000        6.000        6.000        6.000        6.000
   970:        6.000        6.000        6.000        6.000        6.000
   975:        6.000        6.000        6.000        6.000       30.000
   980:       24.000       12.000       13.000        8.000        5.000
   985:       17.000        6.000       18.000       14.000       10.000
   990:        6.000       19.000       11.000        6.000        6.000
   995:        6.000        6.000        6.000        6.000        6.000
  1000:        6.000        6.000        6.000        6.000        6.000
  1005:        6.000        6.000        6.000        6.000        6.000
  1010:        6.000        6.000        6.000        6.000        6.000
  1015:        6.000        6.000        6.000        6.000        6.000
  1020:        6.000        6.000        6.000        6.000        6.000
  1025:        6.000        6.000        6.000        6.000        6.000
  1030:        6.000        6.000        6.000        6.000        6.000
  1035:        6.000        6.000        6.000        6.000        6.000
  1040:        6.000       30.000       24.000       12.000       13.000
  1045:        8.000        5.000       17.000       18.000       14.000
  1050:       10.000       19.000       11.000        6.000        6.000
  1055:        6.000        6.000        6.000        6.000        6.000
  1060:        6.000        6.000        6.000        6.000        6.000
  1065:        6.000        6.000        6.000        6.000        6.000
  1070:        6.000        6.000        6.000        6.000        6.000
  1075:        6.000        6.000        6.000        6.000        6.000
  1080:        6.000        6.000        6.000        6.000        6.000
  1085:        6.000        6.000        6.000        6.000        6.000
  1090:        6.000        6.000        6.000        6.000        6.000
  1095:        6.000        6.000        6.000        6.000        6.000
  1100:        6.000        6.000        6.000        6.000        6.000
  1105:        6.000        6.000        6.000        6.000        6.000
  1110:        6.000        6.000        6.000        6.000        6.000
  1115:        6.000        6.000       30.000       24.000       12.000
  1120:       13.000        8.000        5.000       17.000       18.000
  1125:       14.000       10.000        6.000        6.000       19.000
  1130:       11.000        6.000        6.000        6.000        6.000
  1135:        6.000        6.000        6.000        6.000        6.000
  1140:        6.000        6.000        6.000        6.000        6.000
  1145:        6.000        6.000        6.000        6.000        6.000
  1150:        6.000        6.000        6.000        6.000        6.000
  1155:        6.000        6.000        6.000        6.000        6.000
  1160:        6.000        6.000        6.000        6.000        6.000
  1165:        6.000        6.000        6.000        6.000      100.000
T:
     0:        0.000        0.000        0.000        0.000       39.960
     5:       70.010      111.570      113.940      115.700      116.390
    10:      117.090      119.780      120.270      120.340      123.740
    15:      124.060      124.280      158.300      158.510      182.040
    20:      182.240      182.670      206.580      206.580      206.580
    25:      206.590      206.590      206.590      206.590      206.590
    30:      206.590      210.590      211.590      211.590      216.580
    35:      216.590      292.790      294.530      295.630      298.590
    40:      300.520      300.620      311.530      363.870      364.680
    45:      364.830      391.400      392.090      392.590      393.710
    50:      433.070      433.310      494.350      496.430      497.140
    55:      498.320      532.230      532.540      535.570      536.830
    60:      570.020      570.410      570.490      571.050      594.280
    65:      595.580      597.010      597.090      682.330      683.340
    70:      697.170      713.730      715.070      796.660      797.210
    75:      798.350      798.430      798.480      798.880      810.040
    80:      810.840      810.890      810.930      848.560      849.000
    85:      849.090      849.530      850.040      851.190      884.630
    90:      884.860      888.300      888.340      892.830      895.350
    95:      897.810      899.190      899.360      899.500      899.560
   100:      900.060      900.850      901.360      901.400      901.430
   105:      901.530      901.980      902.260      903.620      904.150
   110:      904.200      904.330      906.130      907.690      908.010
   115:      909.020      909.330      911.980      913.120      996.570
   120:      997.410      997.490      997.700      997.750      998.990
   125:     1009.540     1010.930     1011.320     1011.840     1030.920
   130:     1031.560     1051.540     1057.860     1058.250     1166.180
   135:     1166.710     1169.630     1175.630     1179.880     1179.920
   140:     1180.020     1180.110     1191.010     1197.230     1197.290
   145:     1197.320     1198.320     1199.020     1199.150     1201.270
   150:     1201.470     1201.790     1209.910     1211.970     1212.030
   155:     1230.460     1256.330     1284.230     1284.600     1286.010
   160:     1287.130     1289.030     1289.510     1315.560     1315.850
   165:     1316.240     1316.570     1327.320     1358.550     1359.070
   170:     1362.350     1387.210     1387.620     1396.950     1552.270
   175:     1552.440     1553.030     1555.920     1555.950     1556.070
   180:     1556.090     1556.350     1558.820     1561.800     1562.900
   185:     1562.930     1565.110     1565.640     1566.510     1566.660
   190:     1602.240     1603.960     1606.730     1609.380     1612.530
   195:     1612.600     1612.790     1612.880     1612.980     1613.270
   200:     1627.330     1695.450     1696.120     1696.440     1696.480
   205:     1697.700     1698.210     1698.610     1699.000     1699.050
   210:     1700.650     1705.070     1705.090     1705.610     1706.080
   215:     1733.680     1747.990     1751.120     1831.930     1833.620
   220:     1833.670     1833.810     1851.630     1883.930     1888.120
   225:     1888.760     1898.100     1898.230     1898.450     1913.260
   230:     1913.420     1941.490     1941.860     1952.370     1952.670
   235:     1952.920     1954.590     1958.320     1960.050     1960.100
   240:     1960.150     1960.240     1960.330     1966.080     1967.080
   245:     1977.740     1998.160     1998.160     1998.160     1998.170
   250:     1998.170     1998.170     1998.170     1998.170     1998.170
   255:     1999.600     1999.840     2000.440     2002.170     2003.170
   260:     2003.170     2005.550     2006.960     2008.160     2008.170
   265:     2074.160     2075.690     2112.690     2114.530     2231.080
   270:     2335.690     2337.320     2337.970     2338.080     2338.190
   275:     2338.310     2352.900     2352.900     2352.900     2352.910
   280:     2352.910     2352.910     2352.910     2352.910     2352.910
   285:     2354.060     2354.060     2356.910     2357.910     2357.910
   290:     2362.900     2362.910     2369.290     2369.290     2369.290
   295:     2369.300     2369.300     2369.300     2369.300     2369.300
   300:     2369.300     2369.680     2369.680     2370.060     2370.060
   305:     2373.300     2374.300     2374.300     2377.510     2379.290
   310:     2379.300     2392.350     2392.350     2392.350     2392.360
   315:     2392.360     2392.360     2392.360     2392.360     2392.360
   320:     2392.780     2392.780     2393.170     2393.170     2396.360
   325:     2397.360     2397.360     2402.350     2402.360     2406.750
   330:     2406.750     2406.750     2406.760     2406.760     2406.760
   335:     2406.760     2406.760     2406.760     2407.150     2407.150
   340:     2407.530     2407.530     2410.760     2411.760     2411.760
   345:     2416.750     2416.760     2430.920     2430.950     2431.620
   350:     2431.740     2431.850     2433.060     2447.620     2447.730
   355:     2461.310     2462.570     2464.340     2470.620     2470.760
   360:     2497.670     2509.320     2510.410     2515.010     2516.040
   365:     2523.800     2526.180     2527.680     2527.880     2528.740
   370:     2553.230     2589.520     2608.730     2623.690     2663.680
   375:     2664.450     2665.390     2666.100     2666.130     2666.800
   380:     2666.920     2667.540     2667.860     2667.890     2668.780
   385:     2668.910     2669.220     2670.660     2699.920     2702.290
   390:     2702.470     2703.270     2703.840     2703.870     2704.220
   395:     2705.500     2713.400     2714.360     2781.310     2782.570
   400:     2800.140     2801.200     2803.690     2803.730     2804.380
   405:     2804.420     2804.590     2819.770     2821.960     2835.110
   410:     2864.020     2883.920     2890.670     3360.940     3366.580
   415:     3397.540     3400.300     3619.550     3621.050     3628.610
   420:     3636.090     3641.750     3669.850     3671.640     3725.630
   425:     3731.440     3732.620     3732.800     3733.010     3750.010
   430:     3753.370     3753.850     3755.580     3759.540     3760.880
   435:     3947.000     3947.310     3956.970     3978.010     3981.950
   440:     3987.080     3993.530     3998.790     4001.910     4008.600
   445:     4017.200     4023.350     4023.600     4023.820     4030.110
   450:     4080.200     4080.940     4082.390     4091.930     4119.420
   455:     4189.090     4194.980     4197.530     4199.090     4199.150
   460:     4199.850     4200.670     4201.310     4201.710     4205.590
   465:     4209.370     4210.150     4211.450     4212.310     4240.620
   470:     4246.020     4256.510     4262.650     4265.400     4266.270
   475:     4268.840     4269.070     4269.570     4387.760     4417.380
   480:     4417.760     4417.820     4418.270     4459.040     4472.040
   485:     4477.870     4489.420     4770.730     4774.590     4774.620
   490:     4783.180     4798.630     4799.560     4801.220     4828.170
   495:     4829.200     4863.680     4872.010     4872.710     4882.690
   500:     4882.840     4897.690     4899.050     4903.090     4921.940
   505:     4929.380     4950.500     4970.170     5000.890     5034.990
   510:     5035.410     5038.800     5039.100     5040.540     5041.220
   515:     5043.700     5044.550     5044.860     5044.950     5045.370
   520:     5185.770     5204.170     5208.140     5210.300     5210.390
   525:     5210.500     5276.380     5278.430     5280.630     5280.840
   530:     5286.180     5287.040     5288.990     5293.880     5294.170
   535:     5294.400     5294.760     5296.590     5298.940     5302.570
   540:     5303.130     5304.030     5305.480     5305.540     5359.140
   545:     5360.360     5397.600     5403.460     5403.750     5412.910
   550:     5416.750     5416.760     5416.760     5416.760     5416.760
   555:     5416.760     5416.760     5419.030     5419.270     5420.760
   560:     5421.760     5421.760     5422.130     5426.750     5426.760
   565:     5427.440     5430.190     5431.220     5431.280     5433.350
   570:     5433.520     5433.550     5433.590     5433.700     5435.700
   575:     5436.440     5440.060     5440.790     5442.310     5442.870
   580:     5449.950     5450.580     5451.260     5452.820     5453.900
   585:     5454.050     5455.790     5456.300     5456.510     5456.680
   590:     5456.780     5456.960     5457.140     5457.500     5457.680
   595:     5458.250     5458.390     5458.850     5460.290     5460.730
   600:     5461.660     5462.530     5475.780     5478.390     5494.900
   605:     5509.640     5538.070     5546.870     5577.370     5583.040
   610:     5607.840     5609.900     5637.500     5650.110     5654.960
   615:     5660.020     5660.640     5660.840     5660.880     5661.020
   620:     5684.200     5684.660     5688.480     5710.980     5735.420
   625:     6069.650     6069.950     6070.080     6071.380     6071.870
   630:     6072.840     6098.800     6131.370     6132.070     6139.070
   635:     6140.550     6148.600     6208.490     6209.600     6230.530
   640:     6243.990     6257.730     6267.330     6270.800     6271.550
   645:     6272.330     6275.400     6276.010     6303.210     6343.680
   650:     6419.130     6420.210     6453.830     6458.580     6458.930
   655:     6460.260     6460.400     6466.770     6468.130     6468.240
   660:     6470.620     6472.230     6472.420     6473.030     6473.130
   665:     6473.520     6473.550     6473.630     6473.750     6473.880
   670:     6473.960     6474.120     6476.190     6477.150     6477.730
   675:     6477.960     6479.480     6480.080     6480.250     6482.330
   680:     6483.830     6484.620     6484.970     6485.900     6486.380
   685:     6489.940     6490.140     6490.580     6491.490     6503.690
   690:     6518.770     6585.620     6587.960     6591.470     6643.850
   695:     6665.320     6675.170     6695.440     6709.610     6710.060
   700:     6720.340     6750.230     6750.640     6787.480     6787.760
   705:     6795.470     6798.550     6799.980     6803.930     6804.390
   710:     6804.980     6805.440     6806.000     6806.210     6807.830
   715:     6808.020     6813.870     6816.090     6816.090     6816.090
   720:     6816.100     6816.100     6816.100     6816.100     6816.100
   725:     6816.100     6819.700     6819.700     6820.100     6821.100
   730:     6821.100     6825.290     6826.090     6826.100     6829.470
   735:     6829.910     6830.090     6830.150     6831.140     6831.720
   740:     6885.280     6910.480     6910.690     6967.520     7166.510
   745:     7166.940     7169.080     7170.110     7170.420     7378.750
   750:     7379.190     7381.660     7382.230     7382.530     7382.600
   755:     7385.470     7385.620     7385.770     7385.880     7387.860
   760:     7389.850     7389.920     7389.970     7390.800     7392.480
   765:     7392.940     7405.370     7410.040     7410.180     7410.280
   770:     7410.350     7410.420     7411.820     7414.710     7414.760
   775:     7427.790     7429.420     7478.070     7558.770     7564.430
   780:     7639.960     7656.780     7657.550     7669.430     7716.690
   785:     7718.550     7832.540     7832.620     7834.150     7834.180
   790:     7873.350     7873.610     7874.040     7880.220     7881.570
   795:     7925.340     7925.340     7925.340     7925.350     7925.350
   800:     7925.350     7925.350     7925.350     7925.350     7926.600
   805:     7929.070     7929.350     7929.470     7930.350     7930.350
   810:     7932.980     7935.340     7935.350     7957.920     7980.340
   815:     7992.330     8007.820     8045.820     8058.000     8064.990
   820:     8066.230     8072.470     8072.810     8073.580     8073.780
   825:     8076.770     8076.840     8077.980     8079.730     8080.020
   830:     8080.380     8080.500     8080.630     8081.100     8081.330
   835:     8081.430     8081.640     8189.650     8276.350     8287.500
   840:     8317.390     8318.070     8321.150     8321.280     8329.390
   845:     8340.730     8341.340     8375.410     8375.880     8379.640
   850:     8379.950     8380.350     8380.520     8458.750     8462.200
   855:     8462.220     8467.130     8469.210     8473.800     8501.460
   860:     8502.080     8503.190     8510.110     8513.120     8515.760
   865:     8515.970     8519.110     8523.980     8524.610     8524.910
   870:     8526.840     8547.330     8547.360     8553.590     8554.060
   875:     8555.600     8562.510     8562.710     8576.970     8583.130
   880:     8583.550     8584.160     8584.390     8585.630     8585.790
   885:     8585.880     8590.100     8591.680     8592.210     8596.970
   890:     8597.320     8617.800     8621.110     8621.910     8622.350
   895:     8622.750     8622.950     8623.430     8625.590     8625.820
   900:     8632.470     8666.290     8666.290     8666.290     8666.290
   905:     8666.290     8666.290     8666.290     8669.440     8670.210
   910:     8670.210     8670.290     8671.290     8671.290     8672.400
   915:     8672.400     8672.400     8672.400     8672.400     8672.400
   920:     8675.000     8675.120     8676.280     8676.290     8676.400
   925:     8677.400     8677.400     8688.860     8695.970     8696.550
   930:     8697.750     8739.140     8743.080     8744.810     8769.210
   935:     8780.730     8785.780     8817.240     8820.800     8821.100
   940:     8822.900     8823.270     8823.320     8823.400     8824.840
   945:     8826.090     8828.030     8829.520     8829.760     8834.320
   950:     8836.810     8844.340     8844.830     8848.930     8850.570
   955:     8851.590     8854.120     8854.170     8858.360     8863.550
   960:     8864.170     8864.790     8865.200     8865.290     8872.910
   965:     8873.310     8876.070     8876.650     8926.960     8927.670
   970:     8927.890     8935.260     8935.450     8935.610     8936.020
   975:     8936.350     8936.410     8936.490     8936.510     8952.570
   980:     8952.570     8952.570     8952.570     8952.570     8952.570
   985:     8952.570     8954.160     8956.570     8957.570     8957.570
   990:     8962.480     8962.560     8962.570     8963.720     8963.770
   995:     8963.960     8964.540     8976.450     8986.570     9019.220
  1000:     9029.970     9042.120     9044.080     9047.750     9049.460
  1005:     9049.570     9050.010     9054.120     9054.960     9056.420
  1010:     9056.440     9056.870     9056.940     9057.020     9058.950
  1015:     9060.390     9061.790     9063.100     9066.400     9069.310
  1020:     9069.470     9069.660     9075.490     9089.170     9089.870
  1025:     9089.910     9090.950     9091.580     9091.740     9091.850
  1030:     9116.270     9117.530     9117.590     9117.710     9117.780
  1035:     9117.810     9118.100     9132.660     9135.490     9136.260
  1040:     9136.310     9419.970     9419.970     9419.970     9419.970
  1045:     9419.970     9419.970     9419.970     9423.970     9424.970
  1050:     9424.970     9429.960     9429.970     9540.570     9541.820
  1055:     9544.210     9544.620     9545.390     9546.310     9546.650
  1060:     9547.390     9547.800     9548.230     9564.110     9574.820
  1065:     9578.360     9582.280     9583.200     9610.750     9616.050
  1070:     9633.130     9634.420     9650.330     9658.520     9685.310
  1075:     9687.340     9702.820     9706.400     9708.150     9708.250
  1080:     9708.380     9709.310     9710.890     9712.610     9715.460
  1085:     9715.810     9716.140     9717.580     9720.880     9721.080
  1090:     9722.100     9723.650     9724.030     9724.950     9725.830
  1095:     9727.060     9727.270     9727.390     9727.660     9730.380
  1100:     9730.450     9730.520     9730.570     9730.880     9731.100
  1105:     9732.660     9732.690     9734.670     9738.420     9740.060
  1110:     9740.910     9740.930     9741.500     9801.380     9812.530
  1115:     9833.670     9887.140     9904.410     9904.410     9904.410
  1120:     9904.410     9904.410     9904.410     9904.410     9908.410
  1125:     9909.410     9909.410     9910.190     9910.300     9914.400
  1130:     9914.410     9924.790     9954.680     9971.260     9973.080
  1135:     9976.010     9976.380     9976.420     9978.300     9978.840
  1140:     9997.000    10179.950    10184.140    10184.530    10217.420
  1145:    10226.390    10256.970    10622.270    10630.090    10630.170
  1150:    10633.350    10637.740    10638.430    10642.300    10654.130
  1155:    10654.170    10657.100    10657.120    10662.120    10662.730
  1160:    10679.230    10695.250    10710.460    10712.280    10712.430
  1165:    10712.550    10746.860    10747.120    10771.030    10800.000
