File: C:\MED-PC\Data\2025-03-05_10h02m_Subject 84.txt


Start Date: 03/05/25
End Date: 03/05/25
Subject: 84
Experiment: OralFentSA
Group: One
Box: 12
Start Time: 10:02:48
End Time: 13:02:53
MSN: 20241014_Golden_Liq_SelfAdmin
F:       0.000
G:     999.000
H:   10800.000
I:       0.000
J:       0.000
K:       0.000
L:       0.000
M:       0.000
N:       0.000
O:       0.000
P:       0.000
Q:       0.000
R:       0.000
S:       0.000
U:       0.000
V:       0.000
W:       0.000
X:       0.000
Y:       0.000
Z:       0.000
A:
     0:        0.000        0.000      180.000        4.000        0.000
     5:        5.000        0.000        5.000        0.000        0.000
    10:        1.000        0.000       10.000     1800.000       20.000
    15:        3.000      640.000        0.000        0.000        0.000
    20:        0.000
B:
     0:        0.000        0.000        0.000      400.000        0.000
     5:      500.000        0.000      500.000        0.000        0.000
    10:        0.000        0.000     1000.000   180000.000        0.000
    15:        0.000        0.000        0.000        0.000        0.000
    20:        0.000
C:
     0:       19.000       19.000        4.000       26.000      714.000
     5:    10274.030       30.080       18.000      326.730       18.152
    10:       26.000        4.000        4.000        0.000        0.000
    15:        0.000        0.000        0.000        0.000        0.000
    20:        0.000
D:
     0:       49.510       48.470       16.550        4.810       13.210
     5:        7.670       15.430       54.130        7.090        5.720
    10:       24.270        8.070        4.920        4.970        3.100
    15:        8.570       20.160       30.080
E:
     0:       19.000       11.000       26.000       27.000        6.000
     5:        6.000        6.000        6.000        6.000        2.000
    10:        4.000       22.000       24.000       12.000       13.000
    15:        8.000        5.000       17.000       18.000       21.000
    20:       22.000       14.000       10.000       19.000       11.000
    25:        2.000        4.000       22.000       24.000       12.000
    30:       13.000        8.000        5.000       17.000       21.000
    35:       22.000       18.000       14.000       10.000       20.000
    40:       19.000       11.000        1.000        6.000        6.000
    45:        6.000        6.000        6.000        6.000        6.000
    50:        6.000        6.000        6.000        6.000        6.000
    55:        6.000        6.000        6.000        6.000        2.000
    60:        4.000       22.000       24.000       12.000       13.000
    65:        8.000        5.000       17.000       21.000       22.000
    70:       18.000       14.000       10.000       19.000       11.000
    75:        6.000        6.000        6.000        6.000        6.000
    80:        6.000        6.000        2.000        4.000       22.000
    85:       24.000       12.000       13.000        8.000        5.000
    90:       17.000       18.000       14.000       10.000       19.000
    95:       11.000        6.000        6.000        6.000        6.000
   100:        6.000        6.000        6.000        6.000        6.000
   105:        6.000        6.000        6.000        6.000        6.000
   110:        6.000        6.000        1.000        6.000        6.000
   115:        6.000        6.000        6.000        6.000        6.000
   120:        6.000        6.000        6.000        2.000        4.000
   125:       22.000       24.000       12.000       13.000        8.000
   130:        5.000       17.000       21.000       22.000       21.000
   135:       22.000       18.000        6.000        6.000       14.000
   140:       10.000       19.000       11.000        6.000        6.000
   145:        6.000        6.000        6.000        6.000        6.000
   150:        6.000        6.000        6.000        6.000        6.000
   155:        6.000        6.000        6.000        6.000        6.000
   160:        6.000        6.000        6.000        6.000        6.000
   165:        6.000        6.000        6.000        6.000        6.000
   170:        6.000        6.000        6.000        2.000        4.000
   175:       22.000       24.000       12.000       13.000        8.000
   180:        5.000       17.000       18.000       14.000       10.000
   185:       19.000       11.000        6.000        6.000        6.000
   190:        6.000        6.000        6.000        6.000        6.000
   195:        6.000        6.000        6.000        6.000        6.000
   200:        6.000        6.000        6.000        6.000        1.000
   205:        6.000        6.000        6.000        6.000        6.000
   210:        6.000        6.000        6.000        6.000        6.000
   215:        6.000        2.000        4.000       22.000       24.000
   220:       12.000       13.000        8.000        5.000       17.000
   225:       21.000       22.000       21.000       22.000       18.000
   230:       21.000       22.000       14.000       10.000        6.000
   235:        6.000       19.000       11.000        6.000        6.000
   240:        6.000        6.000        6.000        6.000        6.000
   245:        6.000        6.000        6.000        6.000        6.000
   250:        6.000        6.000        6.000        6.000        6.000
   255:        6.000        6.000        6.000        6.000        6.000
   260:        6.000        6.000        6.000        6.000        6.000
   265:        6.000        6.000        6.000        6.000        6.000
   270:        6.000        6.000        6.000        6.000        6.000
   275:        6.000        6.000        6.000        6.000        6.000
   280:        6.000        6.000        6.000        6.000        6.000
   285:        6.000        6.000        6.000        6.000        6.000
   290:        6.000        6.000        6.000        6.000        6.000
   295:        6.000        6.000        6.000        6.000        6.000
   300:        6.000        6.000        6.000        6.000        6.000
   305:        6.000        6.000        6.000        6.000        6.000
   310:        6.000        6.000        6.000        6.000        6.000
   315:        6.000        6.000        6.000        6.000        6.000
   320:        6.000        6.000        6.000        6.000        6.000
   325:        6.000        6.000        6.000        6.000        6.000
   330:        6.000        6.000        6.000        6.000        6.000
   335:        6.000        6.000        6.000        6.000        6.000
   340:        6.000        6.000        6.000        6.000        6.000
   345:        6.000        6.000        6.000        6.000        6.000
   350:        6.000        6.000        6.000        6.000        6.000
   355:        6.000        6.000        6.000        6.000        6.000
   360:        6.000        6.000        6.000        6.000        6.000
   365:        6.000        6.000        6.000        2.000        4.000
   370:       22.000       24.000       12.000       13.000        8.000
   375:        5.000       17.000       18.000       14.000       10.000
   380:       19.000       11.000        6.000        6.000        6.000
   385:        6.000        6.000        6.000        6.000        6.000
   390:        6.000        6.000        2.000        4.000       22.000
   395:       24.000       12.000       13.000        8.000        5.000
   400:       17.000       18.000       14.000       10.000       19.000
   405:       11.000        6.000        6.000        6.000        6.000
   410:        6.000        6.000        6.000        6.000        6.000
   415:        6.000        6.000        6.000        6.000        6.000
   420:        6.000        6.000        6.000        6.000        6.000
   425:        6.000        6.000        6.000        6.000        6.000
   430:        6.000        6.000        6.000        6.000        6.000
   435:        6.000        6.000        6.000        6.000        6.000
   440:        6.000        6.000        6.000        6.000        6.000
   445:        6.000        6.000        6.000        6.000        6.000
   450:        6.000        6.000        6.000        6.000        6.000
   455:        6.000        6.000        6.000        6.000        6.000
   460:        6.000        6.000        6.000        6.000        6.000
   465:        6.000        6.000        6.000        6.000        6.000
   470:        6.000        6.000        6.000        6.000        6.000
   475:        6.000        6.000        6.000        6.000        6.000
   480:        6.000        6.000        6.000        6.000        6.000
   485:        6.000        6.000        6.000        6.000        6.000
   490:        6.000        6.000        6.000        6.000        6.000
   495:        6.000        6.000        6.000        6.000        6.000
   500:        6.000        6.000        6.000        6.000        6.000
   505:        6.000        6.000        6.000        6.000        6.000
   510:        6.000        6.000        6.000        6.000        6.000
   515:        6.000        6.000        6.000        6.000        6.000
   520:        6.000        6.000        6.000        6.000        6.000
   525:        6.000        6.000        6.000        6.000        2.000
   530:        4.000       22.000       24.000       12.000       13.000
   535:        8.000        5.000       17.000       18.000       21.000
   540:       22.000       14.000       10.000        6.000        6.000
   545:       19.000       11.000        6.000        6.000        6.000
   550:        6.000        6.000        6.000        6.000        6.000
   555:        6.000        6.000        6.000        6.000        6.000
   560:        6.000        6.000        6.000        6.000        6.000
   565:        6.000        6.000        6.000        6.000        6.000
   570:        6.000        6.000        6.000        6.000        6.000
   575:        6.000        6.000        2.000        4.000       22.000
   580:       24.000       12.000       13.000        8.000        5.000
   585:       17.000       21.000       22.000       18.000       14.000
   590:       10.000        6.000        6.000        6.000        6.000
   595:        6.000        6.000        6.000       19.000       11.000
   600:        6.000        6.000        6.000        6.000        6.000
   605:        6.000        6.000        6.000        6.000        6.000
   610:        6.000        6.000        6.000        6.000        6.000
   615:        6.000        6.000        6.000        6.000        6.000
   620:        6.000        6.000        6.000        6.000        6.000
   625:        6.000        6.000        6.000        6.000        6.000
   630:        6.000        6.000        6.000        6.000        6.000
   635:        6.000        6.000        6.000        6.000        6.000
   640:        6.000        6.000        6.000        6.000        6.000
   645:        6.000        6.000        6.000        6.000        6.000
   650:        6.000        6.000        6.000        2.000        4.000
   655:       22.000       24.000       12.000       13.000        8.000
   660:        5.000       17.000       18.000       14.000       10.000
   665:       19.000       11.000        6.000        6.000        6.000
   670:        6.000        6.000        6.000        6.000        6.000
   675:        6.000        6.000        6.000        6.000        6.000
   680:        6.000        6.000        6.000        6.000        6.000
   685:        6.000        6.000        6.000        6.000        6.000
   690:        6.000        6.000        6.000        6.000        6.000
   695:        6.000        6.000        6.000        6.000        6.000
   700:        6.000        6.000        6.000        6.000        6.000
   705:        6.000        6.000        6.000        6.000        6.000
   710:        6.000        6.000        6.000        6.000        6.000
   715:        6.000        6.000        6.000        6.000        6.000
   720:        6.000        6.000        6.000        6.000        6.000
   725:        6.000        6.000        6.000        6.000        6.000
   730:        6.000        6.000        6.000        6.000        6.000
   735:        6.000        6.000        6.000        6.000        6.000
   740:        6.000        6.000        6.000        6.000        6.000
   745:        6.000        6.000        6.000        6.000        2.000
   750:        4.000       22.000       24.000       12.000       13.000
   755:        8.000        5.000       17.000       21.000       22.000
   760:       18.000       14.000       10.000        6.000       19.000
   765:       11.000        6.000        6.000        6.000        6.000
   770:        2.000        4.000       22.000       24.000       12.000
   775:       13.000        8.000        5.000       17.000       18.000
   780:        6.000       14.000       10.000        6.000        6.000
   785:       19.000       11.000        6.000        6.000        6.000
   790:        6.000        6.000        6.000        6.000        6.000
   795:        6.000        6.000        6.000        6.000        6.000
   800:        6.000        6.000        6.000        6.000        6.000
   805:        6.000        6.000        6.000        6.000        6.000
   810:        6.000        6.000        6.000        6.000        6.000
   815:        2.000        4.000       22.000       24.000       12.000
   820:       13.000        8.000        5.000       17.000       18.000
   825:        6.000       14.000       10.000       19.000       11.000
   830:        6.000        6.000        6.000        6.000        6.000
   835:        6.000        6.000        6.000        6.000        6.000
   840:        6.000        6.000        6.000        6.000        6.000
   845:        6.000        6.000        6.000        6.000        6.000
   850:        6.000        6.000        6.000        6.000        6.000
   855:        6.000        6.000        6.000        6.000        6.000
   860:        6.000        6.000        6.000        6.000        6.000
   865:        6.000        6.000        6.000        6.000        6.000
   870:        6.000        6.000        6.000        6.000        6.000
   875:        6.000        6.000        6.000        6.000        6.000
   880:        6.000        6.000        6.000        6.000        6.000
   885:        6.000        6.000        6.000        6.000        6.000
   890:        6.000        6.000        6.000        6.000        6.000
   895:        6.000        6.000        6.000       30.000       24.000
   900:       12.000       13.000        8.000        5.000       17.000
   905:        6.000       18.000       14.000       10.000        6.000
   910:       19.000       11.000        6.000        6.000        6.000
   915:        6.000        6.000        6.000        6.000        6.000
   920:       30.000       24.000       12.000       13.000        8.000
   925:        5.000       17.000       18.000       14.000       10.000
   930:        6.000        6.000       30.000       12.000       13.000
   935:        8.000        5.000       17.000       19.000       11.000
   940:       18.000       14.000       10.000        6.000        6.000
   945:        6.000        6.000        6.000        6.000        6.000
   950:        6.000        6.000        6.000        6.000        6.000
   955:        6.000       30.000       24.000       12.000       13.000
   960:        8.000        5.000       17.000       18.000       14.000
   965:       10.000       19.000       11.000        6.000        6.000
   970:        6.000        6.000        6.000        6.000        6.000
   975:        6.000        6.000        6.000        6.000        6.000
   980:        6.000        6.000        6.000        6.000        6.000
   985:        6.000        6.000        6.000        6.000        6.000
   990:        6.000        6.000        6.000        6.000        6.000
   995:        6.000        6.000        6.000        6.000      100.000
T:
     0:        0.000        0.000        0.000        0.000       46.560
     5:       50.650       50.880       51.460       51.880       57.890
    10:       57.890       57.890       57.900       57.900       57.900
    15:       57.900       57.900       57.900       61.900       62.760
    20:       62.760       62.900       62.900       67.890       67.900
    25:       92.770       92.770       92.770       92.780       92.780
    30:       92.780       92.780       92.780       92.780       93.880
    35:       93.880       96.780       97.780       97.780      101.130
    40:      102.770      102.780      108.870      142.290      142.560
    45:      146.190      152.440      152.580      153.150      153.370
    50:      162.350      162.390      162.470      163.460      167.700
    55:      167.870      168.010      168.250      168.470      226.270
    60:      226.270      226.270      226.280      226.280      226.280
    65:      226.280      226.280      226.280      227.410      227.410
    70:      230.280      231.280      231.280      236.270      236.280
    75:      274.750      275.890      276.330      276.400      276.480
    80:      276.850      278.860      290.980      290.980      290.980
    85:      290.990      290.990      290.990      290.990      290.990
    90:      290.990      294.990      295.990      295.990      300.980
    95:      300.990      307.540      326.940      327.350      328.590
   100:      328.670      328.820      329.010      340.200      359.960
   105:      361.050      361.330      367.720      377.690      377.870
   110:      377.960      378.030      403.190      410.540      480.290
   115:      480.330      480.370      481.320      521.720      521.940
   120:      535.210      535.630      537.870      561.020      561.020
   125:      561.020      561.030      561.030      561.030      561.030
   130:      561.030      561.030      562.030      562.030      562.620
   135:      562.620      565.030      565.840      565.910      566.030
   140:      566.030      571.020      571.030      577.100      578.110
   145:      856.170      952.280     1794.520     1794.950     1795.130
   150:     1795.460     1795.580     1795.650     1795.750     1871.450
   155:     1871.870     1871.910     1872.040     1872.870     1872.990
   160:     1966.360     1966.570     1966.610     1967.130     1967.450
   165:     1967.640     1981.570     1985.340     1985.400     1985.430
   170:     1985.490     1985.540     1986.100     2030.070     2030.070
   175:     2030.070     2030.080     2030.080     2030.080     2030.080
   180:     2030.080     2030.080     2034.080     2035.080     2035.080
   185:     2040.070     2040.080     2043.290     2046.790     2047.180
   190:     2047.250     2047.980     2048.160     2049.280     2064.250
   195:     2065.230     2065.250     2065.360     2065.430     2065.720
   200:     2066.050     2066.960     2079.170     2079.530     2102.750
   205:     2138.130     2142.020     2145.080     2157.110     2196.230
   210:     2196.330     2196.360     2282.400     2386.130     2386.220
   215:     2386.560     2397.620     2397.620     2397.620     2397.630
   220:     2397.630     2397.630     2397.630     2397.630     2397.630
   225:     2398.280     2398.280     2399.450     2399.450     2401.630
   230:     2401.910     2401.910     2402.630     2402.630     2405.300
   235:     2406.420     2407.620     2407.630     2463.600     3134.330
   240:     3134.380     3134.430     3135.420     3161.670     3161.840
   245:     3306.190     3309.420     3369.970     3370.190     3370.390
   250:     3370.710     3371.280     3371.350     3371.870     3372.160
   255:     3372.290     3372.390     3373.510     3373.980     3374.340
   260:     3374.600     3400.290     3401.810     3402.150     3408.920
   265:     3409.460     3409.740     3411.100     3413.760     3413.920
   270:     3414.420     3414.580     3425.610     3426.440     3436.840
   275:     3437.010     3437.490     3437.510     3438.770     3464.780
   280:     3465.050     3465.370     3465.400     3470.010     3470.150
   285:     3481.360     3484.670     3489.760     3489.920     3492.710
   290:     3493.030     3496.550     3497.650     3497.800     3498.140
   295:     3498.640     3501.820     3502.090     3502.580     3503.060
   300:     3503.310     3504.660     3504.830     3505.890     3507.670
   305:     3508.920     3509.070     3509.450     3509.810     3524.720
   310:     3525.450     3527.020     3546.050     3560.770     3565.050
   315:     3566.020     3566.210     3570.880     3571.450     3587.350
   320:     3587.830     3591.610     3591.880     3592.430     3592.520
   325:     3592.830     3598.990     3600.420     3602.500     3604.240
   330:     3604.650     3605.360     3605.390     3605.430     3608.040
   335:     3608.940     3609.980     3610.580     3610.950     3611.510
   340:     3611.580     3617.510     3618.550     3619.560     3619.900
   345:     3620.520     3621.550     3623.370     3625.490     3626.100
   350:     3626.580     3629.870     3630.050     3631.080     3631.850
   355:     3632.520     3634.720     3639.590     3639.750     3640.510
   360:     3887.760     3888.780     3889.320     3942.480     3942.570
   365:     3942.830     3942.970     3956.700     3997.800     3997.800
   370:     3997.800     3997.810     3997.810     3997.810     3997.810
   375:     3997.810     3997.810     4001.810     4002.810     4002.810
   380:     4007.800     4007.810     4013.240     4018.690     4021.510
   385:     4022.400     4022.440     4029.930     4030.130     4030.310
   390:     4034.660     4034.950     4066.550     4066.550     4066.550
   395:     4066.560     4066.560     4066.560     4066.560     4066.560
   400:     4066.560     4070.560     4071.560     4071.560     4076.550
   405:     4076.560     4120.690     4125.250     4125.980     4126.520
   410:     4126.610     4126.660     4126.710     4126.820     4127.580
   415:     4127.620     4127.660     4148.120     4176.100     4176.150
   420:     4176.450     4176.480     4180.090     4180.140     4180.180
   425:     4180.240     4180.480     4180.580     4180.610     4182.600
   430:     4182.900     4183.240     4183.320     4183.350     4183.480
   435:     4183.700     4183.920     4184.550     4184.580     4187.870
   440:     4188.460     4188.960     4209.190     4210.990     4212.110
   445:     4214.410     4222.980     4223.070     4268.780     4269.820
   450:     4270.920     4271.080     4272.200     4272.970     4273.550
   455:     4276.800     4276.870     4279.690     4626.870     4679.630
   460:     4679.920     4681.560     4818.670     4819.370     4820.960
   465:     5246.970     5248.480     5249.110     5307.060     5307.690
   470:     5310.380     5425.390     5425.910     5426.020     5427.010
   475:     5427.310     5428.030     5535.580     5536.330     5536.720
   480:     5536.890     5537.450     5537.730     5539.290     5544.910
   485:     5546.160     5567.370     5567.570     5567.590     5568.040
   490:     5572.530     5577.540     5578.140     5579.820     5582.550
   495:     5584.000     5586.420     5589.580     5596.400     5596.930
   500:     5598.790     5601.310     5602.610     5606.830     5610.330
   505:     5612.500     5612.620     5614.530     5615.290     5615.400
   510:     5736.800     5737.650     5739.210     5740.040     5741.390
   515:     5742.210     5743.780     5743.930     5774.000     5774.030
   520:     5774.080     5774.130     5774.210     5774.960     5775.080
   525:     5775.140     5806.580     5807.060     5807.550     5850.530
   530:     5850.530     5850.530     5850.540     5850.540     5850.540
   535:     5850.540     5850.540     5850.540     5854.540     5855.310
   540:     5855.310     5855.540     5855.540     5857.630     5859.790
   545:     5860.530     5860.540     5862.250     5864.890     5865.270
   550:     5866.530     5866.840     5869.770     5870.230     5872.670
   555:     5875.730     5876.180     5878.150     6022.610     6023.180
   560:     6023.270     6023.850     6094.700     6193.000     6194.030
   565:     6346.150     6346.360     6346.420     6346.790     6438.930
   570:     6439.450     6462.910     6471.980     6473.760     6534.160
   575:     6534.450     6534.490     6540.580     6540.580     6540.580
   580:     6540.590     6540.590     6540.590     6540.590     6540.590
   585:     6540.590     6543.080     6543.080     6544.590     6545.590
   590:     6545.590     6546.310     6549.270     6549.420     6549.500
   595:     6549.630     6550.050     6550.530     6550.580     6550.590
   600:     6550.620     6555.770     6555.790     6557.260     6558.310
   605:     6560.660     6568.020     6654.520     6666.650     6668.140
   610:     6669.680     6674.810     6674.980     6676.220     6677.280
   615:     6677.660     6678.220     6678.430     6679.790     6683.740
   620:     6683.780     6684.460     6684.630     6685.150     6685.220
   625:     6687.590     6703.230     6703.860     6705.950     6706.050
   630:     6707.760     6708.600     6710.760     6710.830     6710.940
   635:     6965.410     6965.600     6965.970     6966.020     6966.070
   640:     6966.300     6966.490     6966.600     6966.800     7022.600
   645:     7022.650     7023.280     7039.060     7039.730     7039.760
   650:     7041.320     7041.400     7044.560     7073.830     7073.830
   655:     7073.830     7073.840     7073.840     7073.840     7073.840
   660:     7073.840     7073.840     7077.840     7078.840     7078.840
   665:     7083.830     7083.840     7098.110     7108.010     7110.650
   670:     7111.390     7112.790     7113.250     7115.430     7116.390
   675:     7119.920     7133.680     7134.730     7137.480     7142.000
   680:     7144.370     7146.320     7148.400     7148.570     7149.370
   685:     7153.330     7155.890     7157.160     7162.690     7163.040
   690:     7165.080     7165.180     7166.090     7169.020     7169.430
   695:     7172.610     7175.810     7177.320     7178.320     7178.540
   700:     7179.070     7180.070     7180.970     7181.330     7181.510
   705:     7181.590     7209.240     7212.640     7215.070     7219.570
   710:     7219.960     7220.930     7220.990     7236.160     7237.090
   715:     7237.400     7238.010     7239.010     7239.380     7239.750
   720:     7241.260     7243.740     7244.810     7244.850     7245.410
   725:     7245.460     7245.760     7247.950     7250.110     7250.940
   730:     7252.220     7252.300     7252.820     7266.480     7268.590
   735:     7269.860     7270.520     7377.010     7639.990     7642.950
   740:     8241.410     8253.600     8255.380     8256.410     8258.010
   745:     8259.750     8268.870     8283.260     8284.150     8286.040
   750:     8286.040     8286.040     8286.050     8286.050     8286.050
   755:     8286.050     8286.050     8286.050     8286.950     8286.950
   760:     8290.050     8291.050     8291.050     8294.120     8296.040
   765:     8296.050     8302.130     8304.710     8357.870     8358.100
   770:     8360.740     8360.740     8360.740     8360.750     8360.750
   775:     8360.750     8360.750     8360.750     8360.750     8364.750
   780:     8365.670     8365.750     8365.750     8369.050     8369.470
   785:     8370.740     8370.750     8372.590     8372.630     8373.050
   790:     8437.120     8437.750     8512.070     8512.270     8515.720
   795:     8515.850     8516.750     8516.840     8518.710     8519.620
   800:     8519.940     8520.060     8557.330     8557.870     8558.470
   805:     9426.890     9429.880     9430.100     9430.920     9431.350
   810:     9472.950     9476.790     9476.920     9480.320     9481.360
   815:     9487.060     9487.060     9487.060     9487.070     9487.070
   820:     9487.070     9487.070     9487.070     9487.070     9491.070
   825:     9492.040     9492.070     9492.070     9497.060     9497.070
   830:     9501.070     9501.570     9502.060     9502.830     9503.500
   835:     9503.620     9508.050     9511.990     9529.820     9532.370
   840:     9534.130     9536.600     9605.800     9606.340     9610.880
   845:     9612.240     9613.810     9614.110     9615.310     9615.960
   850:     9623.360     9624.200     9628.950     9630.390     9631.260
   855:     9632.050     9632.550     9633.040     9633.960     9634.450
   860:     9635.230     9635.420     9636.040     9637.100     9637.260
   865:     9638.160     9638.730     9639.400     9640.870     9642.450
   870:     9643.280     9671.420     9673.320     9673.430     9674.520
   875:     9677.040     9680.620     9691.520     9698.580     9700.840
   880:     9701.400     9702.650     9702.890     9703.020     9703.210
   885:     9703.600     9704.580     9704.640     9704.670     9705.160
   890:     9706.820     9709.340     9713.690    10002.420    10044.990
   895:    10045.970    10071.850    10073.580    10074.910    10074.910
   900:    10074.910    10074.910    10074.910    10074.910    10074.910
   905:    10078.010    10078.910    10079.910    10079.910    10083.770
   910:    10084.900    10084.910    10085.670    10120.950    10123.730
   915:    10129.540    10134.520    10134.610    10134.830    10134.970
   920:    10175.350    10175.350    10175.350    10175.350    10175.350
   925:    10175.350    10175.350    10179.350    10180.350    10180.350
   930:    10183.920    10184.210    10184.540    10184.540    10184.540
   935:    10184.540    10184.540    10184.540    10185.340    10185.350
   940:    10188.540    10189.540    10189.540    10204.700    10204.980
   945:    10215.590    10225.540    10226.040    10227.490    10248.670
   950:    10251.980    10254.840    10254.880    10255.170    10260.460
   955:    10262.770    10274.030    10274.030    10274.030    10274.030
   960:    10274.030    10274.030    10274.030    10278.030    10279.030
   965:    10279.030    10284.020    10284.030    10304.110    10322.970
   970:    10329.310    10334.770    10335.650    10339.900    10340.490
   975:    10340.630    10340.920    10350.000    10350.710    10350.830
   980:    10351.110    10351.160    10351.670    10352.800    10359.990
   985:    10398.040    10516.460    10541.630    10622.930    10622.980
   990:    10623.080    10623.220    10623.340    10624.120    10625.410
   995:    10633.420    10790.270    10790.460    10791.920    10800.000
