File: C:\MED-PC\Data\2025-03-04_13h36m_Subject 87.txt


Start Date: 03/04/25
End Date: 03/04/25
Subject: 87
Experiment: OralFentSA
Group: One
Box: 3
Start Time: 13:36:32
End Time: 16:36:59
MSN: 20241014_Golden_Liq_SelfAdmin
F:       0.000
G:     565.000
H:   10800.000
I:       0.000
J:       0.000
K:       0.000
L:       0.000
M:       0.000
N:       0.000
O:       0.000
P:       0.000
Q:       0.000
R:       0.000
S:       0.000
U:       0.000
V:       0.000
W:       0.000
X:       0.000
Y:       0.000
Z:       0.000
A:
     0:        0.000        0.000      180.000        4.000        0.000
     5:        5.000        0.000        5.000        0.000        0.000
    10:        1.000        0.000       10.000     1200.000       17.000
    15:        2.000      640.000        0.000        0.000        0.000
    20:        0.000
B:
     0:        0.000        0.000        0.000      400.000        0.000
     5:      500.000        0.000      500.000        0.000        0.000
    10:        0.000        0.000     1000.000   120000.000        0.000
    15:        0.000        0.000        0.000        0.000        0.000
    20:        0.000
C:
     0:       20.000       21.000       37.000       14.000      254.000
     5:    10402.510        7.790       19.000      381.590       20.084
    10:       14.000       37.000       15.000        0.000        0.000
    15:        0.000        0.000        0.000        0.000        0.000
    20:        0.000
D:
     0:       46.830        4.640        7.180        9.390       33.900
     5:        3.040       12.430       16.250       12.900       12.880
    10:        2.710        0.590        7.420        1.900        7.640
    15:       23.130      146.870       24.100        7.790
E:
     0:       19.000       11.000       26.000       27.000        1.000
     5:        1.000        1.000        6.000        6.000        6.000
    10:        1.000        1.000        1.000        6.000        6.000
    15:        2.000        4.000       22.000       24.000       12.000
    20:       13.000        8.000        5.000       17.000       18.000
    25:       14.000       10.000       19.000       11.000        1.000
    30:        1.000        6.000        6.000        6.000        6.000
    35:        6.000        6.000        6.000        6.000        6.000
    40:        6.000        6.000        6.000        6.000        6.000
    45:        6.000        6.000        6.000        6.000        6.000
    50:        6.000        6.000        6.000        6.000        6.000
    55:        6.000        1.000        6.000        6.000        6.000
    60:        6.000        6.000        6.000        6.000        1.000
    65:        1.000        1.000        1.000        6.000        6.000
    70:        1.000        6.000        6.000        6.000        6.000
    75:        1.000        6.000        6.000        6.000        6.000
    80:        6.000        6.000        6.000        6.000        6.000
    85:        6.000        6.000        6.000        6.000        6.000
    90:        6.000        6.000        6.000        6.000        6.000
    95:        6.000        6.000        6.000        6.000        6.000
   100:        6.000        6.000        6.000        6.000        6.000
   105:        1.000        6.000        6.000        1.000        1.000
   110:        6.000        6.000        1.000        6.000        6.000
   115:        6.000        6.000        6.000        6.000        1.000
   120:        1.000        6.000        6.000        6.000        6.000
   125:        6.000        6.000        6.000        6.000        6.000
   130:        6.000        6.000        6.000        6.000        6.000
   135:        6.000        6.000        6.000        6.000        6.000
   140:        6.000        6.000        6.000        6.000       25.000
   145:       24.000       12.000       13.000        8.000        5.000
   150:       17.000       18.000        6.000       14.000       10.000
   155:       19.000       11.000        6.000        6.000        6.000
   160:        6.000        6.000        6.000        6.000        6.000
   165:        6.000        6.000        2.000        4.000       22.000
   170:       24.000       12.000       13.000        8.000        5.000
   175:       17.000       21.000       22.000       21.000       22.000
   180:       18.000       14.000       10.000        6.000       19.000
   185:       11.000        6.000        6.000        6.000        6.000
   190:        6.000        6.000        6.000        6.000        6.000
   195:        6.000        6.000        6.000        6.000        6.000
   200:        6.000        6.000        6.000        6.000        6.000
   205:        6.000        6.000        6.000        6.000        6.000
   210:        6.000        6.000        6.000        6.000        6.000
   215:        6.000        6.000        6.000        6.000        6.000
   220:        6.000       25.000       24.000       12.000       13.000
   225:        8.000        5.000       17.000       18.000       14.000
   230:       10.000        6.000       19.000       11.000        6.000
   235:        6.000        6.000        6.000        6.000        6.000
   240:        1.000        6.000        6.000        6.000        6.000
   245:        6.000        6.000        6.000        6.000        6.000
   250:       25.000       24.000       12.000       13.000        8.000
   255:        5.000       17.000       18.000       14.000       10.000
   260:       21.000       22.000       19.000       11.000        6.000
   265:        6.000        6.000        6.000        6.000        6.000
   270:        6.000        6.000        6.000        2.000        4.000
   275:       22.000       24.000       12.000       13.000        8.000
   280:        5.000       17.000        6.000       18.000       14.000
   285:       10.000        6.000       19.000       11.000        6.000
   290:        6.000        6.000        2.000        4.000       22.000
   295:       24.000       12.000       13.000        8.000        5.000
   300:       17.000       18.000       14.000       10.000       19.000
   305:       11.000        6.000        6.000        6.000        6.000
   310:        6.000        6.000       25.000       24.000       12.000
   315:       13.000        8.000        5.000       17.000       18.000
   320:       14.000       10.000       19.000       11.000        6.000
   325:        6.000        6.000        6.000        6.000        6.000
   330:        6.000        6.000        6.000        6.000        6.000
   335:        6.000        6.000        6.000        6.000        6.000
   340:        6.000       25.000       24.000       12.000       13.000
   345:        8.000        5.000       17.000       18.000       14.000
   350:       10.000       19.000       11.000        6.000        6.000
   355:        6.000        6.000        6.000        6.000        6.000
   360:        1.000        6.000        6.000        6.000        6.000
   365:        6.000        6.000        6.000        6.000        6.000
   370:        6.000        6.000        6.000        6.000        1.000
   375:        1.000        6.000        6.000        6.000        6.000
   380:        6.000        1.000        1.000        1.000        1.000
   385:        1.000        1.000        1.000        1.000        1.000
   390:        1.000        1.000        6.000        6.000        6.000
   395:        1.000       30.000       24.000       12.000       13.000
   400:        8.000        5.000       17.000       18.000       14.000
   405:       10.000       19.000       11.000        6.000       30.000
   410:       24.000       12.000       13.000        8.000        5.000
   415:       17.000        6.000       18.000       14.000       10.000
   420:       19.000       11.000       30.000       24.000       12.000
   425:       13.000        8.000        5.000       17.000        6.000
   430:       18.000       14.000       10.000       19.000       11.000
   435:       25.000       24.000       12.000       13.000        8.000
   440:        5.000       17.000       30.000       12.000       18.000
   445:       14.000       10.000        6.000       19.000       11.000
   450:       30.000       24.000       12.000       13.000        8.000
   455:        5.000       17.000        6.000       18.000       14.000
   460:       10.000       19.000       11.000       30.000       24.000
   465:       12.000       13.000        8.000        5.000       17.000
   470:       18.000       14.000       10.000        6.000       19.000
   475:       11.000       30.000       24.000       12.000       13.000
   480:        8.000        5.000       17.000       18.000       14.000
   485:       10.000       19.000       11.000        6.000       30.000
   490:       24.000       12.000       13.000        8.000        5.000
   495:       17.000       18.000       14.000       10.000       19.000
   500:       11.000       25.000       24.000       12.000       13.000
   505:        8.000        5.000       17.000       18.000       14.000
   510:       10.000       19.000       11.000        6.000        6.000
   515:        6.000        6.000        6.000        6.000        6.000
   520:        6.000        6.000        2.000        4.000       22.000
   525:       24.000       12.000       13.000        8.000        5.000
   530:       17.000       21.000       22.000       21.000       22.000
   535:       21.000       22.000       18.000       14.000       10.000
   540:       19.000       11.000        6.000        6.000        6.000
   545:        6.000        2.000        4.000       22.000       24.000
   550:       12.000       13.000        8.000        5.000       17.000
   555:       21.000       22.000       21.000       22.000       18.000
   560:       14.000       10.000        6.000       19.000       11.000
   565:      100.000
T:
     0:        0.000        0.000        0.000        0.000        9.790
     5:        9.900       10.460       64.990       66.390      160.470
    10:      190.490      191.050      199.200      253.500      253.880
    15:      259.490      259.490      259.490      259.500      259.500
    20:      259.500      259.500      259.500      259.500      263.500
    25:      264.500      264.500      269.490      269.500      299.070
    30:      300.000      306.330      311.730      311.890      312.130
    35:      312.920      313.340      313.890      314.090      314.320
    40:      315.770      315.980      316.480      316.800      317.390
    45:      317.750      322.420      323.140      326.110      326.240
    50:      326.480      326.650      329.630      330.660      340.060
    55:      342.620      369.210      371.510      372.510      373.470
    60:      376.590      380.340      382.490      386.540      397.890
    65:      397.950      398.920      399.810      405.860      409.650
    70:      419.600      432.990      433.120      446.900      452.300
    75:      464.290      474.990      476.470      490.110      490.440
    80:      493.550      493.670      496.960      498.780      499.600
    85:      501.370      515.380      516.190      520.310      520.550
    90:      520.880      525.010      526.990      560.460      614.760
    95:      615.080      616.220      619.680      623.490      626.750
   100:      627.420      627.700      627.790      627.860      653.090
   105:      781.180      791.450      791.740      797.450      797.590
   110:      803.360      803.500      917.000      937.710     1020.210
   115:     1022.230     1029.920     1030.410     1145.070     1178.590
   120:     1181.840     1187.750     1211.440     1211.600     1211.660
   125:     1211.730     1212.370     1235.090     1236.670     1237.240
   130:     1237.780     1253.280     1253.350     1307.850     1308.110
   135:     1380.070     1384.020     1384.210     1384.430     1390.100
   140:     1390.810     1435.680     1452.980     1453.220     1469.490
   145:     1469.500     1469.500     1469.500     1469.500     1469.500
   150:     1469.500     1473.500     1474.140     1474.500     1474.500
   155:     1479.490     1479.500     1481.580     1482.750     1482.910
   160:     1483.210     1483.380     1483.880     1484.250     1495.560
   165:     1499.590     1499.730     1515.050     1515.050     1515.050
   170:     1515.060     1515.060     1515.060     1515.060     1515.060
   175:     1515.060     1516.380     1516.380     1518.240     1518.240
   180:     1519.060     1520.060     1520.060     1522.240     1525.050
   185:     1525.060     1526.070     1526.290     1538.310     1552.920
   190:     1602.560     1623.600     1633.000     1633.950     1995.460
   195:     1995.640     2330.430     2469.070     2469.220     2480.790
   200:     2489.310     2498.350     2499.850     2524.590     2525.230
   205:     2568.810     2569.700     2570.300     2570.610     2585.340
   210:     2613.990     2615.010     2624.040     2644.420     2646.480
   215:     2647.180     2647.820     2657.700     2673.840     2683.590
   220:     2691.750     2725.050     2725.060     2725.060     2725.060
   225:     2725.060     2725.060     2725.060     2729.060     2730.060
   230:     2730.060     2734.450     2735.050     2735.060     2739.980
   235:     2758.080     2758.430     2779.860     2843.120     2925.950
   240:     3040.400     3178.010     3766.810     3820.640     3820.710
   245:     3900.510     3901.220     3901.600     3901.940     3931.530
   250:     3935.050     3935.060     3935.060     3935.060     3935.060
   255:     3935.060     3935.060     3939.060     3940.060     3940.060
   260:     3943.340     3943.340     3945.050     3945.060     3968.960
   265:     3975.410     3975.490     4042.190     4057.910     4313.200
   270:     4323.070     4324.880     4325.620     4334.820     4334.820
   275:     4334.820     4334.830     4334.830     4334.830     4334.830
   280:     4334.830     4334.830     4337.870     4338.830     4339.830
   285:     4339.830     4344.020     4344.820     4344.830     4413.850
   290:     4426.500     4426.730     4431.880     4431.880     4431.880
   295:     4431.890     4431.890     4431.890     4431.890     4431.890
   300:     4431.890     4435.890     4436.890     4436.890     4441.880
   305:     4441.890     4444.320     4448.390     4465.060     4509.520
   310:     4510.230     4678.100     5641.880     5641.890     5641.890
   315:     5641.890     5641.890     5641.890     5641.890     5645.890
   320:     5646.890     5646.890     5651.880     5651.890     5658.140
   325:     5668.970     5669.740     5671.300     5671.660     5721.500
   330:     5724.500     5822.160     5822.190     5998.910     6083.680
   335:     6084.570     6825.000     6825.160     6836.580     6842.750
   340:     6842.910     6851.880     6851.890     6851.890     6851.890
   345:     6851.890     6851.890     6851.890     6855.890     6856.890
   350:     6856.890     6861.880     6861.890     6864.790     6869.820
   355:     6882.240     6895.000     6902.180     6910.420     6914.400
   360:     7042.240     7060.610     7061.730     7061.890     7063.480
   365:     7066.060     7085.480     7086.860     7638.200     7638.340
   370:     7669.660     7672.240     7681.700     7682.810     7686.620
   375:     7686.680     7705.680     7706.050     7706.480     7722.770
   380:     7723.200     7771.170     7773.540     7774.510     7774.570
   385:     7774.840     7775.330     7775.440     7776.740     7792.530
   390:     7800.630     7816.690     7847.540     7874.500     7881.200
   395:     7906.090     7984.700     7984.700     7984.700     7984.700
   400:     7984.700     7984.700     7984.700     7988.700     7989.700
   405:     7989.700     7994.690     7994.700     7997.580     8021.700
   410:     8021.700     8021.700     8021.700     8021.700     8021.700
   415:     8021.700     8024.410     8025.700     8026.700     8026.700
   420:     8031.690     8031.700     8038.250     8038.250     8038.250
   425:     8038.250     8038.250     8038.250     8038.250     8038.840
   430:     8042.250     8043.250     8043.250     8048.240     8048.250
   435:     8061.880     8061.890     8061.890     8061.890     8061.890
   440:     8061.890     8061.890     8064.220     8064.220     8065.890
   445:     8066.890     8066.890     8071.640     8071.880     8071.890
   450:     8091.150     8091.150     8091.150     8091.150     8091.150
   455:     8091.150     8091.150     8093.050     8095.150     8096.150
   460:     8096.150     8101.140     8101.150     8132.530     8132.530
   465:     8132.530     8132.530     8132.530     8132.530     8132.530
   470:     8136.530     8137.530     8137.530     8140.170     8142.520
   475:     8142.530     8148.760     8148.760     8148.760     8148.760
   480:     8148.760     8148.760     8148.760     8152.760     8153.760
   485:     8153.760     8158.750     8158.760     8171.890     8182.820
   490:     8182.820     8182.820     8182.820     8182.820     8182.820
   495:     8182.820     8186.820     8187.820     8187.820     8192.810
   500:     8192.820     9271.880     9271.890     9271.890     9271.890
   505:     9271.890     9271.890     9271.890     9275.890     9276.890
   510:     9276.890     9281.880     9281.890     9418.760     9742.700
   515:     9859.980     9888.050    10210.690    10210.810    10226.580
   520:    10256.320    10259.560    10296.170    10296.170    10296.170
   525:    10296.180    10296.180    10296.180    10296.180    10296.180
   530:    10296.180    10297.750    10297.750    10298.000    10298.000
   535:    10299.300    10299.300    10300.180    10301.180    10301.180
   540:    10306.170    10306.180    10320.280    10359.490    10359.610
   545:    10396.240    10402.500    10402.500    10402.500    10402.510
   550:    10402.510    10402.510    10402.510    10402.510    10402.510
   555:    10404.320    10404.320    10406.050    10406.050    10406.510
   560:    10407.510    10407.510    10410.300    10412.500    10412.510
   565:    10800.000
