File: C:\MED-PC\Data\2025-03-06_12h27m_Subject 74.txt


Start Date: 03/06/25
End Date: 03/06/25
Subject: 74
Experiment: OralFentSA
Group: One
Box: 2
Start Time: 12:27:55
End Time: 15:28:23
MSN: 20241014_Golden_Liq_SelfAdmin
F:       0.000
G:     653.000
H:   10800.000
I:       0.000
J:       0.000
K:       0.000
L:       0.000
M:       0.000
N:       0.000
O:       0.000
P:       0.000
Q:       0.000
R:       0.000
S:       0.000
U:       0.000
V:       0.000
W:       0.000
X:       0.000
Y:       0.000
Z:       0.000
A:
     0:        0.000        0.000      180.000        4.000        0.000
     5:        5.000        0.000        5.000        0.000        0.000
    10:        1.000        0.000       10.000     2400.000       22.000
    15:        4.000      640.000        0.000        0.000        0.000
    20:        0.000
B:
     0:        0.000        0.000        0.000      400.000        0.000
     5:      500.000        0.000      500.000        0.000        0.000
    10:        0.000        0.000     1000.000   240000.000        0.000
    15:        0.000        0.000        0.000        0.000        0.000
    20:        0.000
C:
     0:       18.000       19.000        5.000       18.000      392.000
     5:     9519.630       31.420       10.000      443.510       44.351
    10:       18.000        5.000        8.000        0.000        0.000
    15:        0.000        0.000        0.000        0.000        0.000
    20:        0.000
D:
     0:       10.320       25.880        7.580        6.190        5.760
     5:        0.250      340.860        8.010        7.240       31.420
E:
     0:       19.000       11.000       26.000       27.000        6.000
     5:        6.000        6.000        6.000        6.000        6.000
    10:        6.000        6.000        6.000        6.000        6.000
    15:        6.000        6.000        6.000        6.000        6.000
    20:        6.000        6.000        6.000        6.000        6.000
    25:        6.000        6.000        6.000        6.000        6.000
    30:        1.000        1.000        1.000        1.000        6.000
    35:        6.000        6.000        6.000        6.000        6.000
    40:        6.000        6.000        6.000        6.000        6.000
    45:        6.000        6.000        6.000        6.000        6.000
    50:        6.000        6.000        6.000        6.000        6.000
    55:        6.000        2.000        4.000       22.000       24.000
    60:       12.000       13.000        8.000        5.000       17.000
    65:       21.000       22.000       18.000       14.000       10.000
    70:       21.000       22.000       19.000       11.000        6.000
    75:        6.000        6.000        6.000        6.000        6.000
    80:        6.000        6.000        6.000        6.000        6.000
    85:        6.000        6.000        6.000        6.000        6.000
    90:        6.000        6.000        6.000        6.000        6.000
    95:        6.000        6.000        6.000        6.000        6.000
   100:        6.000        6.000        6.000        6.000        6.000
   105:        6.000        6.000        6.000        6.000        6.000
   110:        6.000        6.000        6.000        6.000        6.000
   115:        6.000        6.000        6.000        6.000        6.000
   120:        6.000        6.000        6.000        6.000        6.000
   125:        6.000        6.000        6.000        6.000        6.000
   130:        6.000        6.000        6.000        6.000        6.000
   135:        6.000        6.000        6.000        6.000        6.000
   140:        6.000        6.000        6.000        6.000        6.000
   145:        6.000        6.000        6.000        6.000        6.000
   150:        6.000        6.000        6.000        6.000        6.000
   155:        6.000        6.000        6.000        6.000        6.000
   160:        6.000        6.000        6.000        6.000        6.000
   165:        6.000        6.000        6.000        6.000        6.000
   170:        6.000        6.000        6.000        6.000        6.000
   175:        6.000        6.000        6.000        6.000        6.000
   180:        6.000        6.000        6.000        6.000        6.000
   185:        6.000        6.000       25.000       24.000       12.000
   190:       13.000        8.000        5.000       17.000       18.000
   195:       14.000       10.000       19.000       11.000        6.000
   200:        6.000        6.000        6.000        6.000        6.000
   205:        6.000        6.000        6.000        6.000        6.000
   210:        6.000        6.000        6.000        6.000        6.000
   215:        6.000        6.000        6.000        6.000        6.000
   220:        6.000        6.000        6.000        6.000        6.000
   225:        6.000        6.000        6.000        6.000        6.000
   230:        6.000        6.000        6.000        6.000        6.000
   235:        6.000        6.000        6.000        6.000        6.000
   240:        6.000        6.000        6.000        6.000        6.000
   245:        6.000        6.000        6.000        6.000        6.000
   250:        6.000        6.000        6.000        6.000        6.000
   255:        6.000        6.000        6.000        6.000        6.000
   260:        6.000        6.000        6.000        6.000        6.000
   265:        6.000        6.000        6.000        6.000        6.000
   270:        6.000        6.000        6.000        6.000        6.000
   275:        6.000        6.000       30.000       24.000       12.000
   280:       13.000        8.000        5.000       17.000       18.000
   285:       14.000       10.000        6.000        6.000        6.000
   290:       19.000       11.000        6.000       30.000       24.000
   295:       12.000       13.000        8.000        5.000       17.000
   300:       18.000       14.000       10.000        6.000        6.000
   305:        6.000        6.000       19.000       11.000        6.000
   310:        6.000        6.000        6.000        2.000        4.000
   315:       22.000       24.000       12.000       13.000        8.000
   320:        5.000       17.000       18.000       14.000       10.000
   325:       19.000       11.000        2.000        4.000       22.000
   330:       24.000       12.000       13.000        8.000        5.000
   335:       17.000       18.000       14.000       10.000       19.000
   340:       11.000        2.000        4.000       22.000       24.000
   345:       12.000       13.000        8.000        5.000       17.000
   350:       18.000       14.000       10.000       19.000       11.000
   355:        2.000        4.000       22.000       24.000       12.000
   360:       13.000        8.000        5.000       17.000       18.000
   365:       14.000       10.000       19.000       11.000        2.000
   370:        4.000       22.000       24.000       12.000       13.000
   375:        8.000        5.000       17.000       18.000       14.000
   380:       10.000       19.000       11.000       30.000       24.000
   385:       12.000       13.000        8.000        5.000       17.000
   390:       18.000       14.000       10.000        6.000       19.000
   395:       11.000        6.000        6.000       30.000       24.000
   400:       12.000       13.000        8.000        5.000       17.000
   405:        6.000        6.000       18.000       14.000       10.000
   410:        6.000        6.000       19.000       11.000        6.000
   415:        6.000        6.000        6.000        6.000        6.000
   420:        6.000        6.000        6.000        6.000        6.000
   425:        6.000        6.000        6.000        6.000        6.000
   430:        6.000        6.000        6.000        6.000        6.000
   435:        6.000        6.000        6.000        6.000        6.000
   440:        6.000        6.000        6.000        6.000        6.000
   445:        6.000        6.000        6.000        6.000        6.000
   450:        6.000        6.000        6.000        6.000        6.000
   455:        6.000        6.000        6.000        6.000        6.000
   460:        6.000        6.000        6.000        6.000        6.000
   465:        6.000        6.000        6.000        6.000        6.000
   470:       25.000       24.000       12.000       13.000        8.000
   475:        5.000       17.000       18.000       14.000       10.000
   480:       19.000       11.000        6.000        6.000        6.000
   485:        6.000        6.000        6.000        6.000        6.000
   490:        6.000        1.000        6.000        6.000        6.000
   495:        6.000        6.000        2.000        4.000       22.000
   500:       24.000       12.000       13.000        8.000        5.000
   505:       17.000       18.000       14.000       10.000        6.000
   510:       19.000       11.000        6.000        6.000        6.000
   515:        6.000        6.000        6.000        6.000        6.000
   520:        6.000        6.000        6.000        6.000        6.000
   525:        6.000        6.000        6.000       30.000       24.000
   530:       12.000       13.000        8.000        5.000       17.000
   535:       18.000       14.000       10.000       19.000       11.000
   540:       30.000       24.000       12.000       13.000        8.000
   545:        5.000       17.000       18.000       14.000       10.000
   550:        6.000       19.000       11.000        6.000        2.000
   555:        4.000       22.000       24.000       12.000       13.000
   560:        8.000        5.000       17.000       21.000       22.000
   565:       21.000       22.000       18.000       14.000       10.000
   570:       21.000       22.000       19.000       11.000        2.000
   575:        4.000       22.000       24.000       12.000       13.000
   580:        8.000        5.000       17.000       21.000       22.000
   585:       18.000       14.000       10.000       19.000       11.000
   590:        2.000        4.000       22.000       24.000       12.000
   595:       13.000        8.000        5.000       17.000       21.000
   600:       22.000       21.000       22.000       18.000       14.000
   605:       10.000       19.000       11.000        6.000        6.000
   610:        6.000        6.000        6.000        6.000        6.000
   615:        6.000        6.000        6.000        6.000        6.000
   620:        6.000        6.000        6.000        6.000        6.000
   625:        6.000        6.000        6.000        6.000        6.000
   630:        6.000        6.000        6.000        6.000        6.000
   635:        6.000        6.000        6.000        6.000        6.000
   640:        6.000        6.000        6.000        6.000        6.000
   645:        6.000        6.000        6.000        6.000        6.000
   650:        6.000        6.000        6.000      100.000
T:
     0:        0.000        0.000        0.000        0.000       61.530
     5:       61.990       63.240       67.730       67.970       73.450
    10:       73.740       73.870       76.640       78.160       85.360
    15:       85.530       86.430       87.880      171.350      171.540
    20:      176.050      184.090      185.960      221.050      221.210
    25:      375.890      375.970      376.500      377.680      613.290
    30:      658.670      659.110      660.650      669.660      724.550
    35:      725.020      727.050      728.860      730.190      735.210
    40:      737.070      742.480      868.370      870.120      973.300
    45:     1140.680     1141.810     1144.730     1144.780     1144.900
    50:     1145.490     1194.610     1194.650     1195.460     1195.890
    55:     1221.330     1225.600     1225.600     1225.600     1225.610
    60:     1225.610     1225.610     1225.610     1225.610     1225.610
    65:     1226.090     1226.090     1229.610     1230.610     1230.610
    70:     1232.420     1232.420     1235.600     1235.610     1235.930
    75:     1236.140     1240.640     1241.150     1244.730     1244.790
    80:     1244.840     1252.440     1252.580     1254.090     1255.270
    85:     1273.510     1291.190     1291.390     1296.170     1296.300
    90:     1358.430     1404.530     1405.800     1405.860     1406.320
    95:     1421.260     1421.690     1422.480     1429.270     1430.400
   100:     1433.300     1433.400     1436.300     1440.830     1441.940
   105:     1443.600     1444.860     1445.090     1447.650     1449.740
   110:     1450.510     1450.710     1452.380     1455.120     1455.200
   115:     1455.240     1455.840     1456.320     1457.300     1457.670
   120:     1555.980     1556.180     1816.970     1817.150     1828.090
   125:     1853.490     2074.940     2127.020     2184.760     2199.930
   130:     2200.790     2392.250     2395.870     2416.350     2417.520
   135:     2417.780     2488.100     2488.370     2488.830     2490.050
   140:     2491.260     2492.700     2529.840     2554.180     2554.350
   145:     2554.450     2555.270     2559.600     2559.850     2560.550
   150:     2583.640     2586.030     2586.130     2586.530     2586.740
   155:     2588.570     2588.860     2589.180     2594.070     2594.830
   160:     2726.550     2726.960     2727.360     2727.490     3301.870
   165:     3303.100     3306.810     3306.880     3307.040     3312.420
   170:     3338.390     3371.960     3375.660     3381.180     3383.240
   175:     3387.760     3390.220     3390.870     3390.960     3391.230
   180:     3427.410     3534.230     3534.800     3535.120     3537.290
   185:     3563.000     3563.100     3635.600     3635.610     3635.610
   190:     3635.610     3635.610     3635.610     3635.610     3639.610
   195:     3640.610     3640.610     3645.600     3645.610     3661.490
   200:     3669.620     3670.130     3675.430     3675.540     3675.740
   205:     3676.180     3681.150     3743.240     3743.630     3744.130
   210:     3744.290     3748.920     3749.060     3749.360     3786.630
   215:     3815.160     3818.460     3823.910     3827.160     3829.210
   220:     3829.940     3885.510     3898.810     3899.260     3899.400
   225:     3910.380     3913.790     3915.420     3933.300     3945.970
   230:     3946.650     3975.370     3975.590     3978.070     4113.660
   235:     4118.600     4118.770     4119.250     4123.800     4125.430
   240:     4125.860     4128.110     4131.710     4131.870     4132.240
   245:     4133.090     4135.070     4136.020     4138.920     4141.850
   250:     4202.160     4205.270     4227.990     4228.770     4230.290
   255:     4238.810     4381.640     4381.800     4382.050     4424.880
   260:     4425.050     4425.390     4426.040     4426.140     4426.930
   265:     4428.460     4428.640     4429.360     4432.710     4432.810
   270:     4673.640     4674.670     4677.470     4846.510     4847.280
   275:     4847.880     5088.880     5130.700     5130.700     5130.700
   280:     5130.700     5130.700     5130.700     5130.700     5134.700
   285:     5135.700     5135.700     5138.280     5140.520     5140.600
   290:     5140.690     5140.700     5153.130     5165.980     5165.980
   295:     5165.980     5165.980     5165.980     5165.980     5165.980
   300:     5169.980     5170.980     5170.980     5172.170     5172.290
   305:     5172.400     5173.610     5175.970     5175.980     5178.250
   310:     5178.350     5178.420     5178.450     5188.140     5188.140
   315:     5188.140     5188.150     5188.150     5188.150     5188.150
   320:     5188.150     5188.150     5192.150     5193.150     5193.150
   325:     5198.140     5198.150     5199.750     5199.750     5199.750
   330:     5199.760     5199.760     5199.760     5199.760     5199.760
   335:     5199.760     5203.760     5204.760     5204.760     5209.750
   340:     5209.760     5227.270     5227.270     5227.270     5227.280
   345:     5227.280     5227.280     5227.280     5227.280     5227.280
   350:     5231.280     5232.280     5232.280     5237.270     5237.280
   355:     5240.280     5240.280     5240.280     5240.290     5240.290
   360:     5240.290     5240.290     5240.290     5240.290     5244.290
   365:     5245.290     5245.290     5250.280     5250.290     5260.330
   370:     5260.330     5260.330     5260.340     5260.340     5260.340
   375:     5260.340     5260.340     5260.340     5264.340     5265.340
   380:     5265.340     5270.330     5270.340     5334.900     5334.900
   385:     5334.900     5334.900     5334.900     5334.900     5334.900
   390:     5338.900     5339.900     5339.900     5340.660     5344.890
   395:     5344.900     5369.020     5373.800     5439.910     5439.910
   400:     5439.910     5439.910     5439.910     5439.910     5439.910
   405:     5440.160     5440.360     5443.910     5444.910     5444.910
   410:     5447.060     5448.020     5449.900     5449.910     5452.130
   415:     5453.470     5456.180     5528.970     5533.500     5533.660
   420:     5533.900     5548.130     5551.900     5601.170     5601.220
   425:     5601.440     5644.420     5656.160     5656.450     5658.030
   430:     5776.660     5783.190     5783.480     5784.240     5785.850
   435:     5882.380     5897.730     5897.810     5897.960     5898.150
   440:     5898.410     6202.880     6255.410     6272.020     6446.830
   445:     6509.140     6547.460     6547.710     6658.470     6767.960
   450:     7201.480     7202.050     7220.420     7221.340     7223.180
   455:     7256.030     7280.480     7283.820     7284.360     7409.770
   460:     7419.760     7420.090     7420.130     7449.320     7474.970
   465:     7475.150     7475.340     7480.590     7539.830     7541.870
   470:     7670.330     7670.340     7670.340     7670.340     7670.340
   475:     7670.340     7670.340     7674.340     7675.340     7675.340
   480:     7680.330     7680.340     8011.200     8014.460     8014.780
   485:     8022.020     8024.750     8024.790     8026.310     8031.040
   490:     8031.140     8151.930     8154.930     8158.970     8212.980
   495:     8248.620     8260.480     8406.200     8406.200     8406.200
   500:     8406.210     8406.210     8406.210     8406.210     8406.210
   505:     8406.210     8410.210     8411.210     8411.210     8414.220
   510:     8416.200     8416.210     8418.130     8418.240     8421.460
   515:     8467.980     8584.660     8585.410     8585.450     8585.530
   520:     8587.850     8590.840     8600.710     8609.910     8617.880
   525:     9350.980     9351.470     9354.520     9426.240     9426.240
   530:     9426.240     9426.240     9426.240     9426.240     9426.240
   535:     9430.240     9431.240     9431.240     9436.230     9436.240
   540:     9440.730     9440.730     9440.730     9440.730     9440.730
   545:     9440.730     9440.730     9444.730     9445.730     9445.730
   550:     9447.970     9450.720     9450.730     9457.620     9496.840
   555:     9496.840     9496.840     9496.850     9496.850     9496.850
   560:     9496.850     9496.850     9496.850     9497.170     9497.170
   565:     9497.480     9497.480     9500.850     9501.850     9501.850
   570:     9506.520     9506.520     9506.840     9506.850     9507.230
   575:     9507.230     9507.230     9507.240     9507.240     9507.240
   580:     9507.240     9507.240     9507.240     9507.930     9507.930
   585:     9511.240     9512.240     9512.240     9517.230     9517.240
   590:     9519.620     9519.620     9519.620     9519.630     9519.630
   595:     9519.630     9519.630     9519.630     9519.630     9520.230
   600:     9520.230     9520.800     9520.800     9523.630     9524.630
   605:     9524.630     9529.620     9529.630     9551.050     9562.990
   610:     9579.560     9579.630     9600.420     9620.720     9620.860
   615:     9621.380     9625.150     9626.610     9628.560     9631.110
   620:     9631.840     9662.840     9662.900     9664.260     9671.920
   625:     9672.130     9680.770     9685.220     9690.810     9695.640
   630:     9695.710     9696.150     9701.020     9701.280     9701.740
   635:     9702.350     9705.420     9714.010     9714.440     9719.130
   640:     9720.780     9720.970     9725.230     9725.700    10491.920
   645:    10492.260    10537.830    10539.700    10601.590    10602.150
   650:    10602.730    10680.930    10685.040    10800.000
