File: C:\MED-PC\Data\2025-03-03_10h27m_Subject 84.txt


Start Date: 03/03/25
End Date: 03/03/25
Subject: 84
Experiment: OralFentSA
Group: One
Box: 12
Start Time: 10:27:54
End Time: 13:27:58
MSN: 20241014_Golden_Liq_SelfAdmin
F:       0.000
G:    1227.000
H:   10800.000
I:       0.000
J:       0.000
K:       0.000
L:       0.000
M:       0.000
N:       0.000
O:       0.000
P:       0.000
Q:       0.000
R:       0.000
S:       0.000
U:       0.000
V:       0.000
W:       0.000
X:       0.000
Y:       0.000
Z:       0.000
A:
     0:        0.000        0.000      180.000        4.000        0.000
     5:        5.000        0.000        5.000        0.000        0.000
    10:        1.000        0.000       10.000      600.000       20.000
    15:        1.000      640.000        0.000        0.000        0.000
    20:        0.000
B:
     0:        0.000        0.000        0.000      400.000        0.000
     5:      500.000        0.000      500.000        0.000        0.000
    10:        0.000        0.000     1000.000    60000.000        0.000
    15:        0.000        0.000        0.000        0.000        0.000
    20:        0.000
C:
     0:       24.000       25.000        6.000       20.000      889.000
     5:    10611.220       66.090       24.000      910.850       37.952
    10:       20.000        6.000       15.000        0.000        0.000
    15:        0.000        0.000        0.000        0.000        0.000
    20:        0.000
D:
     0:       26.640       43.430        6.160       11.020       30.300
     5:       25.750       11.400        2.620       25.840       82.640
    10:       38.210       23.490        1.510        2.160       10.900
    15:       13.230       22.050       10.480      280.630       32.480
    20:       63.680       77.910        2.230       66.090
E:
     0:       19.000       11.000       26.000       27.000        6.000
     5:        6.000        1.000        6.000        6.000        6.000
    10:        6.000        6.000        6.000        6.000        6.000
    15:        6.000        6.000        6.000        6.000        6.000
    20:        6.000        6.000        6.000        6.000        6.000
    25:        6.000        6.000        6.000        6.000        6.000
    30:        6.000        6.000        6.000        6.000        6.000
    35:        6.000        6.000        2.000        4.000       22.000
    40:       24.000       12.000       13.000        8.000        5.000
    45:       17.000       18.000       14.000       10.000       19.000
    50:       11.000        6.000        6.000        6.000        6.000
    55:        6.000        6.000        6.000        6.000        6.000
    60:        6.000        6.000        6.000        6.000        6.000
    65:        6.000        6.000        6.000        6.000        6.000
    70:        6.000        6.000        6.000        6.000        6.000
    75:        6.000        2.000        4.000       22.000       24.000
    80:       12.000       13.000        8.000        5.000       17.000
    85:       21.000       22.000       21.000       22.000       18.000
    90:       14.000       10.000       21.000       22.000       21.000
    95:       22.000       19.000       11.000        1.000        1.000
   100:        6.000        6.000        1.000        1.000        6.000
   105:        6.000        6.000        6.000        6.000        6.000
   110:        6.000        6.000        6.000        6.000        6.000
   115:        6.000        6.000        6.000        6.000        6.000
   120:        6.000        6.000        6.000        6.000        6.000
   125:        6.000        6.000        6.000        6.000        6.000
   130:        6.000        2.000        4.000       22.000       24.000
   135:       12.000       13.000        8.000        5.000       17.000
   140:       18.000       14.000       10.000        6.000       19.000
   145:       11.000        6.000        6.000        6.000        6.000
   150:        6.000        6.000        6.000        6.000        6.000
   155:        6.000        6.000        6.000        6.000        6.000
   160:        6.000        6.000        6.000        6.000        2.000
   165:        4.000       22.000       24.000       12.000       13.000
   170:        8.000        5.000       17.000       18.000       14.000
   175:       10.000       21.000       22.000       19.000       11.000
   180:        6.000        6.000        6.000        6.000        6.000
   185:        2.000        4.000       22.000       24.000       12.000
   190:       13.000        8.000        5.000       17.000       21.000
   195:       22.000       21.000       22.000       18.000       14.000
   200:       10.000       19.000       11.000        6.000        6.000
   205:        6.000        6.000        6.000        6.000        1.000
   210:        2.000        4.000       22.000       24.000       12.000
   215:       13.000        8.000        5.000       17.000       21.000
   220:       22.000       21.000       22.000       18.000       14.000
   225:       10.000       19.000       11.000        6.000        6.000
   230:        6.000        6.000        6.000        6.000        6.000
   235:        6.000        6.000        6.000        6.000        6.000
   240:        6.000        6.000        6.000        6.000        6.000
   245:        6.000        6.000        6.000        6.000        6.000
   250:        6.000        6.000        6.000        6.000        6.000
   255:        6.000        6.000        6.000        6.000        6.000
   260:        2.000        4.000       22.000       24.000       12.000
   265:       13.000        8.000        5.000       17.000       18.000
   270:       14.000       10.000       19.000       11.000        6.000
   275:        6.000        6.000        6.000        6.000        6.000
   280:        6.000        6.000        6.000        6.000        6.000
   285:        6.000        6.000        6.000        6.000        6.000
   290:        6.000        6.000        6.000        6.000        6.000
   295:        6.000        6.000        6.000        6.000        6.000
   300:        6.000        6.000        6.000        6.000        6.000
   305:        6.000        6.000        6.000        6.000        6.000
   310:        6.000        6.000        6.000        6.000        6.000
   315:        6.000        6.000        6.000        6.000        6.000
   320:        6.000        6.000        6.000        6.000        6.000
   325:        6.000        6.000        6.000        6.000        6.000
   330:        6.000        6.000        6.000        6.000        6.000
   335:        6.000        2.000        4.000       22.000       24.000
   340:       12.000       13.000        8.000        5.000       17.000
   345:        6.000        6.000       18.000       14.000       10.000
   350:       19.000       11.000        6.000        6.000        6.000
   355:        6.000        6.000        6.000        6.000        6.000
   360:        6.000        6.000        6.000        6.000        6.000
   365:        6.000        6.000        6.000        6.000        6.000
   370:        6.000        6.000        6.000        6.000        6.000
   375:        6.000        6.000        6.000        6.000        6.000
   380:        6.000        6.000        6.000        6.000        6.000
   385:        6.000        6.000        6.000        6.000        6.000
   390:        6.000        6.000        6.000        6.000        6.000
   395:        6.000        6.000        6.000        6.000        6.000
   400:        6.000        6.000        6.000        6.000        6.000
   405:        6.000        6.000        6.000        6.000        6.000
   410:        6.000        6.000        6.000        6.000        6.000
   415:        6.000        6.000        6.000        6.000        6.000
   420:        6.000        6.000        6.000        6.000        6.000
   425:        6.000        6.000        6.000        6.000        6.000
   430:        6.000        6.000        6.000        6.000        6.000
   435:        6.000        6.000        6.000        6.000        6.000
   440:        6.000        6.000        6.000        6.000        6.000
   445:        6.000        6.000        6.000        6.000        6.000
   450:        6.000        6.000        6.000        6.000        6.000
   455:       25.000       24.000       12.000       13.000        8.000
   460:        5.000       17.000       18.000       14.000       10.000
   465:       19.000       11.000        6.000        6.000        6.000
   470:        6.000        6.000        6.000        6.000        6.000
   475:        6.000        6.000        6.000        6.000        6.000
   480:        6.000        6.000        6.000        6.000        6.000
   485:        6.000        6.000        6.000        6.000        6.000
   490:        6.000        6.000        6.000        6.000        6.000
   495:        2.000        4.000       22.000       24.000       12.000
   500:       13.000        8.000        5.000       17.000       21.000
   505:       22.000       18.000       14.000       10.000       21.000
   510:       22.000       19.000       11.000        6.000        6.000
   515:        6.000        6.000        6.000        6.000        6.000
   520:        6.000        6.000        6.000        6.000        6.000
   525:        6.000        6.000        6.000        6.000        6.000
   530:        6.000        6.000        6.000        6.000        6.000
   535:        6.000        6.000        6.000        6.000        6.000
   540:        6.000        6.000        6.000        6.000        6.000
   545:        6.000        6.000        6.000        6.000        6.000
   550:        6.000        6.000        6.000        6.000        6.000
   555:        6.000        6.000        6.000        6.000        6.000
   560:        6.000       25.000       24.000       12.000       13.000
   565:        8.000        5.000       17.000       18.000       14.000
   570:       10.000       19.000       11.000        6.000        6.000
   575:        6.000        6.000        6.000        6.000        6.000
   580:        6.000        6.000        6.000        6.000        6.000
   585:        6.000        6.000        6.000        6.000        6.000
   590:        6.000        6.000        6.000        6.000        6.000
   595:        6.000        6.000        6.000        6.000        6.000
   600:        6.000        6.000        6.000        6.000        6.000
   605:        6.000        6.000        6.000        6.000        6.000
   610:        6.000        6.000        6.000        6.000        6.000
   615:        6.000        6.000        6.000        6.000        6.000
   620:        6.000        6.000        6.000        6.000        6.000
   625:       25.000       24.000       12.000       13.000        8.000
   630:        5.000       17.000       18.000       14.000       10.000
   635:       19.000       11.000        6.000        6.000        6.000
   640:        6.000        6.000        6.000        6.000        6.000
   645:        6.000        6.000        6.000        6.000        6.000
   650:        6.000        6.000        6.000        6.000        6.000
   655:        6.000        6.000        6.000        6.000        6.000
   660:        6.000        6.000        6.000        6.000        6.000
   665:        6.000        6.000        6.000        6.000        6.000
   670:        6.000        6.000        6.000        6.000        6.000
   675:        6.000        6.000        6.000        6.000        6.000
   680:       25.000       24.000       12.000       13.000        8.000
   685:        5.000       17.000        6.000        6.000        6.000
   690:       18.000       14.000       10.000       19.000       11.000
   695:        6.000        6.000        6.000        6.000        6.000
   700:        6.000        6.000        6.000        6.000        6.000
   705:        6.000        6.000        6.000        6.000        6.000
   710:        6.000        6.000        6.000        6.000        6.000
   715:        6.000        6.000        6.000        6.000        6.000
   720:        6.000        6.000        6.000        6.000        6.000
   725:        6.000        6.000        6.000        6.000        6.000
   730:        6.000        6.000        6.000        6.000        6.000
   735:        6.000        6.000        6.000        6.000        6.000
   740:        6.000        6.000        6.000        6.000        6.000
   745:        6.000        6.000        6.000        6.000        6.000
   750:       25.000       24.000       12.000       13.000        8.000
   755:        5.000       17.000        6.000        6.000       18.000
   760:       14.000       10.000        6.000       19.000       11.000
   765:        6.000        6.000        6.000        6.000        6.000
   770:        6.000        6.000        6.000        6.000        6.000
   775:        6.000        6.000        6.000        6.000        6.000
   780:        6.000        6.000        6.000        6.000        6.000
   785:        6.000        6.000        6.000        6.000        6.000
   790:        6.000        6.000        6.000        6.000        6.000
   795:        6.000        6.000        6.000        6.000        6.000
   800:        6.000        6.000        6.000        6.000        6.000
   805:        6.000        6.000        6.000        6.000        6.000
   810:        6.000        6.000        6.000        6.000        6.000
   815:        6.000        6.000        6.000       25.000       24.000
   820:       12.000       13.000        8.000        5.000       17.000
   825:       18.000       14.000       10.000       19.000       11.000
   830:        6.000        6.000        6.000        6.000        6.000
   835:        6.000        6.000        6.000        6.000        6.000
   840:        6.000        6.000       30.000       24.000       12.000
   845:       13.000        8.000        5.000       17.000       18.000
   850:       14.000       10.000       19.000       11.000        6.000
   855:        6.000        6.000        6.000        6.000        6.000
   860:        6.000        6.000        6.000        6.000        6.000
   865:        6.000        6.000        6.000        6.000        6.000
   870:        6.000        6.000        6.000        6.000        6.000
   875:        6.000        6.000        6.000        6.000       25.000
   880:       24.000       12.000       13.000        8.000        5.000
   885:       17.000       18.000       14.000       10.000       19.000
   890:       11.000        6.000        6.000        6.000        6.000
   895:        6.000        6.000        6.000        6.000        6.000
   900:        6.000        6.000        6.000        6.000        6.000
   905:        6.000        6.000        6.000        6.000        6.000
   910:        6.000        6.000        6.000        6.000        6.000
   915:        6.000        6.000        6.000        6.000        6.000
   920:        6.000        6.000        6.000        6.000        6.000
   925:        6.000        6.000        6.000        6.000        6.000
   930:        6.000        6.000        6.000        6.000        6.000
   935:        6.000        6.000        6.000        6.000        6.000
   940:        6.000        6.000        6.000        6.000        6.000
   945:        6.000        6.000        6.000        6.000        6.000
   950:        6.000        6.000        6.000        6.000        6.000
   955:        6.000        6.000        6.000       25.000       24.000
   960:       12.000       13.000        8.000        5.000       17.000
   965:       18.000       14.000       10.000       19.000       11.000
   970:        6.000        6.000        6.000        6.000        6.000
   975:        6.000        6.000        6.000        6.000        6.000
   980:        6.000        6.000        6.000        6.000        6.000
   985:        6.000        6.000        6.000        6.000        6.000
   990:        6.000        6.000        6.000        6.000        6.000
   995:        6.000        6.000        6.000        6.000        6.000
  1000:        6.000        6.000        6.000        6.000        6.000
  1005:        6.000        6.000        6.000        6.000        6.000
  1010:        6.000       25.000       24.000       12.000       13.000
  1015:        8.000        5.000       17.000       18.000       14.000
  1020:       10.000       19.000       11.000        6.000        6.000
  1025:        6.000        6.000        6.000        6.000        6.000
  1030:        6.000        6.000        6.000        6.000        6.000
  1035:        6.000        6.000        6.000        6.000       25.000
  1040:       24.000       12.000       13.000        8.000        5.000
  1045:       17.000       18.000       14.000       10.000       19.000
  1050:       11.000        6.000        6.000        6.000        6.000
  1055:        6.000        6.000       25.000       24.000       12.000
  1060:       13.000        8.000        5.000       17.000       18.000
  1065:       14.000       10.000       19.000       11.000        6.000
  1070:        6.000        6.000        6.000        6.000        6.000
  1075:        6.000       25.000       24.000       12.000       13.000
  1080:        8.000        5.000       17.000       18.000       14.000
  1085:       10.000       19.000       11.000        6.000        6.000
  1090:        6.000        6.000        6.000        6.000        6.000
  1095:        6.000        6.000        6.000        6.000        6.000
  1100:        6.000        6.000        6.000        6.000        6.000
  1105:        6.000        6.000        6.000        6.000        6.000
  1110:        6.000        6.000        6.000        6.000        6.000
  1115:        6.000        6.000        6.000        6.000        6.000
  1120:        6.000        6.000        6.000        6.000        6.000
  1125:        6.000        6.000        6.000        6.000        6.000
  1130:        6.000        6.000        6.000        6.000        6.000
  1135:        6.000        6.000        6.000        6.000        6.000
  1140:        6.000        6.000        6.000        6.000        6.000
  1145:        6.000        6.000        6.000        6.000        6.000
  1150:        6.000        6.000        6.000        6.000        6.000
  1155:        6.000        6.000        6.000        6.000        6.000
  1160:        6.000        6.000        6.000        6.000        6.000
  1165:        6.000        6.000        6.000        6.000        6.000
  1170:       25.000       24.000       12.000       13.000        8.000
  1175:        5.000       17.000        6.000       18.000       14.000
  1180:       10.000        6.000        6.000        6.000       19.000
  1185:       11.000        6.000        6.000        6.000        6.000
  1190:        6.000        6.000        6.000        6.000        6.000
  1195:        6.000        6.000        6.000        6.000        6.000
  1200:        6.000        6.000        6.000       25.000       24.000
  1205:       12.000       13.000        8.000        5.000       17.000
  1210:       18.000       14.000       10.000       19.000       11.000
  1215:        6.000        6.000        6.000        6.000        6.000
  1220:        6.000        6.000        6.000        6.000        6.000
  1225:        6.000        6.000      100.000
T:
     0:        0.000        0.000        0.000        0.000        5.590
     5:        5.900       14.990       40.450       45.640       45.930
    10:       53.120       76.480       76.860       78.170       78.410
    15:       79.380       79.840       83.500       83.700       85.360
    20:       85.720       85.760       85.880       92.260       94.400
    25:       94.480       94.530       94.650       95.670       95.920
    30:       96.440       98.090       98.170      141.660      159.070
    35:      161.270      161.440      169.170      169.170      169.170
    40:      169.180      169.180      169.180      169.180      169.180
    45:      169.180      173.180      174.180      174.180      179.170
    50:      179.180      195.820      195.930      203.070      206.740
    55:      209.290      210.880      211.640      212.600      215.650
    60:      216.120      216.140      216.470      216.600      219.660
    65:      220.430      220.570      223.350      227.970      228.440
    70:      232.310      234.320      234.350      234.590      250.080
    75:      250.870      293.690      293.690      293.690      293.700
    80:      293.700      293.700      293.700      293.700      293.700
    85:      294.490      294.490      296.200      296.200      297.700
    90:      298.700      298.700      299.000      299.000      300.360
    95:      300.360      303.690      303.700      328.920      331.240
   100:      337.130      343.840      376.380      414.870      425.890
   105:      426.120      426.270      427.010      427.310      427.480
   110:      428.990      429.110      429.200      432.280      432.300
   115:      432.360      432.700      464.770      464.920      465.480
   120:      465.840      466.040      466.220      467.820      467.890
   125:      467.930      537.260      537.720      543.110      543.620
   130:      544.040      558.200      558.200      558.200      558.210
   135:      558.210      558.210      558.210      558.210      558.210
   140:      562.210      563.210      563.210      564.370      568.200
   145:      568.210      571.590      571.740      575.730      575.780
   150:      578.260      580.280      581.070      581.090      581.170
   155:      581.620      581.690      581.790      584.640      585.640
   160:      585.660      586.400      598.430      610.050      636.570
   165:      636.570      636.570      636.580      636.580      636.580
   170:      636.580      636.580      636.580      640.580      641.580
   175:      641.580      642.840      642.840      646.570      646.580
   180:      647.600      647.730      653.440      659.020      667.210
   185:      671.860      671.860      671.860      671.870      671.870
   190:      671.870      671.870      671.870      671.870      672.320
   195:      672.320      675.600      675.600      675.870      676.870
   200:      676.870      681.860      681.870      702.170      702.400
   205:      751.260      751.310      755.960      756.260      763.850
   210:      804.410      804.410      804.410      804.420      804.420
   215:      804.420      804.420      804.420      804.420      804.810
   220:      804.810      805.310      805.310      808.420      809.420
   225:      809.420      814.410      814.420      830.170      830.430
   230:      830.550      844.130      849.090      850.650      853.740
   235:      853.900      854.660      855.100      857.540      857.640
   240:      857.770      857.910      857.950      858.070      858.610
   245:      860.810      861.900      861.920      990.520      993.210
   250:      993.240      993.380      993.480      995.560      995.830
   255:     1001.660     1002.410     1050.370     1056.120     1190.270
   260:     1233.000     1233.000     1233.000     1233.010     1233.010
   265:     1233.010     1233.010     1233.010     1233.010     1237.010
   270:     1238.010     1238.010     1243.000     1243.010     1244.410
   275:     1258.530     1260.400     1261.560     1261.600     1261.660
   280:     1261.800     1261.980     1262.020     1262.200     1264.130
   285:     1265.870     1266.430     1266.830     1268.690     1270.860
   290:     1271.090     1272.840     1273.540     1274.080     1274.790
   295:     1274.920     1275.380     1277.020     1277.390     1277.480
   300:     1277.750     1278.470     1278.750     1280.160     1280.600
   305:     1298.600     1298.680     1298.720     1298.760     1299.180
   310:     1521.660     1525.790     1526.260     1529.410     1530.100
   315:     1530.140     1530.400     1532.770     1533.230     1538.530
   320:     1542.030     1542.330     1553.360     1555.300     1645.770
   325:     1648.200     1691.240     1694.620     1694.650     1694.760
   330:     1695.560     1695.620     1696.090     1696.390     1696.700
   335:     1697.890     1707.860     1707.860     1707.860     1707.870
   340:     1707.870     1707.870     1707.870     1707.870     1707.870
   345:     1710.490     1710.700     1711.870     1712.870     1712.870
   350:     1717.860     1717.870     1719.400     1719.450     1721.600
   355:     1737.710     1737.910     1739.190     1739.210     1774.630
   360:     1818.190     1821.760     1822.180     1822.500     1825.920
   365:     1827.270     1828.060     1828.130     1828.670     1830.800
   370:     1831.640     1834.850     1835.000     1836.300     1838.600
   375:     1838.780     1839.320     1840.240     1841.820     1842.040
   380:     1843.320     1844.110     1845.550     1846.010     1846.580
   385:     1846.670     1847.740     1847.960     1851.480     1853.440
   390:     1854.050     1854.220     1855.740     1891.540     1891.850
   395:     1898.600     1898.830     1899.820     1901.410     1904.020
   400:     1904.400     1904.910     1906.920     1907.030     1907.260
   405:     1907.690     1908.020     1910.020     1915.370     1916.090
   410:     1916.240     1916.380     1916.430     1916.460     1919.860
   415:     1921.420     1922.320     1922.860     2075.810     2080.520
   420:     2080.700     2080.750     2082.010     2082.710     2084.630
   425:     2087.260     2090.960     2093.020     2093.140     2093.870
   430:     2100.580     2128.810     2130.090     2131.570     2133.130
   435:     2134.940     2140.060     2150.650     2151.150     2154.310
   440:     2154.830     2195.540     2197.710     2210.540     2210.610
   445:     2243.380     2250.460     2250.740     2253.160     2253.200
   450:     2258.270     2264.460     2267.110     2267.860     2305.250
   455:     2317.860     2317.870     2317.870     2317.870     2317.870
   460:     2317.870     2317.870     2321.870     2322.870     2322.870
   465:     2327.860     2327.870     2343.710     2358.270     2371.460
   470:     2371.570     2371.900     2397.330     2397.370     2479.480
   475:     2479.620     2479.830     2480.250     2480.820     2483.610
   480:     2484.530     2485.400     2485.820     2517.140     2521.820
   485:     2523.880     2526.260     2532.210     2532.680     2568.180
   490:     2615.640     2620.170     2629.360     2636.780     2636.920
   495:     2681.210     2681.210     2681.210     2681.220     2681.220
   500:     2681.220     2681.220     2681.220     2681.220     2682.530
   505:     2682.530     2685.220     2686.220     2686.220     2686.390
   510:     2686.390     2691.210     2691.220     2763.860     2764.360
   515:     2772.220     2772.680     2786.040     2786.630     2786.820
   520:     2787.160     2817.160     2817.740     2890.470     2890.650
   525:     2948.750     2949.640     2949.940     2954.180     2954.220
   530:     2958.080     2959.750     2961.490     2963.830     2963.990
   535:     2964.840     2985.980     2987.220     3043.220     3043.450
   540:     3064.800     3064.970     3093.950     3114.460     3134.920
   545:     3135.870     3150.680     3164.350     3164.510     3164.820
   550:     3164.870     3165.860     3178.050     3178.340     3197.600
   555:     3198.210     3198.310     3199.370     3201.940     3202.310
   560:     3269.530     3291.210     3291.220     3291.220     3291.220
   565:     3291.220     3291.220     3291.220     3295.220     3296.220
   570:     3296.220     3301.210     3301.220     3329.430     3343.970
   575:     3386.610     3388.420     3427.930     3453.580     3453.820
   580:     3454.040     3457.240     3459.800     3461.130     3497.170
   585:     3497.360     3498.340     3498.730     3498.930     3499.400
   590:     3499.520     3499.610     3509.020     3509.840     3604.620
   595:     3609.390     3609.880     3639.310     3642.260     3644.750
   600:     3645.400     3646.270     3647.000     3649.030     3649.940
   605:     3658.310     3690.400     3691.780     3692.890     3695.850
   610:     3696.030     3723.180     3723.280     3724.370     3724.430
   615:     3739.960     3740.610     3742.920     3744.380     3803.460
   620:     3845.860     3879.960     3882.100     3896.230     3898.610
   625:     3901.210     3901.220     3901.220     3901.220     3901.220
   630:     3901.220     3901.220     3905.220     3906.220     3906.220
   635:     3911.210     3911.220     3924.710     3925.040     3928.730
   640:     3944.240     3951.830     3952.050     3956.070     3958.600
   645:     3963.680     3980.690     3988.770     3995.150     3996.730
   650:     3997.320     3999.390     4061.640     4061.780     4062.480
   655:     4062.690     4062.780     4062.880     4062.990     4063.360
   660:     4064.170     4064.300     4064.380     4153.510     4153.580
   665:     4154.280     4154.560     4182.220     4183.280     4386.100
   670:     4386.510     4386.590     4388.890     4428.160     4430.310
   675:     4433.360     4436.910     4437.340     4437.640     4437.780
   680:     4511.210     4511.220     4511.220     4511.220     4511.220
   685:     4511.220     4511.220     4512.730     4513.100     4513.530
   690:     4515.220     4516.220     4516.220     4521.210     4521.220
   695:     4521.930     4566.160     4566.890     4568.520     4572.640
   700:     4572.790     4575.720     4595.820     4599.380     4600.920
   705:     4643.560     4643.910     4643.950     4645.740     4645.880
   710:     4646.010     4646.320     4647.980     4651.630     4653.160
   715:     4657.750     4658.400     4666.020     4666.060     4666.150
   720:     4700.010     4701.000     4702.000     4702.740     4704.530
   725:     4704.990     4708.460     4791.540     4791.830     5014.560
   730:     5022.710     5024.580     5026.120     5026.150     5026.310
   735:     5026.380     5026.420     5026.470     5026.980     5027.040
   740:     5027.240     5036.060     5036.810     5065.930     5082.990
   745:     5091.510     5091.600     5091.770     5117.910     5118.410
   750:     5121.210     5121.220     5121.220     5121.220     5121.220
   755:     5121.220     5121.220     5123.380     5124.950     5125.220
   760:     5126.220     5126.220     5126.820     5131.210     5131.220
   765:     5154.580     5155.290     5155.390     5155.820     5155.980
   770:     5156.030     5157.440     5158.100     5162.680     5162.990
   775:     5165.230     5165.680     5178.100     5178.290     5179.100
   780:     5179.540     5182.010     5182.190     5182.880     5184.010
   785:     5184.030     5184.610     5273.510     5274.030     5274.070
   790:     5274.270     5274.510     5275.050     5297.710     5297.900
   795:     5298.140     5299.270     5303.760     5305.020     5578.040
   800:     5604.910     5605.900     5607.340     5608.010     5680.010
   805:     5680.280     5680.680     5680.840     5680.950     5681.150
   810:     5685.450     5688.890     5691.960     5693.570     5694.100
   815:     5706.030     5706.230     5721.910     5731.210     5731.220
   820:     5731.220     5731.220     5731.220     5731.220     5731.220
   825:     5735.220     5736.220     5736.220     5741.210     5741.220
   830:     5742.120     5743.150     5747.490     5747.800     5747.920
   835:     5775.010     5775.160     5776.960     5777.800     5777.920
   840:     5778.100     5779.490     5841.910     5841.910     5841.910
   845:     5841.910     5841.910     5841.910     5841.910     5845.910
   850:     5846.910     5846.910     5851.900     5851.910     5855.140
   855:     5864.080     5865.150     5869.660     5871.360     5873.250
   860:     5874.060     5875.140     5876.020     5877.590     5878.330
   865:     5878.480     5878.530     5936.990     5937.590     5938.650
   870:     5939.020     5941.030     5941.630     5943.770     5945.420
   875:     5955.110     6073.940     6074.060     6075.030     6341.210
   880:     6341.220     6341.220     6341.220     6341.220     6341.220
   885:     6341.220     6345.220     6346.220     6346.220     6351.210
   890:     6351.220     6363.270     6363.690     6371.060     6386.610
   895:     6389.320     6407.720     6409.450     6433.960     6441.120
   900:     6441.620     6443.230     6443.250     6445.640     6446.240
   905:     6447.450     6458.410     6483.390     6485.530     6486.020
   910:     6536.730     6538.020     6538.130     6538.590     6538.690
   915:     6540.970     6541.580     6543.510     6555.010     6577.140
   920:     6577.180     6577.210     6600.890     6602.280     6602.380
   925:     6603.020     6603.230     6648.290     6649.020     6650.040
   930:     6651.290     6652.080     6652.220     6661.900     6661.980
   935:     6662.110     6662.180     6662.230     6662.350     6662.810
   940:     6669.120     6675.970     6763.200     6763.460     6764.420
   945:     6764.930     6765.000     6765.360     6766.840     6768.680
   950:     6839.340     6842.380     6875.260     6875.610     6876.310
   955:     6879.560     6898.650     6900.040     6951.210     6951.220
   960:     6951.220     6951.220     6951.220     6951.220     6951.220
   965:     6955.220     6956.220     6956.220     6961.210     6961.220
   970:     6961.700     6966.030     6966.100     6966.300     6966.360
   975:     6966.630     6970.640     6970.660     6970.720     6973.830
   980:     6974.750     7007.960     7008.540     7008.640     7010.460
   985:     7043.420     7043.760     7058.060     7059.890     7060.970
   990:     7131.460     7132.250     7132.500     7132.590     7133.020
   995:     7133.290     7134.070     7251.830     7259.630     7265.710
  1000:     7266.350     7266.980     7268.360     7269.240     7270.040
  1005:     7270.100     7273.370     7454.570     7455.310     7455.380
  1010:     7456.210     7561.210     7561.220     7561.220     7561.220
  1015:     7561.220     7561.220     7561.220     7565.220     7566.220
  1020:     7566.220     7571.210     7571.220     7841.850     7842.110
  1025:     7851.640     7880.190     7880.350     7881.720     8104.880
  1030:     8105.230     8105.270     8105.730     8129.840     8130.120
  1035:     8131.470     8136.650     8137.860     8141.210     8171.210
  1040:     8171.220     8171.220     8171.220     8171.220     8171.220
  1045:     8171.220     8175.220     8176.220     8176.220     8181.210
  1050:     8181.220     8203.700     8210.120     8210.470     8211.250
  1055:     8230.230     8230.450     8781.210     8781.220     8781.220
  1060:     8781.220     8781.220     8781.220     8781.220     8785.220
  1065:     8786.220     8786.220     8791.210     8791.220     8844.900
  1070:     8845.270     8850.470     8956.910     8957.300     8961.100
  1075:     8961.510     9391.210     9391.220     9391.220     9391.220
  1080:     9391.220     9391.220     9391.220     9395.220     9396.220
  1085:     9396.220     9401.210     9401.220     9469.130     9475.120
  1090:     9475.170     9476.180     9476.530     9477.830     9478.870
  1095:     9494.440     9496.020     9498.310     9500.620     9500.790
  1100:     9503.190     9506.500     9556.430     9558.370     9559.480
  1105:     9559.820     9562.180     9562.910     9563.050     9563.180
  1110:     9563.930     9565.820     9565.950     9567.790     9568.620
  1115:     9568.860     9569.720     9571.770     9599.720     9600.080
  1120:     9601.610     9602.240     9604.590     9611.220     9616.090
  1125:     9616.430     9616.620     9617.070     9619.190     9619.210
  1130:     9619.340     9620.150     9620.320     9620.370     9825.240
  1135:     9826.960     9828.150     9829.930     9830.320     9831.810
  1140:     9832.090     9832.590     9833.600     9866.450     9868.760
  1145:     9871.410     9872.590     9873.030     9873.100     9877.350
  1150:     9877.550     9879.550     9899.610     9902.640     9903.680
  1155:     9904.520     9910.520     9912.220     9912.580     9913.840
  1160:     9918.610     9920.250     9920.940     9966.940     9968.600
  1165:     9978.230     9987.810     9989.060     9989.540     9989.580
  1170:    10001.210    10001.220    10001.220    10001.220    10001.220
  1175:    10001.220    10001.220    10003.450    10005.220    10006.220
  1180:    10006.220    10009.750    10010.910    10011.050    10011.210
  1185:    10011.220    10012.980    10016.110    10017.110    10185.570
  1190:    10186.570    10192.120    10193.450    10193.870    10194.180
  1195:    10194.520    10194.900    10195.950    10196.000    10196.190
  1200:    10196.380    10196.830    10196.990    10611.210    10611.220
  1205:    10611.220    10611.220    10611.220    10611.220    10611.220
  1210:    10615.220    10616.220    10616.220    10621.210    10621.220
  1215:    10677.310    10684.760    10684.790    10688.260    10689.810
  1220:    10744.160    10746.220    10747.260    10747.800    10748.010
  1225:    10773.730    10773.970    10800.000
