File: C:\MED-PC\Data\2025-03-03_16h33m_Subject 90.txt


Start Date: 03/03/25
End Date: 03/03/25
Subject: 90
Experiment: OralFentSA
Group: One
Box: 7
Start Time: 16:33:07
End Time: 18:08:19
MSN: 20241014_Golden_Liq_SelfAdmin
F:       0.000
G:     369.000
H:    5701.270
I:       0.000
J:       0.000
K:       0.000
L:       0.000
M:       0.000
N:       0.000
O:       0.000
P:       0.000
Q:       0.000
R:       0.000
S:       0.000
U:       0.000
V:       0.000
W:       0.000
X:       0.000
Y:       0.000
Z:       0.000
A:
     0:        0.000        0.000      180.000        4.000        0.000
     5:        5.000        0.000        5.000        0.000        0.000
    10:        1.000        0.000       10.000      600.000       15.000
    15:        1.000      640.000        0.000        0.000        0.000
    20:        0.000
B:
     0:        0.000        0.000        0.000      400.000        0.000
     5:      500.000        0.000      500.000        0.000        0.000
    10:        0.000        0.000     1000.000    60000.000        0.000
    15:        0.000        0.000        0.000        0.000        0.000
    20:        0.000
C:
     0:        9.000       10.000        0.000        1.000      255.000
     5:     5149.120       46.000        9.000      584.870       64.986
    10:        1.000        0.000        8.000        0.000        0.000
    15:        0.000        0.000        0.000        0.000        0.000
    20:        0.000
D:
     0:      133.030       53.060       10.140       11.920       11.670
     5:      147.430      168.190        3.430       46.000
E:
     0:       19.000       11.000       26.000       27.000        6.000
     5:        6.000        6.000        6.000        6.000        6.000
    10:        6.000        6.000        6.000        6.000        6.000
    15:        6.000        6.000        6.000        6.000        6.000
    20:        6.000        6.000        6.000        6.000        6.000
    25:        6.000        6.000        6.000        6.000        6.000
    30:        6.000        6.000        6.000        6.000        6.000
    35:        6.000        6.000       25.000       24.000       12.000
    40:       13.000        8.000        5.000       17.000       18.000
    45:       14.000       10.000       19.000       11.000        6.000
    50:        6.000        6.000        6.000        6.000        6.000
    55:        6.000        6.000        6.000        6.000        6.000
    60:        6.000        6.000        6.000        6.000        6.000
    65:        6.000        6.000        6.000        6.000        6.000
    70:        6.000        6.000        2.000        4.000       22.000
    75:       24.000       12.000       13.000        8.000        5.000
    80:       17.000       18.000       14.000       10.000       19.000
    85:       11.000        6.000        6.000        6.000        6.000
    90:        6.000        6.000        6.000        6.000        6.000
    95:        6.000        6.000        6.000        6.000        6.000
   100:        6.000        6.000        6.000        6.000        6.000
   105:        6.000        6.000        6.000        6.000        6.000
   110:        6.000       25.000       24.000       12.000       13.000
   115:        8.000        5.000       17.000       18.000       14.000
   120:       10.000       19.000       11.000        6.000        6.000
   125:        6.000        6.000        6.000        6.000        6.000
   130:        6.000        6.000        6.000        6.000        6.000
   135:        6.000        6.000        6.000        6.000        6.000
   140:        6.000        6.000        6.000        6.000        6.000
   145:        6.000        6.000        6.000        6.000        6.000
   150:        6.000        6.000        6.000        6.000        6.000
   155:        6.000        6.000        6.000        6.000        6.000
   160:        6.000        6.000        6.000        6.000        6.000
   165:        6.000        6.000        6.000        6.000        6.000
   170:        6.000        6.000        6.000       25.000       24.000
   175:       12.000       13.000        8.000        5.000       17.000
   180:       18.000       14.000       10.000       19.000       11.000
   185:        6.000        6.000        6.000        6.000        6.000
   190:        6.000        6.000        6.000        6.000       25.000
   195:       24.000       12.000       13.000        8.000        5.000
   200:       17.000       18.000       14.000       10.000       19.000
   205:       11.000        6.000        6.000        6.000        6.000
   210:        6.000        6.000        6.000        6.000        6.000
   215:        6.000        6.000       25.000       24.000       12.000
   220:       13.000        8.000        5.000       17.000       18.000
   225:       14.000       10.000       19.000       11.000        6.000
   230:        6.000        6.000        6.000        6.000        6.000
   235:        6.000        6.000        6.000        6.000        6.000
   240:        6.000        6.000        6.000        6.000        6.000
   245:        6.000       25.000       24.000       12.000       13.000
   250:        8.000        5.000       17.000       18.000       14.000
   255:       10.000       19.000       11.000        6.000        6.000
   260:        6.000        6.000        6.000        6.000        6.000
   265:        6.000        6.000        6.000        6.000        6.000
   270:        6.000        6.000        6.000        6.000        6.000
   275:        6.000        6.000        6.000        6.000        6.000
   280:        6.000        6.000        6.000        6.000        6.000
   285:        6.000        6.000        6.000        6.000        6.000
   290:       25.000       24.000       12.000       13.000        8.000
   295:        5.000       17.000        6.000       18.000       14.000
   300:       10.000       19.000       11.000        6.000        6.000
   305:        6.000       25.000       24.000       12.000       13.000
   310:        8.000        5.000       17.000       18.000       14.000
   315:       10.000       19.000       11.000        6.000        6.000
   320:        6.000        6.000        6.000        6.000        6.000
   325:        6.000        6.000        6.000        6.000        6.000
   330:        6.000        6.000        6.000        6.000        6.000
   335:        6.000        6.000        6.000        6.000        6.000
   340:        6.000        6.000        6.000        6.000        6.000
   345:        6.000        6.000        6.000        6.000        6.000
   350:        6.000        6.000        6.000        6.000        6.000
   355:        6.000        6.000        6.000        6.000        6.000
   360:        6.000        6.000        6.000        6.000        6.000
   365:        6.000        6.000        6.000        6.000
T:
     0:        0.000        0.000        0.000        0.000       12.700
     5:       51.160       51.270       53.530       54.980       55.100
    10:       55.210       55.300       55.980       56.330       62.970
    15:       63.190       63.530       64.310       76.940       85.290
    20:       95.130       95.760       95.880       96.050       99.200
    25:      102.570      122.860      123.510      124.130      124.320
    30:      126.390      126.550      130.200      386.610      387.320
    35:      458.890      459.190      599.990      600.000      600.000
    40:      600.000      600.000      600.000      600.000      604.000
    45:      605.000      605.000      609.990      610.000      733.030
    50:      766.160      766.580      767.210      767.410      769.560
    55:      771.880      786.770      787.780      788.310      788.570
    60:      789.040      789.100      789.510      789.960      791.670
    65:      795.400      795.950      826.620      827.260      847.920
    70:      848.410      854.250      879.110      879.110      879.110
    75:      879.120      879.120      879.120      879.120      879.120
    80:      879.120      883.120      884.120      884.120      889.110
    85:      889.120      932.180      935.200      937.710      947.790
    90:      948.540      956.990     1013.090     1014.670     1014.810
    95:     1015.670     1020.070     1020.230     1020.750     1047.180
   100:     1053.740     1053.890     1054.390     1055.850     1056.270
   105:     1057.480     1057.650     1132.360     1132.530     1355.840
   110:     1407.050     1489.110     1489.120     1489.120     1489.120
   115:     1489.120     1489.120     1489.120     1493.120     1494.120
   120:     1494.120     1499.110     1499.120     1499.260     1508.700
   125:     1509.270     1532.860     1573.380     1573.470     1573.990
   130:     1574.040     1592.050     1601.190     1613.880     1627.040
   135:     1627.320     1627.990     1646.710     1647.440     1703.860
   140:     1704.280     1706.500     1706.550     1706.820     1707.050
   145:     1708.600     1721.480     1724.530     1729.560     1744.910
   150:     1745.340     1750.200     1808.520     1809.890     1813.180
   155:     1815.000     1815.070     1816.100     1816.270     1818.950
   160:     1819.140     1819.710     1822.970     1824.100     1840.910
   165:     1841.060     1841.750     1842.760     1842.830     1862.640
   170:     1863.270     1865.320     1888.120     2099.110     2099.120
   175:     2099.120     2099.120     2099.120     2099.120     2099.120
   180:     2103.120     2104.120     2104.120     2109.110     2109.120
   185:     2111.040     2469.770     2682.700     2697.800     2698.090
   190:     2698.320     2698.640     2698.840     2699.040     2709.110
   195:     2709.120     2709.120     2709.120     2709.120     2709.120
   200:     2709.120     2713.120     2714.120     2714.120     2719.110
   205:     2719.120     2720.790     2721.350     2762.340     2866.890
   210:     2867.290     3126.460     3127.500     3127.660     3204.130
   215:     3204.450     3204.750     3319.110     3319.120     3319.120
   220:     3319.120     3319.120     3319.120     3319.120     3323.120
   225:     3324.120     3324.120     3329.110     3329.120     3466.550
   230:     3466.870     3467.990     3468.080     3468.110     3468.190
   235:     3468.410     3468.550     3468.720     3468.960     3469.380
   240:     3469.420     3471.530     3472.630     3476.160     3512.440
   245:     3593.180     3929.110     3929.120     3929.120     3929.120
   250:     3929.120     3929.120     3929.120     3933.120     3934.120
   255:     3934.120     3939.110     3939.120     4097.310     4098.390
   260:     4105.340     4109.210     4118.480     4119.120     4121.740
   265:     4124.790     4124.920     4125.210     4158.840     4206.290
   270:     4207.150     4208.960     4209.790     4214.010     4220.890
   275:     4222.220     4222.930     4223.220     4223.490     4238.950
   280:     4241.790     4242.000     4248.400     4267.400     4267.700
   285:     4283.130     4283.320     4283.670     4284.220     4287.030
   290:     4539.110     4539.120     4539.120     4539.120     4539.120
   295:     4539.120     4539.120     4542.550     4543.120     4544.120
   300:     4544.120     4549.110     4549.120     5049.350     5049.380
   305:     5049.960     5149.110     5149.120     5149.120     5149.120
   310:     5149.120     5149.120     5149.120     5153.120     5154.120
   315:     5154.120     5159.110     5159.120     5195.120     5195.250
   320:     5303.480     5304.010     5304.280     5304.330     5304.400
   325:     5304.660     5306.020     5306.070     5306.170     5306.500
   330:     5307.070     5330.050     5332.690     5368.550     5368.750
   335:     5370.210     5371.930     5372.220     5372.300     5372.670
   340:     5374.520     5374.810     5375.890     5377.290     5378.100
   345:     5384.930     5385.950     5415.770     5416.020     5416.260
   350:     5450.440     5451.680     5451.750     5487.110     5487.220
   355:     5488.180     5488.460     5488.600     5489.210     5547.910
   360:     5548.610     5548.790     5549.080     5649.100     5650.490
   365:     5657.170     5658.920     5697.110     5699.570
