File: C:\MED-PC\Data\2025-03-03_16h33m_Subject 93.txt


Start Date: 03/03/25
End Date: 03/03/25
Subject: 93
Experiment: OralFentSA
Group: One
Box: 10
Start Time: 16:33:12
End Time: 18:08:19
MSN: 20241014_Golden_Liq_SelfAdmin
F:       0.000
G:     668.000
H:    5701.270
I:       0.000
J:       0.000
K:       0.000
L:       0.000
M:       0.000
N:       0.000
O:       0.000
P:       0.000
Q:       0.000
R:       0.000
S:       0.000
U:       0.000
V:       0.000
W:       0.000
X:       0.000
Y:       0.000
Z:       0.000
A:
     0:        0.000        0.000      180.000        4.000        0.000
     5:        5.000        0.000        5.000        0.000        0.000
    10:        1.000        0.000       10.000      600.000       17.000
    15:        1.000      640.000        0.000        0.000        0.000
    20:        0.000
B:
     0:        0.000        0.000        0.000      400.000        0.000
     5:      500.000        0.000      500.000        0.000        0.000
    10:        0.000        0.000     1000.000    60000.000        0.000
    15:        0.000        0.000        0.000        0.000        0.000
    20:        0.000
C:
     0:       20.000       21.000       28.000       21.000      354.000
     5:     5685.180       11.340       18.000      425.460       23.637
    10:       21.000       28.000        6.000        0.000        0.000
    15:        0.000        0.000        0.000        0.000        0.000
    20:        0.000
D:
     0:       53.030       24.340       12.180       14.210       15.280
     5:       34.990       20.890       27.260       23.080       45.100
    10:       42.740       13.310       23.390        7.410       30.330
    15:       21.200        5.380       11.340
E:
     0:       19.000       11.000       26.000       27.000        2.000
     5:        4.000       22.000       24.000       12.000       13.000
    10:        8.000        5.000       17.000       18.000       14.000
    15:       10.000       19.000       11.000        6.000        6.000
    20:        2.000        4.000       22.000       24.000       12.000
    25:       13.000        8.000        5.000       17.000       18.000
    30:       14.000       10.000       19.000       11.000        2.000
    35:        4.000       22.000       24.000       12.000       13.000
    40:        8.000        5.000       17.000       18.000       14.000
    45:       10.000       19.000       11.000        2.000        4.000
    50:       22.000       24.000       12.000       13.000        8.000
    55:        5.000       17.000       18.000       14.000       10.000
    60:       19.000       11.000        6.000        6.000        6.000
    65:        6.000        2.000        4.000       22.000       24.000
    70:       12.000       13.000        8.000        5.000       17.000
    75:       18.000       14.000       10.000       19.000       11.000
    80:        6.000        6.000        6.000        6.000        6.000
    85:        6.000        6.000        6.000        6.000        6.000
    90:        2.000        4.000       22.000       24.000       12.000
    95:       13.000        8.000        5.000       17.000       18.000
   100:       14.000       10.000       19.000       11.000        6.000
   105:        6.000        6.000        6.000        6.000        6.000
   110:        2.000        4.000       22.000       24.000       12.000
   115:       13.000        8.000        5.000       17.000       21.000
   120:       22.000       18.000       14.000       10.000       20.000
   125:       20.000       19.000       11.000        6.000        1.000
   130:        1.000        1.000        1.000        6.000        6.000
   135:        6.000        6.000        6.000        6.000        2.000
   140:        4.000       22.000       24.000       12.000       13.000
   145:        8.000        5.000       17.000       18.000       14.000
   150:       10.000       19.000       11.000        6.000        6.000
   155:        6.000        6.000        1.000        6.000        6.000
   160:        6.000        6.000        6.000        6.000        6.000
   165:        6.000        6.000        6.000        6.000        6.000
   170:        6.000        6.000        6.000        6.000        6.000
   175:        6.000        6.000        6.000        6.000        6.000
   180:        6.000        6.000        6.000        6.000        6.000
   185:        6.000        6.000        6.000        6.000        6.000
   190:        6.000        6.000        6.000        1.000        1.000
   195:        1.000        6.000        6.000        2.000        4.000
   200:       22.000       24.000       12.000       13.000        8.000
   205:        5.000       17.000       18.000       14.000       10.000
   210:       19.000       11.000        6.000        6.000        1.000
   215:        1.000        1.000        1.000        1.000        6.000
   220:        6.000        6.000        6.000        6.000        6.000
   225:        6.000        6.000        2.000        4.000       22.000
   230:       24.000       12.000       13.000        8.000        5.000
   235:       17.000       21.000       22.000       18.000       14.000
   240:       10.000       19.000       11.000        6.000        1.000
   245:        6.000        6.000        6.000        6.000        6.000
   250:        6.000        6.000        6.000        6.000       25.000
   255:       24.000       12.000       13.000        8.000        5.000
   260:       17.000       18.000       14.000       10.000       19.000
   265:       11.000        6.000        6.000        6.000        6.000
   270:        6.000        6.000        6.000        6.000        6.000
   275:        6.000        6.000        6.000        6.000        6.000
   280:        6.000        6.000        6.000        6.000        6.000
   285:        6.000        6.000        6.000        6.000        6.000
   290:        6.000        6.000        6.000        6.000        6.000
   295:        1.000        1.000        1.000        6.000        1.000
   300:        1.000        1.000        1.000        6.000        6.000
   305:        6.000        6.000        6.000        6.000        6.000
   310:        6.000        6.000        6.000        6.000        6.000
   315:        6.000        6.000        6.000        6.000        2.000
   320:        4.000       22.000       24.000       12.000       13.000
   325:        8.000        5.000       17.000       21.000       22.000
   330:       18.000       14.000       10.000       19.000       11.000
   335:        6.000        6.000        6.000        6.000        6.000
   340:        6.000        6.000        2.000        4.000       22.000
   345:       24.000       12.000       13.000        8.000        5.000
   350:       17.000       21.000       22.000       18.000       21.000
   355:       22.000       21.000       22.000       14.000       10.000
   360:       21.000       22.000       19.000       11.000        6.000
   365:        6.000        6.000        6.000        2.000        4.000
   370:       22.000       24.000       12.000       13.000        8.000
   375:        5.000       17.000       18.000       14.000       10.000
   380:       19.000       11.000        6.000        6.000        6.000
   385:        6.000        6.000        6.000        6.000        6.000
   390:        6.000        6.000        6.000        6.000        6.000
   395:        6.000        6.000        6.000        6.000        6.000
   400:        6.000        6.000        6.000        6.000        6.000
   405:        6.000        6.000        6.000        6.000        6.000
   410:        6.000        6.000        6.000        6.000        6.000
   415:        6.000        6.000        6.000       25.000       24.000
   420:       12.000       13.000        8.000        5.000       17.000
   425:       18.000       14.000       10.000       19.000       11.000
   430:        6.000        6.000        6.000        6.000        6.000
   435:        6.000        6.000        6.000        1.000        6.000
   440:        6.000        6.000        6.000        6.000        6.000
   445:        6.000        6.000        6.000        6.000        6.000
   450:        6.000        6.000       25.000       24.000       12.000
   455:       13.000        8.000        5.000       17.000       18.000
   460:       14.000       10.000        6.000        6.000        6.000
   465:       19.000       11.000        6.000        6.000        1.000
   470:        1.000        6.000        6.000        6.000        6.000
   475:        6.000        6.000        6.000        6.000        6.000
   480:        6.000        6.000        6.000        6.000        6.000
   485:        6.000        6.000        6.000        6.000        6.000
   490:        6.000        6.000        6.000        6.000        6.000
   495:        6.000        6.000        6.000        6.000        6.000
   500:        6.000        6.000        6.000        6.000        6.000
   505:        6.000        6.000        6.000        6.000       25.000
   510:       24.000       12.000       13.000        8.000        5.000
   515:       17.000       18.000       14.000       10.000       19.000
   520:       11.000        6.000        6.000        6.000        6.000
   525:        6.000        6.000        6.000        6.000        6.000
   530:        6.000        6.000        6.000        6.000        6.000
   535:        6.000        6.000        6.000        6.000        6.000
   540:        6.000        6.000        6.000        6.000        6.000
   545:        6.000        6.000        6.000        6.000        6.000
   550:        6.000        1.000        1.000        6.000        6.000
   555:        6.000        6.000        6.000        6.000        6.000
   560:        6.000        6.000        6.000        6.000        6.000
   565:        6.000        6.000        6.000        6.000        6.000
   570:        6.000        6.000        6.000        6.000        6.000
   575:        6.000        6.000       25.000       24.000       12.000
   580:       13.000        8.000        5.000       17.000       18.000
   585:       14.000       10.000       19.000       11.000        6.000
   590:        6.000        6.000        6.000        6.000        6.000
   595:        6.000        6.000        6.000        6.000        6.000
   600:        6.000        6.000        6.000        6.000        6.000
   605:        6.000        6.000        6.000        6.000        6.000
   610:        6.000        6.000        6.000        6.000        6.000
   615:        6.000        6.000        6.000        6.000        6.000
   620:       25.000       24.000       12.000       13.000        8.000
   625:        5.000       17.000       18.000       14.000       10.000
   630:        6.000        6.000       19.000       11.000        6.000
   635:        6.000        6.000        6.000        6.000        6.000
   640:        6.000        6.000        6.000        6.000        6.000
   645:        6.000        6.000        6.000        6.000        6.000
   650:        6.000        6.000        2.000        4.000       22.000
   655:       24.000       12.000       13.000        8.000        5.000
   660:       17.000       18.000       14.000       10.000       19.000
   665:       11.000        6.000        6.000
T:
     0:        0.000        0.000        0.000        0.000        8.750
     5:        8.750        8.750        8.760        8.760        8.760
    10:        8.760        8.760        8.760       12.760       13.760
    15:       13.760       18.750       18.760       61.790       62.240
    20:       84.420       84.420       84.420       84.430       84.430
    25:       84.430       84.430       84.430       84.430       88.430
    30:       89.430       89.430       94.420       94.430      100.850
    35:      100.850      100.850      100.860      100.860      100.860
    40:      100.860      100.860      100.860      104.860      105.860
    45:      105.860      110.850      110.860      114.090      114.090
    50:      114.090      114.100      114.100      114.100      114.100
    55:      114.100      114.100      118.100      119.100      119.100
    60:      124.090      124.100      138.440      138.590      186.870
    65:      195.940      206.260      206.260      206.260      206.270
    70:      206.270      206.270      206.270      206.270      206.270
    75:      210.270      211.270      211.270      216.260      216.270
    80:      218.450      237.270      248.510      260.020      260.540
    85:      260.850      436.260      490.240      490.650      501.310
    90:      518.190      518.190      518.190      518.200      518.200
    95:      518.200      518.200      518.200      518.200      522.200
   100:      523.200      523.200      528.190      528.200      532.410
   105:      534.090      556.620      563.880      564.080      564.440
   110:      572.040      572.040      572.040      572.050      572.050
   115:      572.050      572.050      572.050      572.050      574.040
   120:      574.040      576.050      577.050      577.050      578.110
   125:      580.610      582.040      582.050      587.330      603.030
   130:      603.580      604.610      673.440      682.660      682.950
   135:      711.580      720.390      720.490      720.760      726.730
   140:      726.730      726.730      726.740      726.740      726.740
   145:      726.740      726.740      726.740      730.740      731.740
   150:      731.740      736.730      736.740      761.730      772.810
   155:      773.210      773.940      844.170      932.420      932.780
   160:      932.920      933.130      934.270      944.440      945.820
   165:      946.710      948.180      958.620      968.320      969.050
   170:      969.910      970.480      970.760      971.200      971.680
   175:      976.810      980.000      980.530      982.580      982.750
   180:      985.080      987.440      990.070      990.270     1003.550
   185:     1004.090     1008.320     1009.840     1010.700     1011.430
   190:     1023.510     1024.520     1024.810     1033.250     1033.950
   195:     1035.530     1039.930     1083.960     1093.650     1093.650
   200:     1093.650     1093.660     1093.660     1093.660     1093.660
   205:     1093.660     1093.660     1097.660     1098.660     1098.660
   210:     1103.650     1103.660     1114.550     1123.570     1146.940
   215:     1147.030     1148.140     1149.930     1150.050     1166.230
   220:     1166.700     1173.480     1174.200     1175.370     1183.310
   225:     1204.130     1204.280     1230.520     1230.520     1230.520
   230:     1230.530     1230.530     1230.530     1230.530     1230.530
   235:     1230.530     1231.190     1231.190     1234.530     1235.530
   240:     1235.530     1240.520     1240.530     1257.790     1270.930
   245:     1282.230     1516.500     1516.790     1576.030     1614.040
   250:     1614.270     1710.430     1711.170     1712.330     1840.520
   255:     1840.530     1840.530     1840.530     1840.530     1840.530
   260:     1840.530     1844.530     1845.530     1845.530     1850.520
   265:     1850.530     1863.610     1922.700     1922.830     1922.990
   270:     1926.940     1937.830     1949.800     2008.250     2008.330
   275:     2024.820     2025.600     2026.700     2035.530     2039.580
   280:     2055.260     2055.450     2055.800     2056.420     2056.490
   285:     2057.840     2059.330     2059.850     2064.980     2066.020
   290:     2066.710     2069.290     2081.430     2081.640     2093.800
   295:     2105.000     2106.210     2107.640     2112.980     2121.010
   300:     2121.340     2122.110     2131.190     2159.040     2170.100
   305:     2171.490     2181.440     2182.080     2182.540     2182.660
   310:     2183.060     2199.320     2202.490     2203.600     2206.410
   315:     2206.780     2207.080     2221.030     2235.760     2239.290
   320:     2239.290     2239.290     2239.300     2239.300     2239.300
   325:     2239.300     2239.300     2239.300     2241.730     2241.730
   330:     2243.300     2244.300     2244.300     2249.290     2249.300
   335:     2284.400     2284.700     2299.390     2299.590     2300.320
   340:     2323.750     2337.320     2339.370     2339.370     2339.370
   345:     2339.380     2339.380     2339.380     2339.380     2339.380
   350:     2339.380     2341.660     2341.660     2343.380     2343.450
   355:     2343.450     2343.810     2343.810     2344.380     2344.380
   360:     2345.400     2345.400     2349.370     2349.380     2382.120
   365:     2385.920     2406.620     2411.440     2431.760     2431.760
   370:     2431.760     2431.770     2431.770     2431.770     2431.770
   375:     2431.770     2431.770     2435.770     2436.770     2436.770
   380:     2441.760     2441.770     2445.080     2445.260     2459.790
   385:     2564.670     2576.100     2581.110     2581.730     2585.070
   390:     2585.680     2588.410     2592.400     2592.710     2594.660
   395:     2597.510     2599.130     2600.750     2602.640     2611.670
   400:     2612.870     2789.480     2789.880     2790.270     2791.310
   405:     2791.860     2807.340     2848.330     2859.550     2859.620
   410:     2881.080     2933.220     2941.830     2963.750     2989.010
   415:     3018.720     3038.970     3039.040     3041.760     3041.770
   420:     3041.770     3041.770     3041.770     3041.770     3041.770
   425:     3045.770     3046.770     3046.770     3051.760     3051.770
   430:     3065.160     3065.350     3074.360     3114.010     3149.240
   435:     3184.080     3184.310     3195.180     3218.900     3224.420
   440:     3224.520     3225.240     3229.080     3258.460     3263.320
   445:     3450.910     3537.680     3577.120     3588.890     3588.980
   450:     3627.920     3628.540     3651.760     3651.770     3651.770
   455:     3651.770     3651.770     3651.770     3651.770     3655.770
   460:     3656.770     3656.770     3659.180     3660.180     3661.070
   465:     3661.760     3661.770     3664.210     3665.350     3674.800
   470:     3726.920     3772.890     3773.750     3778.610     3778.960
   475:     3780.850     3781.790     3783.500     3814.230     3816.020
   480:     3836.140     3861.470     3873.590     3874.160     3874.680
   485:     3878.120     3878.330     3895.210     3896.000     3898.980
   490:     3917.000     3922.490     3949.430     3958.060     3975.840
   495:     3981.230     4011.110     4011.470     4025.400     4049.190
   500:     4075.000     4075.140     4075.850     4084.860     4085.260
   505:     4085.880     4088.130     4090.230     4115.270     4261.760
   510:     4261.770     4261.770     4261.770     4261.770     4261.770
   515:     4261.770     4265.770     4266.770     4266.770     4271.760
   520:     4271.770     4292.100     4292.150     4312.270     4322.300
   525:     4324.200     4326.200     4326.270     4326.370     4327.280
   530:     4330.150     4344.290     4459.500     4461.120     4478.770
   535:     4479.100     4480.100     4480.920     4481.090     4482.090
   540:     4489.400     4501.530     4519.000     4539.540     4539.660
   545:     4563.430     4563.630     4577.260     4614.750     4616.000
   550:     4616.220     4625.000     4625.760     4635.530     4636.840
   555:     4638.150     4639.170     4656.270     4674.310     4674.790
   560:     4705.490     4712.280     4723.170     4731.440     4731.510
   565:     4731.720     4732.160     4739.380     4759.150     4770.670
   570:     4771.170     4777.010     4777.150     4777.430     4791.410
   575:     4791.460     4848.590     4871.760     4871.770     4871.770
   580:     4871.770     4871.770     4871.770     4871.770     4875.770
   585:     4876.770     4876.770     4881.760     4881.770     4892.970
   590:     4893.410     4894.240     4898.580     4914.870     4915.280
   595:     4919.620     4945.220     4945.410     4954.560     4954.780
   600:     4991.950     5010.030     5036.050     5088.050     5162.550
   605:     5192.410     5221.590     5221.860     5234.570     5253.570
   610:     5253.690     5278.110     5278.150     5329.800     5367.120
   615:     5401.680     5416.940     5435.690     5438.210     5466.910
   620:     5481.760     5481.770     5481.770     5481.770     5481.770
   625:     5481.770     5481.770     5485.770     5486.770     5486.770
   630:     5487.150     5487.360     5491.760     5491.770     5493.750
   635:     5493.930     5506.140     5506.390     5533.260     5569.520
   640:     5569.670     5569.940     5570.650     5571.940     5572.060
   645:     5580.170     5602.250     5651.510     5651.940     5654.540
   650:     5680.860     5681.390     5685.170     5685.170     5685.170
   655:     5685.180     5685.180     5685.180     5685.180     5685.180
   660:     5685.180     5689.180     5690.180     5690.180     5695.170
   665:     5695.180     5696.520     5696.730
