File: C:\MED-PC\Data\2025-03-07_10h27m_Subject 81.txt


Start Date: 03/07/25
End Date: 03/07/25
Subject: 81
Experiment: OralFentSA
Group: One
Box: 9
Start Time: 10:27:13
End Time: 13:27:25
MSN: 20241014_Golden_Liq_SelfAdmin
F:       0.000
G:     368.000
H:   10800.000
I:       0.000
J:       0.000
K:       0.000
L:       0.000
M:       0.000
N:       0.000
O:       0.000
P:       0.000
Q:       0.000
R:       0.000
S:       0.000
U:       0.000
V:       0.000
W:       0.000
X:       0.000
Y:       0.000
Z:       0.000
A:
     0:        0.000        0.000      180.000        4.000        0.000
     5:        5.000        0.000        5.000        0.000        0.000
    10:        1.000        0.000       10.000     3000.000       20.000
    15:        5.000      640.000        0.000        0.000        0.000
    20:        0.000
B:
     0:        0.000        0.000        0.000      400.000        0.000
     5:      500.000        0.000      500.000        0.000        0.000
    10:        0.000        0.000     1000.000   300000.000        0.000
    15:        0.000        0.000        0.000        0.000        0.000
    20:        0.000
C:
     0:       14.000       15.000       14.000       30.000      122.000
     5:    10634.080       31.000        7.000      184.880       26.411
    10:       30.000       14.000        6.000        0.000        0.000
    15:        0.000        0.000        0.000        0.000        0.000
    20:        0.000
D:
     0:       39.880       56.250        6.920       17.800       30.440
     5:        2.590       31.000
E:
     0:       19.000       11.000       26.000       27.000        6.000
     5:        6.000        6.000        6.000        6.000        6.000
    10:        6.000        6.000        6.000        6.000        6.000
    15:        6.000        6.000        6.000        6.000        6.000
    20:        6.000        6.000        1.000        1.000        1.000
    25:        1.000        1.000        1.000        1.000        1.000
    30:        1.000        1.000        1.000        1.000        6.000
    35:        6.000        6.000        6.000        6.000        1.000
    40:       25.000       24.000       12.000       13.000        8.000
    45:        5.000       17.000       18.000       14.000       10.000
    50:       19.000       11.000        6.000        6.000        6.000
    55:        6.000        6.000        6.000        6.000        6.000
    60:        6.000        6.000        6.000        6.000        6.000
    65:        6.000        6.000        6.000        6.000        6.000
    70:        6.000        6.000        6.000        6.000        6.000
    75:        6.000        6.000        6.000        6.000        6.000
    80:        6.000        6.000        6.000        6.000        6.000
    85:        6.000       25.000       24.000       12.000       13.000
    90:        8.000        5.000       17.000       18.000       14.000
    95:       10.000       19.000       11.000        6.000        6.000
   100:        6.000        6.000        6.000        6.000        6.000
   105:        6.000        6.000        6.000        6.000        1.000
   110:        6.000        6.000        6.000        6.000        6.000
   115:        6.000        6.000        6.000        6.000        6.000
   120:        6.000        6.000        6.000        6.000        6.000
   125:        6.000        6.000        6.000        6.000        6.000
   130:        6.000        6.000        6.000        2.000        4.000
   135:       22.000       24.000       12.000       13.000        8.000
   140:        5.000       17.000       21.000       22.000       21.000
   145:       22.000       18.000       14.000       10.000       19.000
   150:       11.000        2.000        4.000       22.000       24.000
   155:       12.000       13.000        8.000        5.000       17.000
   160:       21.000       22.000       21.000       22.000       18.000
   165:       14.000       10.000        6.000       19.000       11.000
   170:        2.000        4.000       22.000       24.000       12.000
   175:       13.000        8.000        5.000       17.000       21.000
   180:       22.000       21.000       22.000       18.000       14.000
   185:       10.000       19.000       11.000        2.000        4.000
   190:       22.000       24.000       12.000       13.000        8.000
   195:        5.000       17.000       21.000       22.000       21.000
   200:       22.000       18.000       14.000       10.000       19.000
   205:       11.000        2.000        4.000       22.000       24.000
   210:       12.000       13.000        8.000        5.000       17.000
   215:       21.000       22.000       18.000       14.000       10.000
   220:       19.000       11.000        2.000        4.000       22.000
   225:       24.000       12.000       13.000        8.000        5.000
   230:       17.000       21.000       22.000       21.000       22.000
   235:       18.000       14.000       10.000       19.000       11.000
   240:        6.000        2.000        4.000       22.000       24.000
   245:       12.000       13.000        8.000        5.000       17.000
   250:       21.000       22.000       21.000       22.000       18.000
   255:       14.000       10.000       19.000       11.000        2.000
   260:        4.000       22.000       24.000       12.000       13.000
   265:        8.000        5.000       17.000       21.000       22.000
   270:       21.000       22.000       21.000       22.000       21.000
   275:       22.000       21.000       22.000       21.000       22.000
   280:       21.000       22.000       21.000       22.000       21.000
   285:       22.000       18.000       14.000       10.000       19.000
   290:       11.000        6.000        6.000        6.000        6.000
   295:        6.000        6.000        6.000        6.000        6.000
   300:        6.000        6.000       30.000       24.000       12.000
   305:       13.000        8.000        5.000       17.000       18.000
   310:       14.000       10.000       19.000       11.000       30.000
   315:       24.000       12.000       13.000        8.000        5.000
   320:       17.000       18.000       14.000       10.000       19.000
   325:       11.000       30.000       24.000       12.000       13.000
   330:        8.000        5.000       17.000        6.000       18.000
   335:       14.000       10.000       19.000       11.000        6.000
   340:        6.000        6.000        6.000        6.000        6.000
   345:        6.000        6.000        6.000        6.000        6.000
   350:        6.000        6.000        6.000        6.000       25.000
   355:       24.000       12.000       13.000        8.000        5.000
   360:       17.000       18.000       14.000       10.000       19.000
   365:       11.000        6.000        6.000      100.000
T:
     0:        0.000        0.000        0.000        0.000      364.700
     5:      379.670      441.420      619.170      708.230      712.580
    10:      737.140      763.320      763.830     1118.470     1119.230
    15:     1124.640     1194.300     1401.550     1593.290     1939.210
    20:     1939.300     1943.910     1949.620     1955.250     1958.160
    25:     1962.920     1969.020     1981.210     2009.310     2011.710
    30:     2013.320     2020.240     2022.120     2043.300     2466.180
    35:     2473.340     2760.400     2761.300     2761.570     2821.000
    40:     2999.990     3000.000     3000.000     3000.000     3000.000
    45:     3000.000     3000.000     3004.000     3005.000     3005.000
    50:     3009.990     3010.000     3039.880     3318.780     3350.220
    55:     3350.480     3366.770     3374.230     3376.150     3377.430
    60:     3378.350     3378.410     3378.530     3378.940     3379.160
    65:     3379.780     3379.900     3380.010     3380.470     3381.010
    70:     3553.310     3911.560     3911.700     4443.740     4621.680
    75:     4822.470     5271.130     5645.000     5816.270     5821.550
    80:     5824.360     5825.550     5825.790     5828.220     5835.540
    85:     5844.690     6009.990     6010.000     6010.000     6010.000
    90:     6010.000     6010.000     6010.000     6014.000     6015.000
    95:     6015.000     6019.990     6020.000     6066.250     6069.980
   100:     6076.070     6076.670     6088.530     6088.630     6089.200
   105:     6093.050     6183.880     6208.240     6210.140     6229.440
   110:     6545.460     6555.590     6571.960     6572.160     6575.430
   115:     6577.340     6579.430     6602.660     6606.810     6607.650
   120:     6611.290     6663.720     6665.670     6666.610     6666.910
   125:     6751.980     7248.130     7254.620     7261.790     7264.280
   130:     7267.530     7317.060     7460.860     7494.550     7494.550
   135:     7494.550     7494.560     7494.560     7494.560     7494.560
   140:     7494.560     7494.560     7495.020     7495.020     7495.420
   145:     7495.420     7498.560     7499.560     7499.560     7504.550
   150:     7504.560     7508.850     7508.850     7508.850     7508.860
   155:     7508.860     7508.860     7508.860     7508.860     7508.860
   160:     7509.410     7509.410     7510.020     7510.020     7512.860
   165:     7513.860     7513.860     7515.780     7518.850     7518.860
   170:     7525.910     7525.910     7525.910     7525.920     7525.920
   175:     7525.920     7525.920     7525.920     7525.920     7526.380
   180:     7526.380     7526.790     7526.790     7529.920     7530.920
   185:     7530.920     7535.910     7535.920     7549.160     7549.160
   190:     7549.160     7549.170     7549.170     7549.170     7549.170
   195:     7549.170     7549.170     7549.600     7549.600     7550.060
   200:     7550.060     7553.170     7554.170     7554.170     7559.160
   205:     7559.170     7567.210     7567.210     7567.210     7567.220
   210:     7567.220     7567.220     7567.220     7567.220     7567.220
   215:     7568.320     7568.320     7571.220     7572.220     7572.220
   220:     7577.210     7577.220     7586.210     7586.210     7586.210
   225:     7586.220     7586.220     7586.220     7586.220     7586.220
   230:     7586.220     7586.620     7586.620     7586.990     7586.990
   235:     7590.220     7591.220     7591.220     7596.210     7596.220
   240:     7604.020     7611.340     7611.340     7611.340     7611.350
   245:     7611.350     7611.350     7611.350     7611.350     7611.350
   250:     7612.090     7612.090     7612.440     7612.440     7615.350
   255:     7616.350     7616.350     7621.340     7621.350     7624.070
   260:     7624.070     7624.070     7624.080     7624.080     7624.080
   265:     7624.080     7624.080     7624.080     7624.340     7624.340
   270:     7624.600     7624.600     7624.860     7624.860     7625.180
   275:     7625.180     7625.460     7625.460     7625.720     7625.720
   280:     7625.970     7625.970     7626.190     7626.190     7626.420
   285:     7626.420     7628.080     7629.080     7629.080     7634.070
   290:     7634.080     7654.520     7679.670     7742.240     7798.040
   295:     7804.980     7898.960     7946.560     7995.300     8042.990
   300:     8231.260     8326.700     8451.730     8451.730     8451.730
   305:     8451.730     8451.730     8451.730     8451.730     8455.730
   310:     8456.730     8456.730     8461.720     8461.730     8496.360
   315:     8496.360     8496.360     8496.360     8496.360     8496.360
   320:     8496.360     8500.360     8501.360     8501.360     8506.350
   325:     8506.360     8512.990     8512.990     8512.990     8512.990
   330:     8512.990     8512.990     8512.990     8515.580     8516.990
   335:     8517.990     8517.990     8522.980     8522.990     8539.150
   340:     8682.870     8995.770     9008.840     9173.250     9173.500
   345:     9174.130     9292.530     9414.230     9498.450     9526.780
   350:    10130.530    10180.980    10198.770    10223.010    10634.070
   355:    10634.080    10634.080    10634.080    10634.080    10634.080
   360:    10634.080    10638.080    10639.080    10639.080    10644.070
   365:    10644.080    10665.080    10732.420    10800.000
