File: C:\MED-PC\Data\2025-03-05_13h26m_Subject 88.txt


Start Date: 03/05/25
End Date: 03/05/25
Subject: 88
Experiment: OralFentSA
Group: One
Box: 4
Start Time: 13:26:02
End Time: 16:26:21
MSN: 20241014_Golden_Liq_SelfAdmin
F:       0.000
G:     397.000
H:   10800.000
I:       0.000
J:       0.000
K:       0.000
L:       0.000
M:       0.000
N:       0.000
O:       0.000
P:       0.000
Q:       0.000
R:       0.000
S:       0.000
U:       0.000
V:       0.000
W:       0.000
X:       0.000
Y:       0.000
Z:       0.000
A:
     0:        0.000        0.000      180.000        4.000        0.000
     5:        5.000        0.000        5.000        0.000        0.000
    10:        1.000        0.000       10.000     1800.000       19.000
    15:        3.000      640.000        0.000        0.000        0.000
    20:        0.000
B:
     0:        0.000        0.000        0.000      400.000        0.000
     5:      500.000        0.000      500.000        0.000        0.000
    10:        0.000        0.000     1000.000   180000.000        0.000
    15:        0.000        0.000        0.000        0.000        0.000
    20:        0.000
C:
     0:       17.000       18.000        4.000        3.000      179.000
     5:    10472.950       55.130       11.000      190.560       17.324
    10:        3.000        4.000       16.000        0.000        0.000
    15:        0.000        0.000        0.000        0.000        0.000
    20:        0.000
D:
     0:       63.410        7.610       25.450        1.860        4.320
     5:        8.550        0.380       18.750        2.530        2.570
    10:       55.130
E:
     0:       19.000       11.000       26.000       27.000        6.000
     5:        6.000        6.000        6.000        6.000        6.000
    10:        6.000        6.000        6.000        6.000        6.000
    15:        6.000        6.000        6.000        6.000        6.000
    20:        6.000        6.000        6.000        6.000        6.000
    25:        6.000        6.000        6.000        6.000        6.000
    30:        6.000        6.000        6.000        6.000        6.000
    35:        6.000        6.000        6.000        6.000        6.000
    40:        6.000        6.000        6.000        6.000        6.000
    45:        6.000        6.000        6.000        6.000        6.000
    50:        6.000        6.000        6.000        6.000        6.000
    55:        6.000        6.000        6.000        6.000        6.000
    60:        6.000        6.000        6.000        6.000        6.000
    65:        6.000        6.000        6.000        6.000       25.000
    70:       24.000       12.000       13.000        8.000        5.000
    75:       17.000       18.000       14.000       10.000       19.000
    80:       11.000        6.000        6.000        6.000        6.000
    85:        6.000        6.000        6.000        6.000        6.000
    90:        6.000        6.000        6.000        6.000        6.000
    95:        6.000        6.000        6.000        6.000        6.000
   100:        6.000        6.000        6.000        6.000        6.000
   105:        6.000        6.000        6.000        6.000        6.000
   110:        6.000        6.000        6.000        6.000        6.000
   115:        6.000        6.000        6.000        6.000        6.000
   120:        6.000        6.000       25.000       24.000       12.000
   125:       13.000        8.000        5.000       17.000       18.000
   130:       14.000       10.000        6.000       19.000       11.000
   135:        6.000        6.000        6.000        6.000        6.000
   140:        6.000        6.000        6.000        6.000        6.000
   145:        6.000        6.000        6.000        6.000        6.000
   150:        6.000        6.000        6.000        6.000        6.000
   155:        6.000        6.000        6.000       25.000       24.000
   160:       12.000       13.000        8.000        5.000       17.000
   165:       18.000       14.000       10.000       19.000       11.000
   170:        6.000        6.000        6.000        6.000        6.000
   175:        6.000        6.000        6.000        6.000        6.000
   180:        6.000        6.000        6.000        6.000        6.000
   185:        6.000        6.000        6.000        6.000        6.000
   190:        6.000        6.000       30.000       24.000       12.000
   195:       13.000        8.000        5.000       17.000        6.000
   200:       18.000       14.000       10.000       19.000       11.000
   205:       30.000       24.000       12.000       13.000        8.000
   210:        5.000       17.000       18.000        6.000       14.000
   215:       10.000       19.000       11.000        1.000        1.000
   220:        1.000        1.000        2.000        4.000       22.000
   225:       24.000       12.000       13.000        8.000        5.000
   230:       17.000       21.000       22.000       21.000       22.000
   235:       18.000       14.000       10.000       19.000       11.000
   240:       30.000       24.000       12.000       13.000        8.000
   245:        5.000       17.000       18.000       14.000       10.000
   250:        6.000        6.000       19.000       11.000        6.000
   255:        6.000        6.000        6.000        6.000        6.000
   260:       30.000       24.000       12.000       13.000        8.000
   265:        5.000       17.000        6.000        6.000        6.000
   270:       18.000       14.000       10.000       19.000       11.000
   275:       30.000       24.000       12.000       13.000        8.000
   280:        5.000       17.000       18.000       14.000       10.000
   285:       19.000       11.000        6.000       30.000       24.000
   290:       12.000       13.000        8.000        5.000       17.000
   295:       18.000       14.000       10.000       19.000       11.000
   300:       30.000       24.000       12.000       13.000        8.000
   305:        5.000       17.000        6.000       18.000       14.000
   310:       10.000       19.000       11.000       30.000       24.000
   315:       12.000       13.000        8.000        5.000       17.000
   320:        6.000       18.000       14.000       10.000       19.000
   325:       11.000       30.000       24.000       12.000       13.000
   330:        8.000        5.000       17.000       18.000       14.000
   335:       10.000       19.000       11.000       30.000       24.000
   340:       12.000       13.000        8.000        5.000       17.000
   345:       18.000       14.000       10.000       19.000       11.000
   350:       30.000       24.000       12.000       13.000        8.000
   355:        5.000       17.000       18.000       14.000       10.000
   360:       19.000       11.000       25.000       24.000       12.000
   365:       13.000        8.000        5.000       17.000       18.000
   370:       14.000       10.000       19.000       11.000        6.000
   375:        6.000        6.000        6.000        6.000        6.000
   380:        6.000        6.000        6.000        6.000        6.000
   385:       25.000       24.000       12.000       13.000        8.000
   390:        5.000       17.000       18.000       14.000       10.000
   395:       19.000       11.000      100.000
T:
     0:        0.000        0.000        0.000        0.000       39.790
     5:       67.090       67.790       67.870       68.100       68.150
    10:       68.550       68.700       69.180      200.310      202.570
    15:      254.540      254.740      255.940      333.000      334.030
    20:      334.550      334.600      339.790      340.300      341.060
    25:      341.120      341.730      369.070      370.660      371.500
    30:      371.590      372.070      372.260      570.160      570.860
    35:      591.860      743.380      744.910      757.250      843.370
    40:      843.730      844.390      845.650      845.890      847.210
    45:      848.270      849.200      849.660      849.720      850.880
    50:      851.560      852.810     1041.580     1134.690     1134.800
    55:     1562.080     1562.170     1562.620     1563.310     1583.270
    60:     1584.060     1606.670     1633.520     1633.820     1635.670
    65:     1635.860     1778.280     1778.330     1778.730     1799.990
    70:     1800.000     1800.000     1800.000     1800.000     1800.000
    75:     1800.000     1804.000     1805.000     1805.000     1809.990
    80:     1810.000     1863.410     1866.690     1866.800     1867.250
    85:     1867.320     1872.910     1924.000     1924.390     1924.480
    90:     1924.590     1924.680     1925.040     1925.590     1958.280
    95:     1959.690     2125.790     2128.770     2128.840     2130.300
   100:     2142.160     2143.060     2143.330     2741.580     2742.070
   105:     2743.600     2744.110     2744.210     3184.260     3212.390
   110:     3213.230     3215.620     3215.680     3229.740     3230.070
   115:     3304.760     3305.110     3305.620     3456.420     3457.290
   120:     3486.580     3487.040     3609.990     3610.000     3610.000
   125:     3610.000     3610.000     3610.000     3610.000     3614.000
   130:     3615.000     3615.000     3617.610     3619.990     3620.000
   135:     3631.430     3633.500     3639.580     3639.840     3713.830
   140:     3728.620     3779.040     3780.600     3872.960     3874.470
   145:     3882.370     4844.080     4844.910     4901.260     5019.490
   150:     5031.010     5031.560     5086.730     5178.760     5179.820
   155:     5207.390     5351.190     5390.830     5419.990     5420.000
   160:     5420.000     5420.000     5420.000     5420.000     5420.000
   165:     5424.000     5425.000     5425.000     5429.990     5430.000
   170:     5445.450     5465.140     5469.520     5469.580     5470.730
   175:     5471.120     5575.220     5591.790     5595.790     5597.980
   180:     5598.900     5599.200     5602.560     5602.610     5602.750
   185:     5763.710     5763.960     5792.320     5794.660     6676.320
   190:     6676.550     6677.810     6768.510     6768.510     6768.510
   195:     6768.510     6768.510     6768.510     6768.510     6770.370
   200:     6772.510     6773.510     6773.510     6778.500     6778.510
   205:     6784.620     6784.620     6784.620     6784.620     6784.620
   210:     6784.620     6784.620     6788.620     6788.940     6789.620
   215:     6789.620     6794.610     6794.620     6842.640     6843.170
   220:     6843.700     6844.200     6852.940     6852.940     6852.940
   225:     6852.950     6852.950     6852.950     6852.950     6852.950
   230:     6852.950     6853.460     6853.460     6853.990     6853.990
   235:     6856.950     6857.950     6857.950     6862.940     6862.950
   240:     6905.390     6905.390     6905.390     6905.390     6905.390
   245:     6905.390     6905.390     6909.390     6910.390     6910.390
   250:     6913.940     6914.790     6915.380     6915.390     6915.680
   255:     6917.200     6917.390     6918.040     6924.590     6925.270
   260:     6925.540     6925.540     6925.540     6925.540     6925.540
   265:     6925.540     6925.540     6925.920     6926.000     6926.100
   270:     6929.540     6930.540     6930.540     6935.530     6935.540
   275:     6936.950     6936.950     6936.950     6936.950     6936.950
   280:     6936.950     6936.950     6940.950     6941.950     6941.950
   285:     6946.940     6946.950     6955.700     6967.020     6967.020
   290:     6967.020     6967.020     6967.020     6967.020     6967.020
   295:     6971.020     6972.020     6972.020     6977.010     6977.020
   300:     7006.930     7006.930     7006.930     7006.930     7006.930
   305:     7006.930     7006.930     7009.460     7010.930     7011.930
   310:     7011.930     7016.920     7016.930     7037.690     7037.690
   315:     7037.690     7037.690     7037.690     7037.690     7037.690
   320:     7040.260     7041.690     7042.690     7042.690     7047.680
   325:     7047.690     7075.140     7075.140     7075.140     7075.140
   330:     7075.140     7075.140     7075.140     7079.140     7080.140
   335:     7080.140     7085.130     7085.140     7137.890     7137.890
   340:     7137.890     7137.890     7137.890     7137.890     7137.890
   345:     7141.890     7142.890     7142.890     7147.880     7147.890
   350:     7248.520     7248.520     7248.520     7248.520     7248.520
   355:     7248.520     7248.520     7252.520     7253.520     7253.520
   360:     7258.510     7258.520     8662.940     8662.950     8662.950
   365:     8662.950     8662.950     8662.950     8662.950     8666.950
   370:     8667.950     8667.950     8672.940     8672.950     8718.080
   375:     8719.440     8720.040     8856.690     8858.130    10202.160
   380:    10202.840    10320.860    10338.310    10338.960    10339.790
   385:    10472.940    10472.950    10472.950    10472.950    10472.950
   390:    10472.950    10472.950    10476.950    10477.950    10477.950
   395:    10482.940    10482.950    10800.000
