File: C:\MED-PC\Data\2025-03-05_10h02m_Subject 79.txt


Start Date: 03/05/25
End Date: 03/05/25
Subject: 79
Experiment: OralFentSA
Group: One
Box: 7
Start Time: 10:02:38
End Time: 13:02:53
MSN: 20241014_Golden_Liq_SelfAdmin
F:       0.000
G:    1678.000
H:   10800.000
I:       0.000
J:       0.000
K:       0.000
L:       0.000
M:       0.000
N:       0.000
O:       0.000
P:       0.000
Q:       0.000
R:       0.000
S:       0.000
U:       0.000
V:       0.000
W:       0.000
X:       0.000
Y:       0.000
Z:       0.000
A:
     0:        0.000        0.000      180.000        4.000        0.000
     5:        5.000        0.000        5.000        0.000        0.000
    10:        1.000        0.000       10.000     1800.000       20.000
    15:        3.000      640.000        0.000        0.000        0.000
    20:        0.000
B:
     0:        0.000        0.000        0.000      400.000        0.000
     5:      500.000        0.000      500.000        0.000        0.000
    10:        0.000        0.000     1000.000   180000.000        0.000
    15:        0.000        0.000        0.000        0.000        0.000
    20:        0.000
C:
     0:       16.000       17.000       11.000       33.000     1405.000
     5:    10352.590      119.020       13.000      320.270       24.636
    10:       33.000       11.000        3.000        0.000        0.000
    15:        0.000        0.000        0.000        0.000        0.000
    20:        0.000
D:
     0:       16.330        5.570       10.160       16.810        1.270
     5:       55.460       38.730        4.040       10.150       18.090
    10:       12.170       12.470      119.020
E:
     0:       19.000       11.000       26.000       27.000        6.000
     5:        6.000        6.000        6.000        6.000        6.000
    10:        6.000        6.000        6.000        6.000        6.000
    15:        6.000        6.000        6.000        6.000        6.000
    20:        6.000        6.000        6.000        6.000        6.000
    25:        1.000        6.000        6.000        6.000        6.000
    30:        6.000        6.000        6.000        6.000        6.000
    35:        6.000        6.000        6.000        6.000        6.000
    40:        6.000        6.000        6.000        6.000        6.000
    45:        6.000        6.000        6.000        6.000        2.000
    50:        4.000       22.000       24.000       12.000       13.000
    55:        8.000        5.000       17.000       21.000       22.000
    60:       18.000       14.000       10.000       19.000       11.000
    65:        6.000        6.000        6.000        6.000        6.000
    70:        6.000        6.000        6.000        6.000        6.000
    75:        6.000        6.000        6.000        6.000        6.000
    80:        6.000        6.000        6.000        6.000        6.000
    85:        6.000        6.000        6.000        6.000        6.000
    90:        6.000        6.000        6.000        6.000        6.000
    95:        6.000        6.000        6.000        6.000        6.000
   100:        6.000        6.000        6.000        6.000        6.000
   105:        6.000        6.000        6.000        6.000        6.000
   110:        6.000        6.000        6.000        6.000        6.000
   115:        6.000        6.000        6.000        6.000        6.000
   120:        6.000        6.000        6.000        6.000        6.000
   125:        6.000        6.000        6.000        2.000        4.000
   130:       22.000       24.000       12.000       13.000        8.000
   135:        5.000       17.000       18.000       14.000       10.000
   140:        6.000       19.000       11.000        6.000        6.000
   145:        6.000        6.000        6.000        6.000        6.000
   150:        6.000        6.000        6.000        6.000        6.000
   155:        6.000        6.000        6.000        6.000        6.000
   160:        6.000        6.000        6.000        6.000        6.000
   165:        6.000        6.000        6.000        6.000        6.000
   170:        6.000        6.000        6.000        6.000        6.000
   175:        6.000        6.000        6.000        6.000        6.000
   180:        6.000        6.000        6.000        6.000        6.000
   185:        6.000        6.000        6.000        6.000        6.000
   190:        6.000        6.000        6.000        6.000        6.000
   195:        6.000        6.000        6.000        6.000        6.000
   200:        6.000        6.000        6.000        6.000        6.000
   205:        6.000        6.000        6.000        6.000        6.000
   210:        6.000        6.000        6.000        6.000        6.000
   215:        6.000        6.000        6.000        6.000        6.000
   220:        6.000        6.000        6.000        6.000        6.000
   225:        6.000        6.000        6.000        6.000        6.000
   230:        6.000        6.000        6.000        6.000        6.000
   235:        6.000        6.000        6.000        6.000        6.000
   240:        6.000        6.000        6.000        6.000        6.000
   245:        6.000        6.000        6.000        6.000        6.000
   250:        6.000        6.000        6.000        6.000        6.000
   255:        6.000        6.000        6.000        6.000        6.000
   260:        6.000        6.000        6.000        6.000        6.000
   265:        6.000        6.000        6.000        6.000        6.000
   270:        6.000        6.000        6.000        6.000        6.000
   275:        6.000        6.000        6.000        6.000        6.000
   280:        6.000        6.000        6.000        6.000        6.000
   285:        6.000        6.000        6.000        6.000        6.000
   290:        6.000        6.000        2.000        4.000       22.000
   295:       24.000       12.000       13.000        8.000        5.000
   300:       17.000       21.000       22.000       21.000       22.000
   305:       21.000       22.000       18.000       14.000       10.000
   310:       19.000       11.000        6.000        6.000        6.000
   315:        6.000        6.000        6.000        6.000        6.000
   320:        6.000        6.000        6.000        6.000        6.000
   325:        6.000        6.000        6.000        6.000        6.000
   330:        6.000        6.000        6.000        6.000        6.000
   335:        6.000        6.000        6.000        6.000        6.000
   340:        6.000        6.000        6.000        6.000        6.000
   345:        6.000        6.000        2.000        4.000       22.000
   350:       24.000       12.000       13.000        8.000        5.000
   355:       17.000       21.000       22.000       18.000       14.000
   360:       10.000       19.000       11.000        6.000        6.000
   365:        6.000        6.000        6.000        6.000        6.000
   370:        6.000        6.000        6.000        6.000        6.000
   375:        6.000        6.000        6.000        6.000        6.000
   380:        6.000        6.000        6.000        6.000        6.000
   385:        6.000        6.000        6.000        6.000        6.000
   390:        6.000        6.000        6.000        6.000        6.000
   395:        6.000        6.000        6.000        6.000        6.000
   400:        6.000        6.000        6.000        6.000        6.000
   405:        6.000        6.000        6.000        6.000        6.000
   410:        6.000        6.000        6.000        6.000        6.000
   415:        6.000        6.000        6.000        6.000        6.000
   420:        6.000        6.000        6.000        6.000        6.000
   425:        6.000        6.000        6.000        6.000        6.000
   430:        6.000        6.000        6.000        6.000        6.000
   435:        6.000        6.000        6.000        6.000        6.000
   440:        6.000        6.000        6.000        6.000        6.000
   445:        6.000        6.000        6.000        6.000        6.000
   450:        6.000        6.000        6.000        6.000        6.000
   455:        6.000        6.000        6.000        6.000        6.000
   460:        6.000        6.000        6.000        6.000        6.000
   465:        6.000        6.000        6.000        6.000        6.000
   470:        6.000        6.000        6.000        6.000        6.000
   475:        6.000        6.000        6.000        6.000        6.000
   480:        6.000        6.000        6.000        6.000        6.000
   485:        6.000        6.000        6.000        6.000        6.000
   490:        6.000        6.000        6.000        6.000        6.000
   495:        6.000        6.000        6.000        6.000        6.000
   500:        6.000        6.000        6.000        6.000        6.000
   505:        6.000        6.000        6.000        6.000        6.000
   510:        6.000        6.000        6.000        6.000        6.000
   515:        6.000        6.000        6.000        6.000        6.000
   520:        6.000        6.000        6.000        6.000        6.000
   525:        6.000        6.000        6.000        6.000        6.000
   530:        6.000        6.000        6.000        6.000        6.000
   535:        6.000        6.000        6.000        6.000        6.000
   540:        6.000        6.000        6.000        6.000        6.000
   545:        6.000        6.000        6.000        6.000        6.000
   550:        6.000        6.000        6.000        6.000        6.000
   555:        6.000        6.000        6.000        6.000        6.000
   560:        6.000        6.000        6.000        6.000        6.000
   565:        6.000        6.000        6.000        6.000        6.000
   570:        6.000        6.000        6.000        6.000        6.000
   575:        6.000        6.000        6.000        6.000        6.000
   580:        6.000        6.000        6.000        6.000        6.000
   585:        6.000        6.000        6.000        6.000        6.000
   590:        6.000        6.000        6.000        6.000        6.000
   595:        6.000        6.000        6.000        6.000        6.000
   600:        6.000        6.000        6.000        6.000        6.000
   605:        6.000       25.000       24.000       12.000       13.000
   610:        8.000        5.000       17.000        6.000        6.000
   615:       18.000       14.000       10.000        6.000        6.000
   620:        6.000       19.000       11.000        6.000        6.000
   625:        6.000        6.000        6.000        6.000        6.000
   630:        6.000        6.000        6.000        6.000        6.000
   635:        6.000        6.000        6.000        6.000        6.000
   640:        6.000        6.000        6.000        6.000        6.000
   645:        6.000        6.000        6.000        6.000        6.000
   650:        6.000        6.000        6.000        6.000        6.000
   655:        6.000        6.000        6.000        6.000        6.000
   660:        6.000        6.000        6.000        6.000        6.000
   665:        6.000        6.000        6.000        6.000        6.000
   670:        6.000        6.000        6.000        6.000        6.000
   675:        6.000        6.000        6.000        6.000        6.000
   680:        6.000        6.000        6.000        6.000        6.000
   685:        6.000        6.000        6.000        6.000        6.000
   690:        6.000        6.000        6.000        6.000        6.000
   695:        6.000        6.000        6.000        6.000        6.000
   700:        6.000        6.000        6.000        6.000        6.000
   705:        6.000        6.000        6.000        6.000        6.000
   710:        6.000        6.000        6.000        6.000        6.000
   715:        6.000        6.000        6.000        6.000        6.000
   720:        6.000        6.000        6.000        6.000        6.000
   725:        6.000        6.000        6.000        6.000        6.000
   730:        6.000        6.000        6.000        6.000        6.000
   735:        6.000        6.000        6.000        6.000        6.000
   740:        6.000        6.000        6.000        6.000        6.000
   745:        6.000        6.000        6.000        6.000        6.000
   750:        6.000        6.000        6.000        6.000        6.000
   755:        6.000        6.000        6.000        6.000        2.000
   760:        4.000       22.000       24.000       12.000       13.000
   765:        8.000        5.000       17.000       21.000       22.000
   770:       18.000       14.000       10.000       19.000       11.000
   775:        6.000        6.000        6.000        6.000        6.000
   780:        6.000        6.000        6.000        6.000        6.000
   785:        6.000        6.000        6.000        6.000        6.000
   790:        6.000        6.000        6.000        6.000        6.000
   795:        6.000        6.000        6.000        6.000        6.000
   800:        6.000        6.000        6.000        6.000        6.000
   805:        6.000        6.000        6.000        6.000        6.000
   810:        6.000        6.000        6.000        6.000        6.000
   815:        6.000        6.000        6.000        6.000        6.000
   820:        6.000        6.000        6.000        6.000        6.000
   825:        6.000        6.000        6.000        6.000        6.000
   830:        6.000        6.000        6.000        6.000        6.000
   835:        6.000        6.000        6.000        6.000        6.000
   840:        6.000        6.000        6.000        6.000        6.000
   845:        6.000        6.000        6.000        6.000        6.000
   850:        6.000        6.000        6.000        6.000        6.000
   855:        6.000        6.000        6.000        6.000        6.000
   860:        6.000        6.000        6.000        6.000        6.000
   865:        6.000        6.000        6.000        6.000        6.000
   870:        6.000        6.000        6.000        6.000        6.000
   875:        6.000        6.000        6.000        6.000        6.000
   880:        6.000        6.000        6.000        6.000        6.000
   885:        6.000        6.000        6.000        6.000        6.000
   890:        6.000        6.000        6.000        6.000        6.000
   895:        6.000        6.000        6.000        6.000        6.000
   900:        6.000        6.000        6.000        6.000        6.000
   905:        6.000        6.000        6.000        6.000        6.000
   910:        6.000        6.000        6.000        6.000        6.000
   915:        6.000        6.000        6.000        6.000        6.000
   920:        6.000        6.000        6.000        6.000        6.000
   925:        6.000        6.000        6.000        6.000        6.000
   930:        6.000        6.000        6.000        6.000        6.000
   935:        6.000        6.000        6.000        6.000        6.000
   940:        6.000        6.000        6.000        6.000        6.000
   945:        6.000        6.000        6.000        6.000        6.000
   950:        6.000        6.000        6.000        6.000        6.000
   955:        6.000        6.000        6.000        6.000        6.000
   960:        6.000        6.000        6.000        6.000        6.000
   965:        6.000        6.000        6.000        6.000        6.000
   970:        6.000        6.000        6.000        6.000        6.000
   975:        6.000        6.000        6.000        6.000        2.000
   980:        4.000       22.000       24.000       12.000       13.000
   985:        8.000        5.000       17.000       18.000       14.000
   990:       10.000       19.000       11.000        6.000        6.000
   995:        6.000        6.000        6.000        6.000        6.000
  1000:        6.000        6.000        6.000        6.000        6.000
  1005:        6.000        6.000        6.000        6.000        6.000
  1010:        6.000        6.000        6.000        6.000        6.000
  1015:        6.000        6.000        6.000        6.000        6.000
  1020:        6.000        6.000        6.000        6.000        6.000
  1025:        6.000        6.000        6.000        6.000        6.000
  1030:        6.000        6.000        6.000        6.000        6.000
  1035:        6.000        6.000        6.000        6.000        6.000
  1040:        6.000        6.000        6.000        6.000        6.000
  1045:        6.000        6.000        6.000        6.000        6.000
  1050:        6.000        6.000        6.000        6.000        6.000
  1055:        6.000        6.000        6.000        6.000        6.000
  1060:        6.000        6.000        6.000        6.000        6.000
  1065:        6.000        6.000        6.000        6.000        6.000
  1070:        6.000        6.000        6.000        6.000        6.000
  1075:        2.000        4.000       22.000       24.000       12.000
  1080:       13.000        8.000        5.000       17.000       18.000
  1085:        6.000       14.000       10.000       19.000       11.000
  1090:        6.000        6.000        6.000        6.000        6.000
  1095:        6.000        6.000        6.000        6.000        6.000
  1100:        6.000        2.000        4.000       22.000       24.000
  1105:       12.000       13.000        8.000        5.000       17.000
  1110:       21.000       22.000       18.000       14.000       10.000
  1115:       19.000       11.000        6.000        6.000        6.000
  1120:        6.000        6.000        6.000        6.000        6.000
  1125:        6.000        6.000        6.000        6.000        6.000
  1130:        6.000        6.000        6.000        6.000        6.000
  1135:        6.000        6.000        6.000        6.000        6.000
  1140:        6.000        6.000        6.000        6.000        6.000
  1145:        6.000        6.000        6.000        6.000        6.000
  1150:        6.000        6.000        6.000        6.000        6.000
  1155:        6.000        6.000        6.000        6.000        6.000
  1160:        6.000        6.000        6.000        6.000        6.000
  1165:        6.000        6.000        6.000        6.000        6.000
  1170:        6.000        6.000        6.000        6.000        6.000
  1175:        6.000        6.000        6.000        6.000        6.000
  1180:        6.000        6.000        6.000        6.000        6.000
  1185:        6.000        6.000        6.000        6.000        6.000
  1190:        6.000        6.000        6.000        6.000        6.000
  1195:        6.000        6.000        6.000        6.000        6.000
  1200:        6.000        6.000        6.000        6.000        6.000
  1205:        6.000        6.000        6.000        6.000        6.000
  1210:        6.000        6.000        6.000        6.000        6.000
  1215:        6.000        6.000        6.000        6.000        6.000
  1220:        6.000        6.000        6.000        6.000        6.000
  1225:        6.000        6.000        6.000        6.000        6.000
  1230:        6.000        6.000        6.000        6.000        6.000
  1235:        6.000        6.000        6.000        6.000        6.000
  1240:        6.000        6.000        6.000        6.000        6.000
  1245:        6.000        6.000        6.000        6.000        6.000
  1250:        6.000        6.000        6.000        6.000        6.000
  1255:        6.000        6.000        6.000        6.000        6.000
  1260:        6.000        6.000        6.000        6.000        6.000
  1265:        6.000        6.000        6.000        6.000        6.000
  1270:        6.000        6.000        6.000        6.000        6.000
  1275:        6.000        2.000        4.000       22.000       24.000
  1280:       12.000       13.000        8.000        5.000       17.000
  1285:       21.000       22.000       18.000       14.000       10.000
  1290:       19.000       11.000        6.000        6.000        6.000
  1295:        6.000        6.000        6.000        6.000        6.000
  1300:        6.000        6.000        6.000        6.000        6.000
  1305:        6.000        6.000        6.000        6.000        6.000
  1310:        6.000        6.000        6.000        6.000        6.000
  1315:        6.000        6.000        6.000        6.000        6.000
  1320:        6.000        6.000        6.000        6.000        6.000
  1325:        6.000        6.000        6.000        6.000        6.000
  1330:        6.000        6.000        6.000        6.000        6.000
  1335:        6.000        6.000        6.000        6.000        6.000
  1340:        6.000        6.000        6.000        6.000        6.000
  1345:        6.000        6.000        6.000        6.000        6.000
  1350:        6.000        6.000        6.000        6.000        6.000
  1355:        6.000        6.000        6.000        6.000        6.000
  1360:        6.000        6.000        6.000        6.000        6.000
  1365:        6.000        6.000        6.000        6.000        6.000
  1370:        6.000        6.000        6.000        6.000        6.000
  1375:        6.000        6.000        6.000        6.000        6.000
  1380:        6.000        6.000        6.000        6.000        6.000
  1385:        6.000        6.000        6.000        6.000        6.000
  1390:        6.000        6.000        6.000        6.000        2.000
  1395:        4.000       22.000       24.000       12.000       13.000
  1400:        8.000        5.000       17.000       21.000       22.000
  1405:       18.000       14.000       10.000       19.000       11.000
  1410:        6.000        6.000        6.000        6.000        6.000
  1415:        6.000        6.000        6.000        6.000        6.000
  1420:        2.000        4.000       22.000       24.000       12.000
  1425:       13.000        8.000        5.000       17.000       21.000
  1430:       22.000       21.000       22.000       18.000       14.000
  1435:       10.000       21.000       22.000       21.000       22.000
  1440:       21.000       22.000       19.000       11.000        2.000
  1445:        4.000       22.000       24.000       12.000       13.000
  1450:        8.000        5.000       17.000       21.000       22.000
  1455:       21.000       22.000       21.000       22.000       21.000
  1460:       22.000       21.000       22.000       18.000       14.000
  1465:       10.000       21.000       22.000       19.000       11.000
  1470:        2.000        4.000       22.000       24.000       12.000
  1475:       13.000        8.000        5.000       17.000       18.000
  1480:       14.000       10.000       19.000       11.000        6.000
  1485:        6.000        6.000        6.000        6.000        6.000
  1490:        6.000        6.000        6.000        6.000        6.000
  1495:        6.000        6.000        6.000        6.000        6.000
  1500:        6.000        6.000        6.000        6.000        6.000
  1505:        6.000        6.000        6.000        6.000        6.000
  1510:        6.000        6.000        6.000        6.000        6.000
  1515:        6.000        6.000        6.000        6.000        6.000
  1520:        6.000        6.000        6.000        6.000        6.000
  1525:        6.000        1.000        1.000        1.000        1.000
  1530:        1.000        1.000        1.000        1.000        1.000
  1535:        1.000        6.000        6.000        6.000        6.000
  1540:        6.000        6.000        6.000        6.000        6.000
  1545:        6.000        6.000        6.000        6.000        6.000
  1550:        6.000        6.000        6.000        6.000        6.000
  1555:        6.000        6.000        6.000        6.000        6.000
  1560:        6.000        6.000        6.000        6.000        6.000
  1565:        6.000        6.000        6.000        6.000        6.000
  1570:        6.000        6.000        6.000        6.000        6.000
  1575:        6.000        6.000        6.000        6.000        6.000
  1580:        6.000        6.000        6.000        6.000        6.000
  1585:        6.000        6.000        6.000        6.000        6.000
  1590:        6.000        6.000        6.000        6.000        6.000
  1595:        6.000        6.000        6.000        6.000        6.000
  1600:        6.000        6.000        6.000        6.000        6.000
  1605:        6.000        6.000        6.000        6.000        6.000
  1610:        6.000        6.000        6.000        6.000        6.000
  1615:        6.000        6.000       30.000       24.000       12.000
  1620:       13.000        8.000        5.000       17.000       18.000
  1625:       14.000       10.000       19.000       11.000       30.000
  1630:       24.000       12.000       13.000        8.000        5.000
  1635:       17.000       18.000       14.000       10.000       19.000
  1640:       11.000        6.000        6.000        6.000        6.000
  1645:        6.000        6.000        6.000        6.000        6.000
  1650:        6.000        6.000        6.000        6.000        6.000
  1655:        6.000        6.000        6.000        6.000        6.000
  1660:        6.000        6.000        6.000        6.000        6.000
  1665:        6.000        6.000        6.000        6.000        6.000
  1670:        6.000        6.000        6.000        6.000        6.000
  1675:        6.000        6.000        6.000      100.000
T:
     0:        0.000        0.000        0.000        0.000        6.870
     5:       43.260       72.920       81.920      107.210      108.130
    10:      108.200      108.330      112.880      113.560      177.670
    15:      178.110      188.890      190.800      192.890      194.630
    20:      272.750      272.890      274.490      331.940      332.140
    25:      354.110      383.210      385.670      386.590      387.080
    30:      388.310      390.090      391.500      392.140      392.230
    35:      393.020      418.120      418.590      420.160      422.690
    40:      423.700      426.760      429.530      430.780      431.860
    45:      432.410      433.200      458.570      458.660      483.480
    50:      483.480      483.480      483.490      483.490      483.490
    55:      483.490      483.490      483.490      486.030      486.030
    60:      487.490      488.490      488.490      493.480      493.490
    65:      499.820      514.910      519.680      520.460      525.880
    70:      525.920      526.000      526.290      528.410      528.600
    75:      528.650      528.950      530.090      531.010      531.380
    80:      532.100      532.600      533.330      533.990      534.530
    85:      534.860      535.190      551.050      551.090      558.110
    90:      585.020      585.050      585.160      649.990      678.020
    95:      678.850      680.360      685.850      687.030      776.690
   100:      777.670      779.590      780.440      780.460      781.490
   105:      781.530      782.130      785.560      787.390      787.630
   110:      787.760      787.860      789.890      790.210      790.520
   115:      791.050      791.090      792.340      792.670      792.940
   120:      793.080      793.290      793.430      793.530      794.420
   125:      795.090      806.670      808.020      826.650      826.650
   130:      826.650      826.660      826.660      826.660      826.660
   135:      826.660      826.660      830.660      831.660      831.660
   140:      832.230      836.650      836.660      844.430      845.560
   145:      845.650      845.710      846.420      848.180      848.200
   150:      848.970      851.410      854.330      856.250      857.920
   155:      862.630      863.250      863.320      863.690      864.570
   160:      865.610      881.340      882.300      882.710      894.380
   165:      895.820      896.450      898.620      898.710      919.900
   170:      920.470      936.030      937.630      938.510      939.880
   175:      940.120      940.930      942.880      943.270      947.690
   180:      951.210     1192.530     1193.300     1193.860     1193.990
   185:     1194.510     1288.130     1290.700     1300.220     1336.350
   190:     1336.480     1338.960     1380.130     1382.810     1390.500
   195:     1420.630     1420.810     1422.730     1423.010     1426.040
   200:     1435.810     1439.970     1441.020     1445.870     1447.170
   205:     1447.400     1447.700     1447.810     1448.660     1448.830
   210:     1448.920     1449.300     1450.120     1455.800     1457.450
   215:     1458.380     1458.560     1458.620     1458.660     1458.880
   220:     1459.170     1459.280     1465.190     1465.980     1509.260
   225:     1525.470     1529.240     1530.090     1531.100     1533.060
   230:     1534.140     1534.360     1534.500     1534.610     1534.990
   235:     1547.130     1553.500     1554.510     1554.570     1556.180
   240:     1556.850     1557.850     1568.950     1571.630     1575.110
   245:     1575.390     1575.410     1575.540     1579.810     1585.500
   250:     1608.720     1608.870     1615.440     1617.290     1619.800
   255:     1620.110     1620.480     1620.640     1620.810     1620.930
   260:     1620.990     1623.530     1624.240     1625.510     1627.330
   265:     1627.500     1628.700     1629.270     1631.470     1719.970
   270:     1723.090     1723.370     1723.910     1724.100     1724.290
   275:     1724.440     1724.520     1724.600     1725.500     1725.640
   280:     1726.600     1734.380     1736.140     1737.100     1740.400
   285:     1740.460     1746.510     1749.090     1752.060     1752.180
   290:     1753.300     1753.640     2066.230     2066.230     2066.230
   295:     2066.240     2066.240     2066.240     2066.240     2066.240
   300:     2066.240     2066.980     2066.980     2068.440     2068.440
   305:     2070.230     2070.230     2070.240     2071.240     2071.240
   310:     2076.230     2076.240     2076.400     2086.670     2090.630
   315:     2090.790     2091.190     2092.630     2093.760     2095.380
   320:     2123.450     2126.920     2127.390     2127.800     2135.510
   325:     2157.340     2157.540     2157.560     2159.290     2178.380
   330:     2180.060     2180.230     2181.150     2210.080     2210.470
   335:     2210.640     2217.600     2217.860     2224.850     2224.940
   340:     2225.850     2225.920     2226.180     2227.010     2227.340
   345:     2232.440     2233.460     2236.660     2236.660     2236.660
   350:     2236.670     2236.670     2236.670     2236.670     2236.670
   355:     2236.670     2237.470     2237.470     2240.670     2241.670
   360:     2241.670     2246.660     2246.670     2253.480     2259.440
   365:     2262.390     2262.760     2268.700     2268.810     2271.060
   370:     2285.730     2286.500     2286.560     2286.690     2286.900
   375:     2286.960     2287.320     2288.330     2288.550     2290.540
   380:     2290.660     2292.730     2293.510     2293.750     2294.960
   385:     2295.200     2304.270     2312.110     2326.930     2333.740
   390:     2335.320     2335.520     2335.600     2335.740     2336.840
   395:     2337.390     2341.050     2341.240     2342.290     2342.470
   400:     2342.540     2342.560     2342.780     2343.040     2348.590
   405:     2361.020     2361.190     2364.080     2369.170     2369.980
   410:     2374.360     2377.100     2382.520     2392.030     2392.710
   415:     2404.540     2478.370     2487.350     2488.160     2488.240
   420:     2488.530     2489.760     2490.610     2492.620     2499.980
   425:     2505.960     2506.260     2507.660     2526.810     2527.390
   430:     2528.090     2528.280     2579.610     2580.040     2580.330
   435:     2748.400     2771.000     2789.090     2793.330     2917.770
   440:     2918.660     2967.710     3202.990     3203.150     3204.140
   445:     3341.130     3491.500     3496.540     3496.920     3536.800
   450:     3538.110     3543.000     3545.290     3545.630     3546.280
   455:     3546.930     3547.040     3549.390     3550.220     3551.060
   460:     3558.930     3561.180     3561.330     3564.660     3565.740
   465:     3605.330     3605.370     3607.150     3610.440     3612.020
   470:     3612.340     3612.920     3614.530     3614.600     3617.630
   475:     3617.860     3649.330     3666.780     3667.160     3677.500
   480:     3678.870     3680.030     3680.780     3685.390     3695.490
   485:     3705.930     3706.050     3707.240     3707.820     3712.500
   490:     3713.930     3714.750     3715.260     3715.840     3720.380
   495:     3720.980     3721.760     3722.920     3722.990     3724.320
   500:     3724.710     3727.580     3739.290     3739.990     3741.360
   505:     3741.560     3741.660     3745.060     3746.840     3752.170
   510:     3752.400     3752.880     3753.300     3753.390     3755.550
   515:     3756.270     3756.650     3775.510     3775.810     3782.360
   520:     3782.920     3784.990     3785.590     3786.610     3787.550
   525:     3788.290     3788.580     3788.820     3794.040     3794.090
   530:     3794.440     3794.740     3796.670     3796.750     3799.700
   535:     3804.780     3806.700     3837.260     3840.960     3854.790
   540:     3856.720     3857.770     3861.170     3863.160     3863.380
   545:     3863.440     3863.730     3864.080     3864.460     3865.300
   550:     3866.070     3868.620     3880.970     3886.150     3886.340
   555:     3886.740     3888.110     3888.140     3888.290     3910.680
   560:     3910.740     3912.180     3912.550     3912.990     3914.110
   565:     3915.140     3915.270     3916.120     3916.320     3919.150
   570:     3921.630     3921.700     3922.170     3932.210     3934.360
   575:     3942.490     3942.910     3943.040     3954.020     3954.400
   580:     3996.230     3997.150     3999.740     4000.520     4000.690
   585:     4001.630     4008.210     4010.570     4011.000     4011.110
   590:     4011.190     4014.170     4015.480     4029.240     4029.330
   595:     4029.770     4030.550     4043.200     4043.290     4044.140
   600:     4044.890     4045.030     4045.220     4045.330     4045.440
   605:     4045.710     4046.660     4046.670     4046.670     4046.670
   610:     4046.670     4046.670     4046.670     4047.940     4048.150
   615:     4050.670     4051.670     4051.670     4053.900     4054.450
   620:     4054.850     4056.660     4056.670     4056.680     4059.580
   625:     4061.500     4062.350     4063.640     4063.780     4063.840
   630:     4066.670     4078.660     4080.630     4084.830     4085.210
   635:     4086.380     4099.600     4100.570     4103.100     4150.680
   640:     4182.140     4235.540     4271.870     4494.360     4553.750
   645:     4553.970     4558.660     4559.150     4616.030     4617.290
   650:     4624.090     4625.140     4625.190     4625.690     4626.200
   655:     4626.530     4626.910     4628.010     4628.640     4631.050
   660:     4632.130     4746.770     4747.020     4747.070     4750.610
   665:     4770.340     4770.790     4774.040     4776.960     4791.480
   670:     4792.310     4792.390     4793.940     4794.180     4795.790
   675:     4796.030     4796.200     4796.610     4796.910     4799.100
   680:     4799.770     4800.130     4800.730     4995.540     4995.600
   685:     4995.890     4998.440     4998.480     5141.530     5142.580
   690:     5149.150     5152.490     5155.080     5155.360     5155.670
   695:     5157.510     5157.740     5184.070     5184.150     5196.790
   700:     5198.040     5198.310     5198.430     5199.820     5201.960
   705:     5201.990     5202.460     5205.220     5207.160     5207.880
   710:     5208.160     5209.530     5209.770     5209.820     5210.330
   715:     5210.490     5210.530     5211.990     5215.990     5216.630
   720:     5216.870     5216.970     5220.850     5221.270     5221.450
   725:     5221.730     5266.680     5267.540     5291.500     5292.240
   730:     5292.300     5292.490     5304.400     5308.930     5316.770
   735:     5318.650     5318.790     5321.980     5326.650     5328.330
   740:     5328.770     5329.190     5331.090     5338.090     5338.470
   745:     5359.120     5359.500     5363.450     5367.800     5367.830
   750:     5369.140     5369.490     5378.700     5386.730     5398.750
   755:     5495.730     5501.880     5502.060     5502.580     5510.180
   760:     5510.180     5510.180     5510.190     5510.190     5510.190
   765:     5510.190     5510.190     5510.190     5512.200     5512.200
   770:     5514.190     5515.190     5515.190     5520.180     5520.190
   775:     5565.650     5565.830     5605.410     5609.610     5610.010
   780:     5610.250     5611.400     5611.510     5625.650     5637.250
   785:     5638.180     5643.570     5656.880     5657.060     5657.890
   790:     5658.030     5659.550     5659.650     5660.850     5661.440
   795:     5662.220     5664.500     5689.960     5690.390     5690.590
   800:     5690.870     5690.950     5707.480     5712.440     5713.040
   805:     5713.920     5715.530     5720.540     5720.690     5721.870
   810:     5722.590     5722.820     5722.890     5723.240     5728.090
   815:     5728.520     5729.390     5729.700     5729.910     5730.290
   820:     5730.440     5733.340     5736.470     5737.060     5737.180
   825:     5737.230     5738.860     5739.420     5740.770     5744.040
   830:     5744.480     5745.040     5747.670     5748.710     5752.460
   835:     5752.510     5753.000     5756.060     5756.360     5770.410
   840:     5775.390     5776.240     5776.960     5778.110     5780.900
   845:     5781.450     5781.600     5782.130     5782.290     5782.560
   850:     5783.050     5783.900     5787.550     5787.650     5787.840
   855:     5787.950     5788.660     5790.040     5790.110     5810.900
   860:     5812.040     5819.230     5819.270     5828.080     5828.340
   865:     5843.300     5844.480     5855.440     5860.100     5860.200
   870:     5865.760     5869.330     5869.560     5889.800     5889.940
   875:     5890.120     5890.200     5890.260     5891.170     5892.300
   880:     5892.380     5899.030     5901.090     5901.350     5913.390
   885:     5916.210     5916.730     5954.580     5957.390     5978.820
   890:     5979.290     5979.860     5980.380     5980.840     5981.100
   895:     5982.530     5983.210     5983.360     5983.570     5983.860
   900:     5993.640     5994.970     6023.780     6025.000     6038.510
   905:     6038.700     6041.130     6043.090     6043.270     6044.330
   910:     6045.840     6067.820     6067.860     6069.520     6069.570
   915:     6069.900     6071.170     6086.900     6094.260     6097.210
   920:     6117.390     6117.880     6118.110     6129.880     6130.020
   925:     6130.260     6141.270     6141.840     6142.650     6143.250
   930:     6143.990     6145.050     6162.550     6163.160     6168.990
   935:     6169.070     6169.630     6169.660     6171.640     6171.870
   940:     6173.950     6176.730     6190.660     6191.100     6191.680
   945:     6193.210     6193.740     6194.300     6194.540     6194.950
   950:     6210.910     6211.000     6217.810     6218.960     6219.950
   955:     6220.540     6222.160     6226.930     6328.940     6330.430
   960:     6331.210     6333.050     6336.150     6340.440     6340.520
   965:     6340.750     6341.970     6370.790     6371.170     6371.520
   970:     6372.140     6372.220     6377.130     6378.700     6381.310
   975:     6382.470     6382.750     6383.470     6449.330     6464.970
   980:     6464.970     6464.970     6464.980     6464.980     6464.980
   985:     6464.980     6464.980     6464.980     6468.980     6469.980
   990:     6469.980     6474.970     6474.980     6503.710     6510.510
   995:     6510.710     6520.210     6521.600     6521.620     6521.860
  1000:     6541.270     6541.590     6541.800     6542.730     6543.580
  1005:     6544.150     6544.640     6544.790     6545.110     6606.830
  1010:     6607.210     6607.810     6608.450     6620.690     6623.410
  1015:     6624.400     6624.530     6624.810     6625.920     6626.740
  1020:     6626.760     6627.200     6628.000     6629.220     6648.450
  1025:     6650.010     6650.190     6652.240     6652.340     6656.230
  1030:     6668.400     6669.060     6670.350     6671.030     6674.240
  1035:     6674.330     6674.440     6675.760     6715.540     6715.930
  1040:     6727.600     6727.650     6727.710     6728.810     6728.880
  1045:     6729.910     6730.540     6731.550     6731.620     6731.680
  1050:     6732.110     6732.390     6732.710     6757.220     6757.590
  1055:     6762.600     6767.570     6767.680     6768.580     6824.590
  1060:     6828.310     6829.070     6831.120     6831.410     6844.840
  1065:     6872.100     6904.070     7046.770     7051.950     7055.190
  1070:     7057.170     7057.220     7057.350     7058.050     7059.260
  1075:     7065.310     7065.310     7065.310     7065.320     7065.320
  1080:     7065.320     7065.320     7065.320     7065.320     7069.320
  1085:     7069.360     7070.320     7070.320     7075.310     7075.320
  1090:     7082.540     7082.620     7082.920     7083.860     7093.540
  1095:     7100.520     7100.630     7100.940     7100.980     7108.600
  1100:     7152.100     7173.960     7173.960     7173.960     7173.970
  1105:     7173.970     7173.970     7173.970     7173.970     7173.970
  1110:     7174.410     7174.410     7177.970     7178.970     7178.970
  1115:     7183.960     7183.970     7184.120     7191.800     7192.000
  1120:     7192.210     7192.290     7192.700     7192.990     7193.610
  1125:     7194.420     7196.310     7196.730     7196.940     7205.880
  1130:     7205.960     7213.550     7214.220     7214.770     7214.910
  1135:     7215.010     7216.220     7216.260     7216.280     7217.780
  1140:     7217.990     7219.220     7219.380     7221.610     7221.840
  1145:     7222.700     7222.770     7222.890     7223.490     7224.510
  1150:     7225.510     7228.740     7229.330     7235.980     7236.120
  1155:     7236.180     7236.260     7238.220     7238.360     7238.540
  1160:     7257.530     7274.630     7274.950     7275.490     7294.010
  1165:     7301.570     7303.000     7303.630     7303.950     7303.980
  1170:     7304.110     7304.250     7304.470     7304.620     7305.320
  1175:     7309.770     7312.700     7314.160     7314.970     7315.640
  1180:     7316.240     7316.560     7317.520     7323.440     7330.730
  1185:     7331.040     7331.280     7333.610     7333.870     7335.970
  1190:     7336.430     7337.400     7338.350     7339.710     7339.860
  1195:     7340.020     7340.120     7340.310     7340.860     7341.730
  1200:     7342.440     7342.900     7343.080     7343.160     7343.340
  1205:     7344.350     7346.820     7425.990     7439.830     7505.960
  1210:     7517.780     7518.720     7519.680     7521.300     7562.640
  1215:     7569.950     7596.780     7674.130     7703.350     7704.660
  1220:     7710.530     7710.830     7733.480     7733.600     7736.770
  1225:     7739.570     7740.770     7741.580     7741.750     7743.440
  1230:     7745.810     7749.870     7754.200     7754.560     7756.950
  1235:     7761.660     7766.190     7784.530     7785.240     7786.460
  1240:     7789.350     7790.020     7800.980     7802.160     7802.490
  1245:     7804.120     7805.780     7806.250     7807.560     7809.150
  1250:     7809.780     7809.970     7810.040     7811.030     7839.280
  1255:     7839.640     7840.930     7842.750     7842.900     7851.540
  1260:     7864.370     7864.630     7954.920     7955.070     7955.180
  1265:     7955.240     7955.420     7955.810     7956.890     7959.010
  1270:     7959.910     7970.090     7970.340     7974.530     7975.450
  1275:     7976.270     7985.590     7985.590     7985.590     7985.600
  1280:     7985.600     7985.600     7985.600     7985.600     7985.600
  1285:     7985.780     7985.780     7989.600     7990.600     7990.600
  1290:     7995.590     7995.600     8003.690     8006.850     8006.950
  1295:     8007.010     8013.040     8013.430     8015.750     8015.910
  1300:     8103.920     8104.910     8104.980     8105.020     8133.600
  1305:     8133.940     8135.170     8135.730     8135.780     8135.810
  1310:     8137.190     8138.110     8139.460     8142.890     8143.070
  1315:     8143.420     8144.380     8144.430     8144.890     8145.110
  1320:     8145.330     8145.870     8211.720     8213.250     8213.450
  1325:     8215.970     8594.000     8596.230     8829.100     8830.300
  1330:     8831.470     8832.010     8832.850     8833.980     8834.360
  1335:     8835.400     8837.780     8838.120     8838.470     8838.770
  1340:     8840.050     8842.620     8842.870     8844.610     8844.730
  1345:     8844.860     8849.690     8849.940     8850.980     8852.200
  1350:     8853.660     8853.810     8856.350     8857.010     8858.420
  1355:     8859.480     8859.640     8860.270     8861.330     8863.060
  1360:     8889.060     8889.720     8891.490     8891.620     8891.910
  1365:     8892.390     8893.930     8894.620     8899.910     8899.980
  1370:     8900.410     8900.540     8901.260     8902.810     8903.400
  1375:     8903.650     8904.130     8905.270     8905.480     8906.450
  1380:     8909.400     8911.180     8912.080     8912.930     8932.920
  1385:     8933.140     8935.440     8937.680     8938.150     8962.670
  1390:     8962.810     9024.860     9046.660     9066.060     9078.170
  1395:     9078.170     9078.170     9078.180     9078.180     9078.180
  1400:     9078.180     9078.180     9078.180     9078.850     9078.850
  1405:     9082.180     9083.180     9083.180     9088.170     9088.180
  1410:     9090.350     9090.450     9096.370     9098.440     9098.490
  1415:     9100.250     9104.130     9112.830     9127.750     9128.720
  1420:     9137.340     9137.340     9137.340     9137.350     9137.350
  1425:     9137.350     9137.350     9137.350     9137.350     9137.460
  1430:     9137.460     9140.480     9140.480     9141.350     9142.350
  1435:     9142.350     9142.410     9142.410     9144.800     9144.800
  1440:     9146.550     9146.550     9147.340     9147.350     9151.550
  1445:     9151.550     9151.550     9151.560     9151.560     9151.560
  1450:     9151.560     9151.560     9151.560     9151.930     9151.930
  1455:     9152.670     9152.670     9153.130     9153.130     9153.460
  1460:     9153.460     9154.350     9154.350     9155.560     9156.560
  1465:     9156.560     9160.520     9160.520     9161.550     9161.560
  1470:     9162.320     9162.320     9162.320     9162.330     9162.330
  1475:     9162.330     9162.330     9162.330     9162.330     9166.330
  1480:     9167.330     9167.330     9172.320     9172.330     9174.800
  1485:     9183.750     9191.230     9191.630     9191.820     9197.860
  1490:     9197.880     9197.940     9225.120     9225.780     9235.950
  1495:     9236.720     9238.610     9240.090     9240.140     9241.890
  1500:     9242.510     9242.580     9242.840     9242.950     9243.080
  1505:     9315.450     9317.240     9318.300     9319.230     9319.820
  1510:     9319.900     9320.680     9322.380     9322.520     9323.310
  1515:     9323.560     9330.490     9333.660     9333.720     9341.330
  1520:     9345.130     9346.160     9347.730     9349.660     9351.940
  1525:     9352.270     9367.230     9368.510     9369.420     9374.880
  1530:     9375.300     9376.230     9384.550     9388.140     9389.120
  1535:     9400.270     9452.150     9453.020     9455.590     9456.910
  1540:     9458.550     9459.390     9460.480     9460.760     9460.900
  1545:     9461.020     9461.220     9461.570     9461.800     9462.100
  1550:     9462.500     9463.240     9463.810     9467.210     9467.490
  1555:     9468.140     9469.390     9470.040     9470.630     9470.760
  1560:     9471.160     9716.940     9718.070     9718.200     9719.270
  1565:     9719.360     9719.900     9720.140     9720.920     9924.480
  1570:     9926.180     9926.360     9926.520     9927.380     9929.850
  1575:     9930.160     9930.200     9986.010     9986.070     9987.550
  1580:     9987.890     9989.440     9990.980     9991.690     9992.700
  1585:     9993.450    10013.180    10014.580    10014.640    10014.670
  1590:    10020.710    10021.130    10022.060    10022.750    10023.220
  1595:    10024.490    10025.520    10025.600    10026.130    10027.070
  1600:    10033.380    10034.260    10034.760    10036.130    10036.750
  1605:    10247.760    10248.680    10249.640    10250.560    10251.400
  1610:    10251.760    10252.050    10252.370    10252.790    10253.100
  1615:    10253.200    10253.260    10254.390    10254.390    10254.390
  1620:    10254.390    10254.390    10254.390    10254.390    10258.390
  1625:    10259.390    10259.390    10264.380    10264.390    10352.590
  1630:    10352.590    10352.590    10352.590    10352.590    10352.590
  1635:    10352.590    10356.590    10357.590    10357.590    10362.580
  1640:    10362.590    10471.610    10474.880    10478.630    10478.790
  1645:    10479.170    10479.460    10546.630    10556.610    10556.920
  1650:    10557.290    10568.730    10569.090    10569.310    10569.800
  1655:    10574.240    10577.320    10588.460    10590.080    10591.050
  1660:    10594.100    10605.120    10605.470    10606.070    10606.540
  1665:    10625.800    10627.020    10627.450    10628.900    10631.600
  1670:    10632.010    10632.230    10661.450    10661.530    10661.570
  1675:    10662.690    10756.390    10756.530    10800.000
