File: C:\MED-PC\Data\2025-03-05_13h25m_Subject 86.txt


Start Date: 03/05/25
End Date: 03/05/25
Subject: 86
Experiment: OralFentSA
Group: One
Box: 2
Start Time: 13:25:58
End Time: 16:26:21
MSN: 20241014_Golden_Liq_SelfAdmin
F:       0.000
G:     775.000
H:   10800.000
I:       0.000
J:       0.000
K:       0.000
L:       0.000
M:       0.000
N:       0.000
O:       0.000
P:       0.000
Q:       0.000
R:       0.000
S:       0.000
U:       0.000
V:       0.000
W:       0.000
X:       0.000
Y:       0.000
Z:       0.000
A:
     0:        0.000        0.000      180.000        4.000        0.000
     5:        5.000        0.000        5.000        0.000        0.000
    10:        1.000        0.000       10.000     1800.000       21.000
    15:        3.000      640.000        0.000        0.000        0.000
    20:        0.000
B:
     0:        0.000        0.000        0.000      400.000        0.000
     5:      500.000        0.000      500.000        0.000        0.000
    10:        0.000        0.000     1000.000   180000.000        0.000
    15:        0.000        0.000        0.000        0.000        0.000
    20:        0.000
C:
     0:       23.000       24.000        0.000       28.000      439.000
     5:     9846.230        9.610       22.000      226.490       10.295
    10:       28.000        0.000        3.000        0.000        0.000
    15:        0.000        0.000        0.000        0.000        0.000
    20:        0.000
D:
     0:        5.120       40.890       27.610       12.560       48.030
     5:       11.880        4.160        6.030        5.760        9.730
    10:        2.080        4.350        1.490       12.290        4.820
    15:        2.750        3.070        5.390        3.970        1.740
    20:        3.160        9.610
E:
     0:       19.000       11.000       26.000       27.000        6.000
     5:        6.000        6.000        6.000        6.000        6.000
    10:        6.000        6.000        6.000        6.000        6.000
    15:        6.000        6.000        6.000        6.000        6.000
    20:        6.000        6.000        6.000        2.000        4.000
    25:       22.000       24.000       12.000       13.000        8.000
    30:        5.000       17.000       21.000       22.000       21.000
    35:       22.000       18.000       14.000       10.000        6.000
    40:        6.000        6.000       19.000       11.000        6.000
    45:        6.000        6.000        6.000        6.000        6.000
    50:        6.000        6.000        6.000        2.000        4.000
    55:       22.000       24.000       12.000       13.000        8.000
    60:        5.000       17.000       18.000       14.000       10.000
    65:       19.000       11.000        6.000        6.000        6.000
    70:        6.000        6.000        2.000        4.000       22.000
    75:       24.000       12.000       13.000        8.000        5.000
    80:       17.000       18.000       14.000       10.000       19.000
    85:       11.000        6.000        6.000        6.000        6.000
    90:        6.000        6.000        6.000        6.000        6.000
    95:        6.000        6.000        6.000        6.000        6.000
   100:        6.000        6.000        6.000        6.000        6.000
   105:        6.000        6.000        6.000        6.000        6.000
   110:        6.000        6.000        6.000        6.000        2.000
   115:        4.000       22.000       24.000       12.000       13.000
   120:        8.000        5.000       17.000       18.000       14.000
   125:       10.000       19.000       11.000        6.000        6.000
   130:        6.000        6.000        6.000        6.000        6.000
   135:        6.000        6.000        6.000        6.000        6.000
   140:        6.000        6.000        6.000        6.000        6.000
   145:        6.000        6.000        6.000        6.000        6.000
   150:        6.000        6.000        6.000        6.000        6.000
   155:        6.000        6.000        6.000        6.000        6.000
   160:        6.000        6.000        6.000        6.000        6.000
   165:        6.000        6.000        6.000        6.000        6.000
   170:        6.000        6.000        6.000        6.000        6.000
   175:        6.000        6.000        6.000        6.000        6.000
   180:        6.000        6.000        6.000        6.000        6.000
   185:        6.000        6.000        6.000        6.000        6.000
   190:        6.000        6.000        6.000        6.000        6.000
   195:        6.000        6.000        6.000        6.000        6.000
   200:        6.000        6.000        6.000        6.000        6.000
   205:        6.000        6.000        6.000        6.000        2.000
   210:        4.000       22.000       24.000       12.000       13.000
   215:        8.000        5.000       17.000       21.000       22.000
   220:       18.000       14.000       10.000       19.000       11.000
   225:        2.000        4.000       22.000       24.000       12.000
   230:       13.000        8.000        5.000       17.000       18.000
   235:       14.000       10.000       19.000       11.000        6.000
   240:        6.000        6.000        6.000        6.000        6.000
   245:        6.000        6.000        6.000        6.000        6.000
   250:        6.000        6.000        6.000        6.000        6.000
   255:        6.000        6.000        6.000        6.000        6.000
   260:        6.000        6.000        6.000        6.000        6.000
   265:        6.000        6.000        6.000        6.000        6.000
   270:        6.000        6.000        6.000        6.000        6.000
   275:        6.000        6.000        6.000        6.000        6.000
   280:        6.000        6.000        6.000        6.000        6.000
   285:        6.000        6.000        6.000        6.000        6.000
   290:        6.000        6.000        6.000        2.000        4.000
   295:       22.000       24.000       12.000       13.000        8.000
   300:        5.000       17.000       18.000       14.000       10.000
   305:       19.000       11.000        6.000        6.000        6.000
   310:        6.000        2.000        4.000       22.000       24.000
   315:       12.000       13.000        8.000        5.000       17.000
   320:       18.000        6.000       14.000       10.000        6.000
   325:        6.000       19.000       11.000        6.000        6.000
   330:        6.000        2.000        4.000       22.000       24.000
   335:       12.000       13.000        8.000        5.000       17.000
   340:       18.000       14.000       10.000        6.000        6.000
   345:       19.000        6.000       11.000        6.000        6.000
   350:        6.000        2.000        4.000       22.000       24.000
   355:       12.000       13.000        8.000        5.000       17.000
   360:       18.000       14.000       10.000        6.000        6.000
   365:        6.000       19.000       11.000        6.000        6.000
   370:        6.000        6.000        6.000        6.000        6.000
   375:        6.000        6.000        6.000        6.000        6.000
   380:        6.000        6.000        6.000        6.000        6.000
   385:        6.000        6.000        6.000        6.000        6.000
   390:        6.000        6.000        6.000       25.000       24.000
   395:       12.000       13.000        8.000        5.000       17.000
   400:       18.000       14.000       10.000        6.000       19.000
   405:       11.000        6.000        6.000        6.000        6.000
   410:        6.000        6.000        6.000        6.000        6.000
   415:        6.000        6.000        6.000        6.000        6.000
   420:        2.000        4.000       22.000       24.000       12.000
   425:       13.000        8.000        5.000       17.000        6.000
   430:        6.000       18.000       14.000       10.000        6.000
   435:        6.000       19.000       11.000        2.000        4.000
   440:       22.000       24.000       12.000       13.000        8.000
   445:        5.000       17.000       21.000       22.000       18.000
   450:        6.000       14.000       10.000        6.000        6.000
   455:       19.000       11.000        6.000        6.000        6.000
   460:        6.000        6.000        6.000        6.000        6.000
   465:        6.000        6.000        6.000        6.000        6.000
   470:        6.000        6.000        6.000        6.000        6.000
   475:        6.000        6.000        6.000        6.000        6.000
   480:        6.000        6.000        6.000        6.000        6.000
   485:        6.000        6.000        6.000        6.000        6.000
   490:        6.000        6.000        6.000       30.000       24.000
   495:       12.000       13.000        8.000        5.000       17.000
   500:        6.000       18.000       14.000       10.000        6.000
   505:        6.000        6.000        6.000        6.000        6.000
   510:        6.000       19.000       11.000        6.000        6.000
   515:        6.000        6.000        6.000        6.000        6.000
   520:        6.000        6.000        6.000        6.000        6.000
   525:        6.000        6.000        6.000        6.000        6.000
   530:        6.000        6.000        6.000        6.000        6.000
   535:       30.000       24.000       12.000       13.000        8.000
   540:        5.000       17.000       18.000       14.000       10.000
   545:       19.000       11.000        6.000        6.000        6.000
   550:        6.000        6.000        6.000        6.000        6.000
   555:        6.000        6.000        6.000        6.000        6.000
   560:        6.000        6.000        6.000        6.000        6.000
   565:        6.000        6.000        6.000        6.000        6.000
   570:        6.000        6.000        6.000        6.000        6.000
   575:        6.000        6.000        6.000        6.000        6.000
   580:        6.000        6.000        6.000        6.000        6.000
   585:        6.000        6.000        6.000        6.000        6.000
   590:        6.000        6.000        6.000        6.000        2.000
   595:        4.000       22.000       24.000       12.000       13.000
   600:        8.000        5.000       17.000       18.000        6.000
   605:       14.000       10.000        6.000        6.000        6.000
   610:       19.000       11.000        6.000        2.000        4.000
   615:       22.000       24.000       12.000       13.000        8.000
   620:        5.000       17.000        6.000       18.000       14.000
   625:       10.000        6.000       19.000       11.000        6.000
   630:        6.000        6.000        6.000        6.000        6.000
   635:        6.000        6.000        6.000        6.000        6.000
   640:        6.000        2.000        4.000       22.000       24.000
   645:       12.000       13.000        8.000        5.000       17.000
   650:        6.000       18.000       14.000       10.000        6.000
   655:       19.000       11.000        6.000        6.000        2.000
   660:        4.000       22.000       24.000       12.000       13.000
   665:        8.000        5.000       17.000       18.000       21.000
   670:       22.000       14.000       10.000        6.000       19.000
   675:       11.000        6.000        6.000        6.000        6.000
   680:        6.000        6.000        6.000        6.000        2.000
   685:        4.000       22.000       24.000       12.000       13.000
   690:        8.000        5.000       17.000        6.000       18.000
   695:        6.000       14.000       10.000        6.000       19.000
   700:       11.000        6.000        6.000        6.000        6.000
   705:        6.000        2.000        4.000       22.000       24.000
   710:       12.000       13.000        8.000        5.000       17.000
   715:        6.000       18.000       14.000       10.000        6.000
   720:        6.000       19.000       11.000        2.000        4.000
   725:       22.000       24.000       12.000       13.000        8.000
   730:        5.000       17.000       21.000       22.000       21.000
   735:       22.000       21.000       22.000        6.000       18.000
   740:       14.000       10.000       19.000       11.000        2.000
   745:        4.000       22.000       24.000       12.000       13.000
   750:        8.000        5.000       17.000       18.000       14.000
   755:       10.000        6.000        6.000       19.000       11.000
   760:        6.000        6.000        6.000        6.000        6.000
   765:        6.000        6.000        6.000        6.000        6.000
   770:        6.000        6.000        6.000        6.000        6.000
   775:      100.000
T:
     0:        0.000        0.000        0.000        0.000        7.830
     5:       10.740       16.230       16.370       26.540       26.680
    10:      113.910      128.510      128.660      249.800      265.080
    15:      265.120      265.380      305.610      306.680      308.950
    20:      309.480      312.070      312.420      332.140      332.140
    25:      332.140      332.150      332.150      332.150      332.150
    30:      332.150      332.150      333.490      333.490      333.690
    35:      333.690      336.150      337.150      337.150      337.270
    40:      337.650      341.690      342.140      342.150      366.740
    45:      366.770      369.600      394.550      395.490      402.180
    50:      481.050      496.120      496.300      500.060      500.060
    55:      500.060      500.070      500.070      500.070      500.070
    60:      500.070      500.070      504.070      505.070      505.070
    65:      510.060      510.070      540.960      541.130      544.870
    70:      546.680      547.050      593.010      593.010      593.010
    75:      593.020      593.020      593.020      593.020      593.020
    80:      593.020      597.020      598.020      598.020      603.010
    85:      603.020      620.630      623.330      624.420      670.080
    90:      670.150      670.320      677.430      781.300      844.860
    95:      845.030      875.940      877.270      878.490      894.570
   100:      956.430      972.160      972.500      976.300      976.410
   105:      976.440      977.160     1103.290     1103.350     1104.280
   110:     1133.660     1144.480     1145.700     1146.080     1166.560
   115:     1166.560     1166.560     1166.570     1166.570     1166.570
   120:     1166.570     1166.570     1166.570     1170.570     1171.570
   125:     1171.570     1176.560     1176.570     1179.130     1192.050
   130:     1197.500     1197.760     1201.150     1267.600     1369.480
   135:     1383.390     1383.490     1384.500     1415.260     1448.430
   140:     1448.720     1472.110     1472.240     1486.130     1500.420
   145:     1500.770     1502.290     1538.080     1544.820     1556.830
   150:     1561.510     1566.740     1701.500     1747.860     1806.920
   155:     1837.790     1838.230     1863.390     1897.860     1898.030
   160:     2001.220     2012.730     2072.160     2089.680     2102.840
   165:     2144.330     2311.240     2311.280     2312.800     2313.320
   170:     2313.380     2313.540     2313.670     2314.690     2314.950
   175:     2316.060     2316.430     2317.110     2317.360     2317.640
   180:     2317.790     2318.490     2318.540     2321.190     2321.290
   185:     2321.690     2322.000     2322.370     2323.680     2324.420
   190:     2324.600     2426.800     2429.350     2572.240     2572.350
   195:     2575.090     2576.080     2576.900     2578.330     2696.610
   200:     2709.870     2710.790     2711.260     2711.430     2761.770
   205:     2833.000     2833.760     2833.870     2847.360     2858.610
   210:     2858.610     2858.610     2858.620     2858.620     2858.620
   215:     2858.620     2858.620     2858.620     2860.280     2860.280
   220:     2862.620     2863.620     2863.620     2868.610     2868.620
   225:     2883.930     2883.930     2883.930     2883.940     2883.940
   230:     2883.940     2883.940     2883.940     2883.940     2887.940
   235:     2888.940     2888.940     2893.930     2893.940     2931.970
   240:     2938.100     2938.550     2939.860     2939.930     2946.940
   245:     2958.280     2959.840     2960.460     2961.320     2962.860
   250:     2963.210     2963.400     2975.840     2976.000     2976.070
   255:     2976.360     2988.380     3056.250     3069.100     3095.350
   260:     3095.470     3095.930     3096.730     3097.950     3098.230
   265:     3141.090     3141.190     3152.010     3153.050     3174.590
   270:     3175.640     3190.240     3190.350     3269.550     3744.040
   275:     3744.370     3778.180     3832.020     3923.900     4183.410
   280:     4183.560     4184.390     4186.090     4186.930     4197.140
   285:     4204.220     4204.290     4204.990     4284.710     4329.560
   290:     4329.650     4332.360     4333.150     4363.590     4363.590
   295:     4363.590     4363.600     4363.600     4363.600     4363.600
   300:     4363.600     4363.600     4367.600     4368.600     4368.600
   305:     4373.590     4373.600     4375.480     4382.700     4383.320
   310:     4389.360     4391.600     4391.600     4391.600     4391.610
   315:     4391.610     4391.610     4391.610     4391.610     4391.610
   320:     4395.610     4395.770     4396.610     4396.610     4399.440
   325:     4399.940     4401.600     4401.610     4407.580     4418.970
   330:     4419.140     4420.890     4420.890     4420.890     4420.900
   335:     4420.900     4420.900     4420.900     4420.900     4420.900
   340:     4424.900     4425.900     4425.900     4426.930     4427.040
   345:     4430.890     4430.890     4430.900     4431.930     4433.110
   350:     4433.160     4460.860     4460.860     4460.860     4460.870
   355:     4460.870     4460.870     4460.870     4460.870     4460.870
   360:     4464.870     4465.870     4465.870     4466.630     4470.160
   365:     4470.190     4470.860     4470.870     4481.530     4517.100
   370:     4601.000     4655.280     4781.550     4781.870     5123.230
   375:     5128.710     5129.450     5861.310     5887.910     5950.650
   380:     6000.020     6043.970     6044.050     6045.750     6158.350
   385:     6158.460     6186.710     6186.980     6205.170     6261.750
   390:     6268.350     6268.930     6269.330     6270.860     6270.870
   395:     6270.870     6270.870     6270.870     6270.870     6270.870
   400:     6274.870     6275.870     6275.870     6280.600     6280.860
   405:     6280.870     6284.670     6285.260     6339.760     6339.940
   410:     6340.600     6341.850     6375.550     6378.500     6542.690
   415:     6546.200     6584.970     6632.430     6678.750     6679.190
   420:     6699.060     6699.060     6699.060     6699.070     6699.070
   425:     6699.070     6699.070     6699.070     6699.070     6701.150
   430:     6701.210     6703.070     6704.070     6704.070     6705.710
   435:     6707.290     6709.060     6709.070     6722.110     6722.110
   440:     6722.110     6722.120     6722.120     6722.120     6722.120
   445:     6722.120     6722.120     6724.220     6724.220     6726.120
   450:     6726.470     6727.120     6727.120     6730.820     6730.960
   455:     6732.110     6732.120     6746.120     6746.200     6771.340
   460:     6771.440     6789.950     6790.040     6811.580     6901.020
   465:     6910.520     6924.110     6924.900     6941.560     6941.630
   470:     6941.760     6942.030     6942.370     6945.160     6946.090
   475:     6946.230     6946.310     6949.170     6949.950     6949.970
   480:     6952.300     6952.450     6957.560     6958.650     6960.810
   485:     6963.590     6966.690     6966.930     6968.830     7025.160
   490:     7040.220     7040.450     7040.920     7074.480     7074.480
   495:     7074.480     7074.480     7074.480     7074.480     7074.480
   500:     7075.970     7078.480     7079.480     7079.480     7081.130
   505:     7081.430     7081.940     7082.620     7082.730     7083.180
   510:     7083.640     7084.470     7084.480     7106.490     7106.790
   515:     7106.970     7113.600     7113.670     7114.920     7116.110
   520:     7119.330     7120.150     7122.150     7123.370     7123.780
   525:     7124.790     7125.700     7134.190     7135.530     7144.610
   530:     7145.700     7146.680     7147.030     7180.530     7180.780
   535:     7205.400     7205.400     7205.400     7205.400     7205.400
   540:     7205.400     7205.400     7209.400     7210.400     7210.400
   545:     7215.390     7215.400     7217.690     7222.380     7223.860
   550:     7230.280     7234.540     7234.920     7235.160     7660.810
   555:     7676.120     7752.700     7757.240     7829.850     7905.940
   560:     8012.070     8013.060     8013.260     8032.210     8060.790
   565:     8083.960     8084.160     8087.110     8088.930     8090.180
   570:     8090.420     8096.650     8096.870     8132.920     8133.240
   575:     8133.350     8133.580     8134.530     8146.500     8166.000
   580:     8199.530     8200.030     8201.550     8204.470     8228.670
   585:     8229.160     8229.290     8231.280     8231.780     8236.160
   590:     8236.840     8238.600     8239.090     8239.260     8247.540
   595:     8247.540     8247.540     8247.550     8247.550     8247.550
   600:     8247.550     8247.550     8247.550     8251.550     8252.370
   605:     8252.550     8252.550     8256.430     8256.500     8256.540
   610:     8257.540     8257.550     8260.330     8267.980     8267.980
   615:     8267.980     8267.990     8267.990     8267.990     8267.990
   620:     8267.990     8267.990     8270.740     8271.990     8272.990
   625:     8272.990     8275.450     8277.980     8277.990     8340.370
   630:     8340.510     8345.880     9514.980     9518.420     9554.010
   635:     9554.360     9572.470     9572.970     9574.010     9580.890
   640:     9642.410     9648.440     9648.440     9648.440     9648.450
   645:     9648.450     9648.450     9648.450     9648.450     9648.450
   650:     9651.520     9652.450     9653.450     9653.450     9655.500
   655:     9658.440     9658.450     9663.970     9664.470     9669.580
   660:     9669.580     9669.580     9669.590     9669.590     9669.590
   665:     9669.590     9669.590     9669.590     9673.590     9673.740
   670:     9673.740     9674.590     9674.590     9674.980     9679.580
   675:     9679.590     9684.870     9692.630     9693.270     9696.090
   680:     9701.050     9707.300     9708.050     9709.090     9712.170
   685:     9712.170     9712.170     9712.180     9712.180     9712.180
   690:     9712.180     9712.180     9712.180     9716.150     9716.180
   695:     9716.230     9717.180     9717.180     9720.930     9722.170
   700:     9722.180     9722.290     9724.260     9739.000     9809.040
   705:     9809.890     9813.270     9813.270     9813.270     9813.280
   710:     9813.280     9813.280     9813.280     9813.280     9813.280
   715:     9815.020     9817.280     9818.280     9818.280     9819.830
   720:     9821.020     9823.270     9823.280     9834.520     9834.520
   725:     9834.520     9834.530     9834.530     9834.530     9834.530
   730:     9834.530     9834.530     9835.180     9835.180     9836.570
   735:     9836.570     9836.820     9836.820     9837.690     9838.530
   740:     9839.530     9839.530     9844.520     9844.530     9846.220
   745:     9846.220     9846.220     9846.230     9846.230     9846.230
   750:     9846.230     9846.230     9846.230     9850.230     9851.230
   755:     9851.230     9855.840     9855.920     9856.220     9856.230
   760:     9864.650     9868.100    10289.420    10343.980    10344.110
   765:    10350.060    10351.860    10352.080    10352.890    10354.160
   770:    10354.250    10371.490    10385.690    10386.100    10643.150
   775:    10800.000
