File: C:\MED-PC\Data\2025-03-04_10h14m_Subject 84.txt


Start Date: 03/04/25
End Date: 03/04/25
Subject: 84
Experiment: OralFentSA
Group: One
Box: 12
Start Time: 10:14:32
End Time: 13:14:39
MSN: 20241014_Golden_Liq_SelfAdmin
F:       0.000
G:     751.000
H:   10800.000
I:       0.000
J:       0.000
K:       0.000
L:       0.000
M:       0.000
N:       0.000
O:       0.000
P:       0.000
Q:       0.000
R:       0.000
S:       0.000
U:       0.000
V:       0.000
W:       0.000
X:       0.000
Y:       0.000
Z:       0.000
A:
     0:        0.000        0.000      180.000        4.000        0.000
     5:        5.000        0.000        5.000        0.000        0.000
    10:        1.000        0.000       10.000     1200.000       20.000
    15:        2.000      640.000        0.000        0.000        0.000
    20:        0.000
B:
     0:        0.000        0.000        0.000      400.000        0.000
     5:      500.000        0.000      500.000        0.000        0.000
    10:        0.000        0.000     1000.000   120000.000        0.000
    15:        0.000        0.000        0.000        0.000        0.000
    20:        0.000
C:
     0:       22.000       23.000        3.000       14.000      444.000
     5:     9704.050        6.910       21.000      277.690       13.223
    10:       14.000        3.000       18.000        0.000        0.000
    15:        0.000        0.000        0.000        0.000        0.000
    20:        0.000
D:
     0:       10.860        9.200       19.850        5.170       15.850
     5:        3.770       17.920        3.430       23.910       10.530
    10:       20.680       11.990       19.270       28.380       10.440
    15:        6.110        0.760        5.050       43.380        4.230
    20:        6.910
E:
     0:       19.000       11.000       26.000       27.000        6.000
     5:        6.000        6.000        6.000        6.000        6.000
    10:        6.000        6.000        6.000        6.000        6.000
    15:        6.000        6.000        6.000        6.000        6.000
    20:        6.000        6.000        6.000        6.000        6.000
    25:        6.000        6.000        6.000        6.000        6.000
    30:        6.000        6.000        6.000        6.000        6.000
    35:        6.000        6.000        6.000        6.000        6.000
    40:        6.000        6.000        6.000        6.000        6.000
    45:        6.000        6.000        6.000        6.000        6.000
    50:        6.000        6.000        6.000        6.000        6.000
    55:        6.000        6.000        6.000        6.000        6.000
    60:        6.000        6.000        6.000        6.000        2.000
    65:        4.000       22.000       24.000       12.000       13.000
    70:        8.000        5.000       17.000       18.000       14.000
    75:       10.000       19.000       11.000        6.000        6.000
    80:        6.000        6.000        6.000        6.000        6.000
    85:        6.000        6.000        6.000        2.000        4.000
    90:       22.000       24.000       12.000       13.000        8.000
    95:        5.000       17.000       21.000       22.000       18.000
   100:       14.000       10.000        6.000       19.000       11.000
   105:        6.000        6.000        2.000        4.000       22.000
   110:       24.000       12.000       13.000        8.000        5.000
   115:       17.000       18.000       14.000       10.000       19.000
   120:       11.000        6.000        1.000        1.000        1.000
   125:        6.000        6.000        6.000        6.000        6.000
   130:        6.000        6.000        6.000        6.000        6.000
   135:        6.000        6.000        6.000        2.000        4.000
   140:       22.000       24.000       12.000       13.000        8.000
   145:        5.000       17.000       21.000       22.000       21.000
   150:       22.000       18.000       14.000       10.000        6.000
   155:       19.000       11.000        6.000        6.000        6.000
   160:        6.000        6.000        6.000        6.000        6.000
   165:        6.000        6.000        6.000        6.000        6.000
   170:        6.000        6.000        6.000        6.000        6.000
   175:        6.000        6.000        6.000        6.000        6.000
   180:        6.000        6.000        6.000        6.000        6.000
   185:        6.000        6.000        6.000        6.000        6.000
   190:        6.000        6.000        6.000        6.000        6.000
   195:        6.000        6.000        6.000        6.000        6.000
   200:        6.000        6.000        6.000        6.000        6.000
   205:        6.000        6.000        6.000        6.000        6.000
   210:        6.000        2.000        4.000       22.000       24.000
   215:       12.000       13.000        8.000        5.000       17.000
   220:       21.000       22.000       21.000       22.000       18.000
   225:       14.000       10.000       19.000       11.000        6.000
   230:        6.000        6.000        6.000        6.000        6.000
   235:        6.000        6.000        6.000        6.000        6.000
   240:        6.000        6.000        6.000        6.000        6.000
   245:        6.000        6.000        6.000        6.000        6.000
   250:        6.000        6.000        6.000        6.000        6.000
   255:        6.000        6.000        6.000        6.000        6.000
   260:        6.000        6.000        6.000        6.000        6.000
   265:        6.000        6.000        6.000        6.000        6.000
   270:       25.000       24.000       12.000       13.000        8.000
   275:        5.000       17.000       18.000       14.000       10.000
   280:       19.000       11.000        2.000        4.000       22.000
   285:       24.000       12.000       13.000        8.000        5.000
   290:       17.000        6.000       18.000       14.000       10.000
   295:       19.000       11.000        6.000        6.000        6.000
   300:        6.000        6.000        6.000        6.000        6.000
   305:        6.000        6.000        6.000        6.000        6.000
   310:        6.000        6.000        6.000        6.000        6.000
   315:        6.000        6.000        6.000        6.000        6.000
   320:        6.000        6.000        6.000        6.000        2.000
   325:        4.000       22.000       24.000       12.000       13.000
   330:        8.000        5.000       17.000       21.000       22.000
   335:       18.000       14.000       10.000       19.000       11.000
   340:        6.000        6.000        6.000        6.000        6.000
   345:        6.000        6.000        6.000        6.000        6.000
   350:        6.000        6.000        6.000        6.000        6.000
   355:        6.000        6.000        6.000        6.000        6.000
   360:        6.000        6.000        6.000        6.000        6.000
   365:        6.000        6.000        6.000        6.000        6.000
   370:        2.000        4.000       22.000       24.000       12.000
   375:       13.000        8.000        5.000       17.000        6.000
   380:        6.000       18.000       14.000       10.000        6.000
   385:        6.000       19.000       11.000        6.000        6.000
   390:        6.000        6.000        6.000        6.000        6.000
   395:        6.000        6.000        6.000        6.000        6.000
   400:        6.000        6.000        6.000        6.000        6.000
   405:        6.000        6.000        6.000        6.000        6.000
   410:        6.000        6.000        6.000        6.000        6.000
   415:        6.000        6.000        6.000        6.000        6.000
   420:        6.000        6.000        6.000        6.000        6.000
   425:        6.000        6.000        6.000        6.000        6.000
   430:        6.000        6.000        6.000        6.000        6.000
   435:        6.000        6.000        6.000        6.000        6.000
   440:        6.000        6.000        6.000        6.000        6.000
   445:        6.000       25.000       24.000       12.000       13.000
   450:        8.000        5.000       17.000       18.000       14.000
   455:       10.000       19.000       11.000        6.000        6.000
   460:        6.000        6.000        6.000        6.000        6.000
   465:        6.000        6.000        6.000        6.000        6.000
   470:        6.000        6.000        6.000        6.000        6.000
   475:        6.000        6.000        6.000        6.000        6.000
   480:        6.000        6.000        6.000        6.000        6.000
   485:        6.000        6.000        6.000        6.000        6.000
   490:        6.000       30.000       24.000       12.000       13.000
   495:        8.000        5.000       17.000       30.000       12.000
   500:       18.000       14.000       10.000       19.000       11.000
   505:        6.000        6.000        6.000        6.000        6.000
   510:        6.000        6.000        6.000        6.000        6.000
   515:        6.000        6.000        6.000        6.000        6.000
   520:        6.000        6.000        6.000        6.000        6.000
   525:        6.000        6.000        6.000        6.000       30.000
   530:       24.000       12.000       13.000        8.000        5.000
   535:       17.000       30.000       12.000       18.000       14.000
   540:       10.000       19.000       11.000        6.000        6.000
   545:        6.000        6.000        6.000        6.000        6.000
   550:        6.000        6.000       30.000       24.000       12.000
   555:       13.000        8.000        5.000       17.000       18.000
   560:       14.000       10.000       19.000       11.000        6.000
   565:        6.000        6.000        6.000        6.000        6.000
   570:        6.000        6.000        6.000        6.000        6.000
   575:        6.000        6.000       30.000       24.000       12.000
   580:       13.000        8.000        5.000       17.000       18.000
   585:       14.000       10.000       19.000       11.000        6.000
   590:        6.000       30.000       24.000       12.000       13.000
   595:        8.000        5.000       17.000       18.000       14.000
   600:       10.000       19.000       11.000        6.000        6.000
   605:       30.000       24.000       12.000       13.000        8.000
   610:        5.000       17.000       30.000       12.000       30.000
   615:       12.000       18.000       14.000       10.000       19.000
   620:       11.000        6.000        6.000        6.000       30.000
   625:       24.000       12.000       13.000        8.000        5.000
   630:       17.000       18.000       14.000       10.000        6.000
   635:        6.000       19.000       11.000       30.000       24.000
   640:       12.000       13.000        8.000        5.000       17.000
   645:        6.000        6.000       18.000       14.000       10.000
   650:       19.000       11.000        6.000       25.000       24.000
   655:       12.000       13.000        8.000        5.000       17.000
   660:       18.000       14.000       10.000        6.000        6.000
   665:       19.000       11.000       25.000       24.000       12.000
   670:       13.000        8.000        5.000       17.000       18.000
   675:       14.000       10.000       19.000       11.000        6.000
   680:        6.000        6.000        6.000        6.000        6.000
   685:        6.000        6.000        6.000        6.000        6.000
   690:       25.000       24.000       12.000       13.000        8.000
   695:        5.000       17.000       18.000        6.000       14.000
   700:       10.000        6.000        6.000        6.000       19.000
   705:       11.000        6.000        6.000        6.000        6.000
   710:        6.000        6.000        6.000        6.000        6.000
   715:        6.000        6.000        6.000        6.000        6.000
   720:        6.000        6.000        6.000        6.000        6.000
   725:       25.000       24.000       12.000       13.000        8.000
   730:        5.000       17.000       18.000       14.000       10.000
   735:        6.000       19.000       11.000        6.000        6.000
   740:        6.000        6.000        6.000        6.000        6.000
   745:        6.000        6.000        6.000        6.000        6.000
   750:        6.000      100.000
T:
     0:        0.000        0.000        0.000        0.000       67.350
     5:       67.820       68.950       68.990       69.360       69.620
    10:       73.280       73.620       73.760       75.190       75.530
    15:       75.550       75.600       75.650       75.790       80.400
    20:       80.780       80.850       80.890       80.940       81.150
    25:       81.190       81.560       81.620       91.550      123.450
    30:      123.510      134.660      134.750      135.380      135.410
    35:      136.800      137.160      137.500      137.780      137.890
    40:      137.980      138.100      138.140      138.180      138.280
    45:      138.820      139.250      139.670      139.900      140.550
    50:      140.780      141.170      187.610      188.030      188.160
    55:      188.210      189.750      190.340      190.490      190.540
    60:      190.630      191.140      216.670      269.480      274.720
    65:      274.720      274.720      274.730      274.730      274.730
    70:      274.730      274.730      274.730      278.730      279.730
    75:      279.730      284.720      284.730      285.590      289.710
    80:      291.050      293.730      294.000      294.450      302.290
    85:      302.370      302.750      305.550      317.310      317.310
    90:      317.310      317.320      317.320      317.320      317.320
    95:      317.320      317.320      317.790      317.790      321.320
   100:      322.320      322.320      326.520      327.310      327.320
   105:      331.170      331.330      346.460      346.460      346.460
   110:      346.470      346.470      346.470      346.470      346.470
   115:      346.470      350.470      351.470      351.470      356.460
   120:      356.470      366.320      394.060      394.620      396.210
   125:      405.930      406.010      440.310      440.720      440.780
   130:      440.870      449.720      449.910      450.540      469.100
   135:      469.760      472.090      482.370      485.100      485.100
   140:      485.100      485.110      485.110      485.110      485.110
   145:      485.110      485.110      485.860      485.860      486.320
   150:      486.320      489.110      490.110      490.110      490.280
   155:      495.100      495.110      495.900      496.390      497.730
   160:      500.640      503.950      525.520      525.670      527.040
   165:      535.980      537.120      538.420      538.940      540.320
   170:      540.410      540.450      540.490      540.720      543.000
   175:      543.030      543.070      543.210      543.240      543.290
   180:      552.120      553.350      553.660      553.740      553.790
   185:      594.330      594.780      594.820      594.860      594.940
   190:      624.240      650.760      677.340      677.550      678.320
   195:      679.870      681.470      684.520      684.600      685.000
   200:      688.710      688.860      689.520      783.430      795.420
   205:      832.900      833.210      833.670      834.210      840.140
   210:      840.450      869.800      869.800      869.800      869.810
   215:      869.810      869.810      869.810      869.810      869.810
   220:      871.370      871.370      871.880      871.880      873.810
   225:      874.810      874.810      879.800      879.810      885.660
   230:      891.460      894.960     1028.240     1038.960     1039.810
   235:     1040.200     1040.390     1041.110     1076.910     1077.710
   240:     1079.010     1091.940     1123.790     1124.330     1139.730
   245:     1392.670     1392.750     1459.170     1459.550     1547.750
   250:     1547.910     1548.910     1550.080     1550.430     1550.560
   255:     1550.700     1824.010     1825.740     1863.090     1864.440
   260:     1920.030     1920.950     1921.080     1978.710     2009.680
   265:     2010.250     2012.110     2018.900     2019.110     2019.540
   270:     2079.800     2079.810     2079.810     2079.810     2079.810
   275:     2079.810     2079.810     2083.810     2084.810     2084.810
   280:     2089.800     2089.810     2114.320     2114.320     2114.320
   285:     2114.330     2114.330     2114.330     2114.330     2114.330
   290:     2114.330     2118.100     2118.330     2119.330     2119.330
   295:     2124.320     2124.330     2127.820     2129.560     2170.860
   300:     2171.080     2171.370     2217.080     2218.030     2230.130
   305:     2230.160     2230.380     2232.000     2285.640     2286.760
   310:     2290.670     2290.690     2323.980     2324.030     2324.380
   315:     2541.670     2542.970     2543.010     2715.950     2716.840
   320:     2716.960     2781.030     2921.000     2921.720     3051.200
   325:     3051.200     3051.200     3051.210     3051.210     3051.210
   330:     3051.210     3051.210     3051.210     3054.340     3054.340
   335:     3055.210     3056.210     3056.210     3061.200     3061.210
   340:     3069.130     3071.440     3076.500     3082.810     3106.920
   345:     3107.310     3108.020     3109.380     3110.810     3110.850
   350:     3116.920     3117.280     3125.350     3125.750     3125.850
   355:     3125.900     3125.940     3126.270     3126.330     3126.550
   360:     3196.740     3197.090     3197.120     3287.700     3288.230
   365:     3288.270     3288.420     3534.410     3535.320     3572.190
   370:     3654.040     3654.040     3654.040     3654.050     3654.050
   375:     3654.050     3654.050     3654.050     3654.050     3657.480
   380:     3657.640     3658.050     3659.050     3659.050     3662.380
   385:     3662.950     3664.040     3664.050     3664.830     3666.300
   390:     3666.820     3667.910     3668.070     3668.260     3712.670
   395:     3713.160     3713.860     3854.500     3857.110     3857.450
   400:     3943.570     3944.330     3944.560     3945.960     3946.560
   405:     3947.000     3984.960     3995.060     3995.800     3996.100
   410:     3998.060     4055.380     4056.530     4115.960     4116.250
   415:     4343.500     4344.890     4345.040     4345.140     4359.170
   420:     4359.390     4359.870     4360.170     4360.460     4360.660
   425:     4458.470     4460.800     4478.610     4478.650     4478.690
   430:     4692.860     4692.950     4693.610     4713.300     4713.420
   435:     4713.790     4714.020     4784.570     4784.840     4785.130
   440:     4785.280     4785.450     4811.280     4811.370     4811.430
   445:     4811.810     4864.040     4864.050     4864.050     4864.050
   450:     4864.050     4864.050     4864.050     4868.050     4869.050
   455:     4869.050     4874.040     4874.050     4887.960     4898.950
   460:     4902.550     4902.870     4902.940     4902.990     4903.040
   465:     4903.860     4959.480     4959.520     4959.560     4959.610
   470:     4959.990     4960.530     4960.580     4960.620     4961.260
   475:     4969.470     4970.040     4970.190     5007.110     5007.870
   480:     5007.910     5009.800     5030.810     5030.910     5030.970
   485:     5031.020     5031.680     5061.070     5075.000     5075.400
   490:     5075.700     5111.840     5111.840     5111.840     5111.840
   495:     5111.840     5111.840     5111.840     5112.150     5112.150
   500:     5115.840     5116.840     5116.840     5121.830     5121.840
   505:     5122.680     5126.920     5127.050     5127.150     5127.530
   510:     5128.430     5128.560     5130.510     5132.440     5132.630
   515:     5158.240     5158.790     5159.550     5160.210     5160.360
   520:     5160.870     5191.880     5194.100     5205.350     5206.740
   525:     5207.620     5208.600     5209.530     5210.030     5228.030
   530:     5228.030     5228.030     5228.030     5228.030     5228.030
   535:     5228.030     5228.090     5228.090     5232.030     5233.030
   540:     5233.030     5238.020     5238.030     5248.770     5256.100
   545:     5258.490     5258.960     5259.060     5259.100     5259.220
   550:     5259.550     5259.650     5301.320     5301.320     5301.320
   555:     5301.320     5301.320     5301.320     5301.320     5305.320
   560:     5306.320     5306.320     5311.310     5311.320     5313.310
   565:     5313.630     5319.440     5324.920     5335.530     5336.420
   570:     5344.080     5345.200     5351.180     5357.720     5359.240
   575:     5361.420     5361.540     5438.950     5438.950     5438.950
   580:     5438.950     5438.950     5438.950     5438.950     5442.950
   585:     5443.950     5443.950     5448.940     5448.950     5458.220
   590:     5462.230     5640.930     5640.930     5640.930     5640.930
   595:     5640.930     5640.930     5640.930     5644.930     5645.930
   600:     5645.930     5650.920     5650.930     5669.310     5669.510
   605:     5681.080     5681.080     5681.080     5681.080     5681.080
   610:     5681.080     5681.080     5681.590     5681.590     5681.630
   615:     5681.630     5685.080     5686.080     5686.080     5691.070
   620:     5691.080     5692.070     5692.140     5692.800     5733.390
   625:     5733.390     5733.390     5733.390     5733.390     5733.390
   630:     5733.390     5737.390     5738.390     5738.390     5739.500
   635:     5739.710     5743.380     5743.390     5777.640     5777.640
   640:     5777.640     5777.640     5777.640     5777.640     5777.640
   645:     5778.400     5779.860     5781.640     5782.640     5782.640
   650:     5787.630     5787.640     5889.970     6074.040     6074.050
   655:     6074.050     6074.050     6074.050     6074.050     6074.050
   660:     6078.050     6079.050     6079.050     6079.100     6079.250
   665:     6084.040     6084.050     7284.040     7284.050     7284.050
   670:     7284.050     7284.050     7284.050     7284.050     7288.050
   675:     7289.050     7289.050     7294.040     7294.050     7327.430
   680:     7330.730     7332.480     7818.180     7822.800     7847.440
   685:     7847.930     7848.070     7920.420     8446.870     8447.810
   690:     8494.040     8494.050     8494.050     8494.050     8494.050
   695:     8494.050     8494.050     8498.050     8498.280     8499.050
   700:     8499.050     8502.300     8502.350     8502.580     8504.040
   705:     8504.050     8558.460     8578.840     8619.750     9206.220
   710:     9206.490     9207.140     9234.530     9290.700     9379.230
   715:     9379.380     9398.050     9439.200     9439.310     9439.540
   720:     9439.970     9440.040     9441.830     9474.780     9488.160
   725:     9704.040     9704.050     9704.050     9704.050     9704.050
   730:     9704.050     9704.050     9708.050     9709.050     9709.050
   735:     9710.960     9714.040     9714.050     9714.260     9829.180
   740:    10116.520    10634.990    10689.850    10689.980    10708.300
   745:    10711.790    10713.960    10714.110    10715.400    10721.650
   750:    10778.440    10800.000
