File: C:\MED-PC\Data\2025-03-03_10h27m_Subject 83.txt


Start Date: 03/03/25
End Date: 03/03/25
Subject: 83
Experiment: OralFentSA
Group: One
Box: 11
Start Time: 10:27:51
End Time: 13:27:58
MSN: 20241014_Golden_Liq_SelfAdmin
F:       0.000
G:     886.000
H:   10800.000
I:       0.000
J:       0.000
K:       0.000
L:       0.000
M:       0.000
N:       0.000
O:       0.000
P:       0.000
Q:       0.000
R:       0.000
S:       0.000
U:       0.000
V:       0.000
W:       0.000
X:       0.000
Y:       0.000
Z:       0.000
A:
     0:        0.000        0.000      180.000        4.000        0.000
     5:        5.000        0.000        5.000        0.000        0.000
    10:        1.000        0.000       10.000      600.000       20.000
    15:        1.000      640.000        0.000        0.000        0.000
    20:        0.000
B:
     0:        0.000        0.000        0.000      400.000        0.000
     5:      500.000        0.000      500.000        0.000        0.000
    10:        0.000        0.000     1000.000    60000.000        0.000
    15:        0.000        0.000        0.000        0.000        0.000
    20:        0.000
C:
     0:       27.000       28.000        7.000       13.000      519.000
     5:    10302.180      303.400       26.000     2026.520       77.943
    10:       13.000        7.000       22.000        0.000        0.000
    15:        0.000        0.000        0.000        0.000        0.000
    20:        0.000
D:
     0:        1.170       39.160       27.210        1.950        5.810
     5:       73.410       25.780        3.770       22.980       53.560
    10:       74.880        2.330        0.780        1.190       30.000
    15:      232.840       31.310        4.570       76.620      143.870
    20:       22.250        2.750      489.710        9.210      346.010
    25:      303.400
E:
     0:       19.000       11.000       26.000       27.000        6.000
     5:        6.000        6.000        6.000        6.000        6.000
    10:        1.000        6.000        6.000        1.000        1.000
    15:        6.000        6.000        6.000        6.000        6.000
    20:        6.000        6.000        6.000        6.000        6.000
    25:        6.000        6.000        6.000        6.000        6.000
    30:        6.000        6.000        6.000        6.000        6.000
    35:        6.000        6.000        6.000        6.000        6.000
    40:        6.000        6.000        6.000        6.000        6.000
    45:        6.000        6.000        6.000        6.000        6.000
    50:        6.000        6.000        6.000        6.000        6.000
    55:        6.000        6.000        6.000        6.000        6.000
    60:        6.000        6.000        6.000        6.000        6.000
    65:        6.000       25.000       24.000       12.000       13.000
    70:        8.000        5.000       17.000        6.000       18.000
    75:       14.000       10.000       19.000       11.000        6.000
    80:        6.000        6.000        6.000        6.000        6.000
    85:        6.000        6.000        6.000        6.000        6.000
    90:        6.000        6.000        6.000        6.000        6.000
    95:        6.000        6.000        6.000        6.000        6.000
   100:        6.000        6.000        6.000        6.000        6.000
   105:        6.000        6.000        6.000        6.000        6.000
   110:        6.000        6.000        6.000        6.000        6.000
   115:        6.000        6.000        6.000        6.000        6.000
   120:        6.000        6.000        6.000        6.000        6.000
   125:        6.000        6.000        6.000        6.000        6.000
   130:        6.000        6.000        6.000        6.000        6.000
   135:        6.000        6.000        6.000        6.000        6.000
   140:        6.000        6.000        6.000        6.000        1.000
   145:        2.000        4.000       22.000       24.000       12.000
   150:       13.000        8.000        5.000       17.000       18.000
   155:       21.000       22.000       14.000       10.000       19.000
   160:       11.000        2.000        4.000       22.000       24.000
   165:       12.000       13.000        8.000        5.000       17.000
   170:       18.000       14.000       10.000       19.000       11.000
   175:        6.000        6.000        6.000        6.000        6.000
   180:        6.000        6.000        6.000        6.000        6.000
   185:        6.000        6.000        6.000        6.000        6.000
   190:        6.000        6.000        6.000        6.000        6.000
   195:        6.000        6.000        6.000        6.000        6.000
   200:        6.000        6.000        6.000        6.000        2.000
   205:        4.000       22.000       24.000       12.000       13.000
   210:        8.000        5.000       17.000       21.000       22.000
   215:       18.000       14.000       10.000       21.000       22.000
   220:       19.000       11.000        6.000        6.000        6.000
   225:        6.000        6.000        6.000        6.000        6.000
   230:        6.000        6.000        6.000        6.000        6.000
   235:        6.000        6.000        6.000        6.000        6.000
   240:        6.000        6.000        6.000        6.000        6.000
   245:        6.000        6.000        6.000        6.000        6.000
   250:        6.000        6.000        6.000        6.000        6.000
   255:        6.000        6.000        6.000        6.000        6.000
   260:        6.000        6.000        6.000        6.000        6.000
   265:        6.000        6.000        6.000        6.000        6.000
   270:        6.000        1.000        1.000        1.000        6.000
   275:        6.000        6.000        6.000        6.000        6.000
   280:        6.000        6.000        6.000        6.000        2.000
   285:        4.000       22.000       24.000       12.000       13.000
   290:        8.000        5.000       17.000        6.000        6.000
   295:        6.000       18.000       14.000       10.000       21.000
   300:       22.000       19.000       11.000        6.000        6.000
   305:        6.000        6.000        6.000        6.000        6.000
   310:        6.000        6.000        6.000        6.000        6.000
   315:        2.000        4.000       22.000       24.000       12.000
   320:       13.000        8.000        5.000       17.000       21.000
   325:       22.000       18.000       14.000       10.000        6.000
   330:       19.000       11.000        6.000        6.000        6.000
   335:        6.000        2.000        4.000       22.000       24.000
   340:       12.000       13.000        8.000        5.000       17.000
   345:       18.000       14.000       10.000       19.000       11.000
   350:        6.000        6.000        6.000        6.000        6.000
   355:        6.000        6.000        6.000        6.000        6.000
   360:        6.000        6.000        6.000        6.000        6.000
   365:        6.000        6.000       25.000       24.000       12.000
   370:       13.000        8.000        5.000       17.000       18.000
   375:       14.000       10.000       19.000       11.000        6.000
   380:        6.000        6.000        6.000        6.000        6.000
   385:        6.000        6.000        6.000        6.000        6.000
   390:        6.000        6.000        6.000        6.000        6.000
   395:        6.000        6.000        6.000        6.000        6.000
   400:        6.000        6.000        6.000        6.000        6.000
   405:        6.000        6.000        6.000        6.000        6.000
   410:        6.000        6.000        6.000        6.000        6.000
   415:        6.000        6.000        6.000        6.000        6.000
   420:        6.000        6.000        6.000        6.000        6.000
   425:        6.000        6.000        6.000       25.000       24.000
   430:       12.000       13.000        8.000        5.000       17.000
   435:        6.000       18.000       14.000       10.000       19.000
   440:       11.000        6.000        6.000        6.000        6.000
   445:        6.000        6.000        6.000        6.000        6.000
   450:        6.000        6.000        6.000        6.000        6.000
   455:       25.000       24.000       12.000       13.000        8.000
   460:        5.000       17.000       18.000       14.000       10.000
   465:       19.000       11.000        6.000        6.000        6.000
   470:        6.000        6.000        6.000        6.000        6.000
   475:        6.000        6.000        6.000        6.000        6.000
   480:        6.000        6.000        6.000        6.000        6.000
   485:        6.000        6.000        6.000        6.000        6.000
   490:        6.000        6.000       25.000       24.000       12.000
   495:       13.000        8.000        5.000       17.000       18.000
   500:       14.000       10.000       19.000       11.000        6.000
   505:        6.000        6.000        6.000        6.000        6.000
   510:        6.000        6.000        6.000        6.000        6.000
   515:        6.000        6.000        6.000        6.000        6.000
   520:        6.000        6.000        6.000        6.000        6.000
   525:        6.000        6.000        6.000        6.000        6.000
   530:        6.000        6.000       25.000       24.000       12.000
   535:       13.000        8.000        5.000       17.000       18.000
   540:       14.000       10.000       19.000       11.000        6.000
   545:        6.000        6.000        6.000        6.000        6.000
   550:        6.000        6.000        6.000        6.000        6.000
   555:        6.000        6.000        6.000        6.000        6.000
   560:       30.000       24.000       12.000       13.000        8.000
   565:        5.000       17.000        6.000       18.000       14.000
   570:       10.000       19.000       11.000       30.000       24.000
   575:       12.000       13.000        8.000        5.000       17.000
   580:       30.000       12.000       30.000       12.000       30.000
   585:       12.000        6.000       18.000       14.000       10.000
   590:       19.000       11.000       30.000       24.000       12.000
   595:       13.000        8.000        5.000       17.000        6.000
   600:       18.000       14.000       10.000        6.000       19.000
   605:       11.000       30.000       24.000       12.000       13.000
   610:        8.000        5.000       17.000       18.000       14.000
   615:       10.000       19.000       11.000        6.000        6.000
   620:        6.000        6.000        6.000       25.000       24.000
   625:       12.000       13.000        8.000        5.000       17.000
   630:       18.000       14.000       10.000       19.000       11.000
   635:        6.000        6.000        6.000       25.000       24.000
   640:       12.000       13.000        8.000        5.000       17.000
   645:       18.000       14.000       10.000       19.000       11.000
   650:        6.000        6.000       25.000       24.000       12.000
   655:       13.000        8.000        5.000       17.000       18.000
   660:        6.000       14.000       10.000       19.000       11.000
   665:        6.000        6.000        6.000        6.000        6.000
   670:        6.000        6.000        6.000        6.000       25.000
   675:       24.000       12.000       13.000        8.000        5.000
   680:       17.000       18.000       14.000       10.000       19.000
   685:       11.000        6.000        6.000        6.000        6.000
   690:        6.000        6.000       25.000       24.000       12.000
   695:       13.000        8.000        5.000       17.000       18.000
   700:       14.000       10.000       19.000       11.000        6.000
   705:        6.000        6.000        6.000        6.000        6.000
   710:        6.000        6.000        6.000        6.000        6.000
   715:        6.000        6.000        6.000        6.000        6.000
   720:        6.000        6.000        6.000        6.000        6.000
   725:        6.000        6.000        6.000        6.000        6.000
   730:        6.000        6.000        6.000        2.000        4.000
   735:       22.000       24.000       12.000       13.000        8.000
   740:        5.000       17.000       18.000       14.000       10.000
   745:       19.000       11.000        6.000        6.000        6.000
   750:        6.000        6.000        6.000        6.000        6.000
   755:        2.000        4.000       22.000       24.000       12.000
   760:       13.000        8.000        5.000       17.000        6.000
   765:        6.000        6.000        6.000       18.000       14.000
   770:       10.000        6.000       19.000       11.000        6.000
   775:        6.000        6.000        6.000        6.000        6.000
   780:        6.000        6.000        6.000        6.000        6.000
   785:        6.000        6.000        6.000       25.000       24.000
   790:       12.000       13.000        8.000        5.000       17.000
   795:       18.000       14.000       10.000       19.000       11.000
   800:        6.000        6.000       25.000       24.000       12.000
   805:       13.000        8.000        5.000       17.000       18.000
   810:       14.000       10.000        6.000       19.000       11.000
   815:        6.000        6.000        6.000        6.000        6.000
   820:        6.000        6.000        6.000        6.000        6.000
   825:        6.000        6.000        6.000        6.000        6.000
   830:        6.000        6.000        6.000        6.000        6.000
   835:       25.000       24.000       12.000       13.000        8.000
   840:        5.000       17.000       18.000       14.000       10.000
   845:       19.000       11.000        6.000        6.000        6.000
   850:        6.000        6.000        6.000        6.000        6.000
   855:        6.000        6.000        6.000        6.000        6.000
   860:        6.000        6.000        6.000        6.000        6.000
   865:        6.000        6.000       25.000       24.000       12.000
   870:       13.000        8.000        5.000       17.000       18.000
   875:       14.000       10.000       19.000       11.000        6.000
   880:        6.000        6.000        6.000        6.000        6.000
   885:        6.000      100.000
T:
     0:        0.000        0.000        0.000        0.000        4.840
     5:        7.180       10.710       12.530       79.800       81.300
    10:      152.220      221.250      222.700      229.490      230.310
    15:      342.210      342.730      343.250      343.280      343.330
    20:      343.400      343.590      344.890      370.630      375.350
    25:      376.150      376.220      420.370      421.020      421.300
    30:      421.940      422.060      422.980      423.200      423.460
    35:      424.450      424.900      425.360      425.830      428.030
    40:      433.640      444.080      447.410      449.380      451.450
    45:      451.660      455.590      513.060      514.130      514.150
    50:      515.590      515.650      516.580      516.740      518.770
    55:      520.180      521.060      521.310      521.620      521.650
    60:      521.830      593.830      593.930      594.020      594.100
    65:      594.140      599.990      600.000      600.000      600.000
    70:      600.000      600.000      600.000      601.170      604.000
    75:      605.000      605.000      609.990      610.000      610.660
    80:      622.760      629.710      634.060      634.700      640.280
    85:      640.370      640.460      640.530      640.650      640.730
    90:      640.820      640.890      640.970      641.070      641.160
    95:      641.260      641.350      642.340      643.410      647.740
   100:      649.560      650.780      651.240      653.230      654.340
   105:      654.450      658.310      664.030      664.850      666.990
   110:      668.120      668.310      668.620      669.210      669.320
   115:      669.380      669.620      669.950      670.090      670.180
   120:      670.220      670.990      671.040      671.280      671.510
   125:      701.040      701.140      709.320      709.440      709.810
   130:      714.910      810.100      811.420      811.570      811.620
   135:      812.980      814.170      814.380      815.740      816.450
   140:      817.070      817.610      818.020      818.830      828.940
   145:      847.300      847.300      847.300      847.310      847.310
   150:      847.310      847.310      847.310      847.310      851.310
   155:      851.320      851.320      852.310      852.310      857.300
   160:      857.310      868.720      868.720      868.720      868.730
   165:      868.730      868.730      868.730      868.730      868.730
   170:      872.730      873.730      873.730      878.720      878.730
   175:      907.890      912.200      915.210      915.750      915.870
   180:      916.490      921.190      927.940      932.560      932.630
   185:      932.690      935.390      935.820      940.010      951.310
   190:      969.570      977.330      977.680      978.130      978.190
   195:      978.260      978.400      978.830      979.140      979.330
   200:      989.350      989.370      989.810      993.090     1000.020
   205:     1000.020     1000.020     1000.030     1000.030     1000.030
   210:     1000.030     1000.030     1000.030     1003.040     1003.040
   215:     1004.030     1005.030     1005.030     1006.230     1006.230
   220:     1010.020     1010.030     1027.240     1035.860     1037.390
   225:     1037.830     1043.660     1062.410     1063.280     1063.480
   230:     1063.550     1063.590     1063.790     1063.900     1064.040
   235:     1065.000     1065.080     1066.340     1066.970     1067.600
   240:     1071.810     1073.440     1073.550     1074.750     1075.150
   245:     1075.170     1075.510     1076.560     1076.620     1076.770
   250:     1077.380     1105.350     1106.320     1106.500     1107.230
   255:     1107.480     1107.550     1107.730     1108.270     1108.350
   260:     1109.480     1110.680     1110.720     1155.480     1156.250
   265:     1156.430     1160.280     1160.350     1160.790     1163.860
   270:     1168.230     1174.750     1177.690     1180.300     1309.210
   275:     1310.160     1310.200     1310.550     1313.410     1313.490
   280:     1314.820     1341.780     1342.600     1342.910     1356.210
   285:     1356.210     1356.210     1356.220     1356.220     1356.220
   290:     1356.220     1356.220     1356.220     1358.170     1358.260
   295:     1358.380     1360.220     1361.220     1361.220     1362.760
   300:     1362.760     1366.210     1366.220     1370.060     1375.420
   305:     1375.500     1376.460     1376.670     1377.630     1377.770
   310:     1378.690     1378.950     1379.190     1379.560     1400.920
   315:     1452.330     1452.330     1452.330     1452.340     1452.340
   320:     1452.340     1452.340     1452.340     1452.340     1453.260
   325:     1453.260     1456.340     1457.340     1457.340     1458.150
   330:     1462.330     1462.340     1463.690     1464.460     1470.480
   335:     1470.690     1480.400     1480.400     1480.400     1480.410
   340:     1480.410     1480.410     1480.410     1480.410     1480.410
   345:     1484.410     1485.410     1485.410     1490.400     1490.410
   350:     1553.820     1599.920     1602.950     1604.180     1604.690
   355:     1605.240     1637.190     1640.750     1658.010     1658.450
   360:     1659.190     1719.970     1720.860     1720.920     1720.960
   365:     1722.460     1727.280     2090.400     2090.410     2090.410
   370:     2090.410     2090.410     2090.410     2090.410     2094.410
   375:     2095.410     2095.410     2100.400     2100.410     2116.190
   380:     2121.770     2125.070     2125.110     2145.820     2147.330
   385:     2149.980     2181.820     2247.050     2286.640     2287.100
   390:     2287.280     2288.170     2288.350     2288.430     2288.540
   395:     2297.290     2300.210     2302.560     2306.580     2346.160
   400:     2346.280     2374.380     2375.120     2375.290     2376.230
   405:     2376.450     2376.520     2434.480     2435.030     2435.860
   410:     2473.390     2501.780     2502.920     2538.590     2541.080
   415:     2546.080     2546.150     2548.290     2615.690     2616.730
   420:     2621.110     2626.870     2628.700     2629.520     2630.160
   425:     2631.470     2634.560     2651.000     2700.400     2700.410
   430:     2700.410     2700.410     2700.410     2700.410     2700.410
   435:     2704.180     2704.410     2705.410     2705.410     2710.400
   440:     2710.410     2711.650     2712.170     2713.150     2732.330
   445:     2733.930     2822.380     2884.920     2932.290     2934.760
   450:     3004.980     3005.360     3005.810     3259.780     3273.930
   455:     3310.400     3310.410     3310.410     3310.410     3310.410
   460:     3310.410     3310.410     3314.410     3315.410     3315.410
   465:     3320.400     3320.410     3333.390     3333.760     3333.910
   470:     3336.370     3406.500     3467.680     3611.820     3718.270
   475:     3792.980     3794.090     3794.210     3794.360     3794.470
   480:     3794.690     3794.750     3794.850     3795.780     3797.420
   485:     3799.910     3800.600     3801.480     3802.020     3802.120
   490:     3802.210     3802.320     3920.400     3920.410     3920.410
   495:     3920.410     3920.410     3920.410     3920.410     3924.410
   500:     3925.410     3925.410     3930.400     3930.410     3973.970
   505:     3987.900     3988.080     3992.670     4005.970     4008.290
   510:     4017.860     4090.360     4090.750     4178.480     4179.560
   515:     4228.260     4234.840     4235.250     4235.720     4236.440
   520:     4236.480     4240.010     4240.110     4240.180     4240.230
   525:     4240.290     4240.430     4333.610     4364.760     4364.930
   530:     4366.050     4366.790     4530.400     4530.410     4530.410
   535:     4530.410     4530.410     4530.410     4530.410     4534.410
   540:     4535.410     4535.410     4540.400     4540.410     4605.290
   545:     4605.850     4612.820     4654.910     4678.530     4680.300
   550:     4738.970     4739.170     4739.530     4739.720     4739.960
   555:     4752.260     4752.390     4753.200     4755.550     4827.340
   560:     4827.660     4827.660     4827.660     4827.660     4827.660
   565:     4827.660     4827.660     4829.990     4831.660     4832.660
   570:     4832.660     4837.650     4837.660     4865.050     4865.050
   575:     4865.050     4865.050     4865.050     4865.050     4865.050
   580:     4865.530     4865.530     4865.750     4865.750     4865.810
   585:     4865.810     4866.590     4869.050     4870.050     4870.050
   590:     4875.040     4875.050     4885.440     4885.440     4885.440
   595:     4885.440     4885.440     4885.440     4885.440     4886.630
   600:     4889.440     4890.440     4890.440     4891.990     4895.430
   605:     4895.440     4977.440     4977.440     4977.440     4977.440
   610:     4977.440     4977.440     4977.440     4981.440     4982.440
   615:     4982.440     4987.430     4987.440     5007.440     5008.320
   620:     5008.620     5034.800     5131.180     5140.400     5140.410
   625:     5140.410     5140.410     5140.410     5140.410     5140.410
   630:     5144.410     5145.410     5145.410     5150.400     5150.410
   635:     5373.250     5436.370     5493.370     5750.400     5750.410
   640:     5750.410     5750.410     5750.410     5750.410     5750.410
   645:     5754.410     5755.410     5755.410     5760.400     5760.410
   650:     5781.720     6068.320     6360.400     6360.410     6360.410
   655:     6360.410     6360.410     6360.410     6360.410     6364.410
   660:     6364.980     6365.410     6365.410     6370.400     6370.410
   665:     6387.980     6396.520     6397.640     6399.060     6488.120
   670:     6573.880     6574.410     6574.700     6717.080     6970.400
   675:     6970.410     6970.410     6970.410     6970.410     6970.410
   680:     6970.410     6974.410     6975.410     6975.410     6980.400
   685:     6980.410     7047.030     7047.440     7061.200     7061.370
   690:     7163.640     7324.610     7580.400     7580.410     7580.410
   695:     7580.410     7580.410     7580.410     7580.410     7584.410
   700:     7585.410     7585.410     7590.400     7590.410     7724.280
   705:     7738.140     7738.200     7738.600     7738.860     7739.920
   710:     7739.990     7743.480     7743.820     7746.600     7746.640
   715:     7746.670     7746.780     7746.900     7747.140     7747.230
   720:     7753.760     7755.470     7755.640     7755.660     7755.930
   725:     7756.110     7756.330     7757.230     7762.850     7763.840
   730:     7769.990     7770.560     7771.030     7776.760     7776.760
   735:     7776.760     7776.770     7776.770     7776.770     7776.770
   740:     7776.770     7776.770     7780.770     7781.770     7781.770
   745:     7786.760     7786.770     7799.020     7801.330     7801.850
   750:     7802.490     7803.040     7816.290     7824.270     7826.700
   755:     7862.170     7862.170     7862.170     7862.180     7862.180
   760:     7862.180     7862.180     7862.180     7862.180     7864.930
   765:     7864.980     7865.490     7866.140     7866.180     7867.180
   770:     7867.180     7870.980     7872.170     7872.180     7936.870
   775:     7961.060     8018.450     8033.240     8050.090     8067.050
   780:     8076.520     8081.300     8096.390     8099.570     8099.640
   785:     8215.500     8216.130     8337.750     8472.170     8472.180
   790:     8472.180     8472.180     8472.180     8472.180     8472.180
   795:     8476.180     8477.180     8477.180     8482.170     8482.180
   800:     8961.890     8964.680     9082.170     9082.180     9082.180
   805:     9082.180     9082.180     9082.180     9082.180     9086.180
   810:     9087.180     9087.180     9091.390     9092.170     9092.180
   815:     9097.110     9098.840     9104.810     9139.090     9193.180
   820:     9193.930     9200.130     9200.640     9201.080     9202.170
   825:     9202.960     9203.450     9206.270     9208.480     9210.700
   830:     9212.150     9212.630     9214.010     9305.220     9306.370
   835:     9692.170     9692.180     9692.180     9692.180     9692.180
   840:     9692.180     9692.180     9696.180     9697.180     9697.180
   845:     9702.170     9702.180    10038.190    10053.430    10054.440
   850:    10055.540    10055.780    10055.830    10056.070    10058.240
   855:    10108.220    10108.270    10150.590    10151.520    10153.670
   860:    10155.510    10156.470    10157.510    10167.190    10168.350
   865:    10170.230    10174.860    10302.170    10302.180    10302.180
   870:    10302.180    10302.180    10302.180    10302.180    10306.180
   875:    10307.180    10307.180    10312.170    10312.180    10605.580
   880:    10608.800    10609.250    10609.340    10614.460    10621.170
   885:    10674.800    10800.000
