File: C:\MED-PC\Data\2025-03-04_13h36m_Subject 92.txt


Start Date: 03/04/25
End Date: 03/04/25
Subject: 92
Experiment: OralFentSA
Group: One
Box: 9
Start Time: 13:36:47
End Time: 16:36:59
MSN: 20241014_Golden_Liq_SelfAdmin
F:       0.000
G:     865.000
H:   10800.000
I:       0.000
J:       0.000
K:       0.000
L:       0.000
M:       0.000
N:       0.000
O:       0.000
P:       0.000
Q:       0.000
R:       0.000
S:       0.000
U:       0.000
V:       0.000
W:       0.000
X:       0.000
Y:       0.000
Z:       0.000
A:
     0:        0.000        0.000      180.000        4.000        0.000
     5:        5.000        0.000        5.000        0.000        0.000
    10:        1.000        0.000       10.000     1200.000       16.000
    15:        2.000      640.000        0.000        0.000        0.000
    20:        0.000
B:
     0:        0.000        0.000        0.000      400.000        0.000
     5:      500.000        0.000      500.000        0.000        0.000
    10:        0.000        0.000     1000.000   120000.000        0.000
    15:        0.000        0.000        0.000        0.000        0.000
    20:        0.000
C:
     0:       16.000       16.000        2.000        4.000      646.000
     5:     9860.190      275.450       15.000      612.740       40.849
    10:        4.000        2.000       23.000        0.000        0.000
    15:        0.000        0.000        0.000        0.000        0.000
    20:        0.000
D:
     0:        3.860       13.470       28.640       19.450       16.950
     5:        8.300        4.280        2.510        8.320        0.660
    10:        1.390       91.530       75.440       62.490      275.450
E:
     0:       19.000       11.000       26.000       27.000        6.000
     5:        6.000        6.000        6.000        6.000        6.000
    10:        6.000        6.000        6.000        6.000        6.000
    15:        6.000        6.000        6.000        6.000        6.000
    20:        6.000        6.000        6.000        6.000        6.000
    25:        6.000        6.000        6.000        6.000        6.000
    30:        6.000        6.000        6.000        6.000        6.000
    35:        6.000        6.000        6.000        6.000        6.000
    40:        6.000        6.000        6.000        6.000        6.000
    45:        6.000        6.000        6.000        6.000        6.000
    50:        6.000        6.000        6.000        6.000        6.000
    55:        6.000        6.000        6.000       25.000       24.000
    60:       12.000       13.000        8.000        5.000       17.000
    65:        6.000       18.000       14.000       10.000        6.000
    70:        6.000       19.000       11.000        6.000        6.000
    75:        6.000        6.000        6.000        6.000        6.000
    80:        6.000        6.000        6.000        6.000        6.000
    85:        6.000        6.000        6.000        6.000        6.000
    90:        6.000        6.000        6.000        6.000        6.000
    95:        6.000        6.000        6.000        6.000        6.000
   100:        6.000        6.000        6.000        6.000        6.000
   105:        6.000        6.000        6.000        6.000        6.000
   110:        6.000        6.000        6.000        6.000        6.000
   115:        6.000        6.000        6.000        6.000        6.000
   120:        6.000        6.000        6.000        6.000        6.000
   125:        6.000        6.000        6.000        6.000        6.000
   130:        6.000        6.000        6.000       25.000       24.000
   135:       12.000       13.000        8.000        5.000       17.000
   140:       18.000       14.000       10.000       19.000       11.000
   145:        6.000        6.000        6.000        6.000        6.000
   150:        6.000        6.000        6.000        6.000        6.000
   155:        6.000        6.000        6.000        6.000        6.000
   160:        6.000        6.000        6.000        6.000        6.000
   165:        6.000        6.000        6.000        6.000        6.000
   170:        6.000        6.000        6.000        6.000        6.000
   175:        6.000        6.000        6.000        6.000        6.000
   180:        6.000        6.000        6.000        6.000        6.000
   185:        6.000        6.000        6.000        6.000        6.000
   190:        6.000        6.000       25.000       24.000       12.000
   195:       13.000        8.000        5.000       17.000       18.000
   200:       14.000       10.000       19.000       11.000        6.000
   205:        6.000        6.000        6.000        6.000        6.000
   210:        6.000        6.000        6.000        6.000        6.000
   215:        6.000        6.000        6.000        6.000        6.000
   220:        6.000        6.000        6.000        6.000        6.000
   225:        6.000        6.000        6.000        6.000        6.000
   230:        6.000        6.000        6.000        6.000        6.000
   235:        6.000        6.000        6.000        6.000        6.000
   240:        6.000        6.000        6.000        6.000        6.000
   245:        6.000        6.000        6.000        6.000        6.000
   250:        6.000        6.000        6.000        6.000        6.000
   255:        6.000        6.000        6.000        6.000        6.000
   260:        6.000        6.000        6.000        6.000        6.000
   265:        6.000        1.000        6.000        6.000        6.000
   270:        6.000        6.000        6.000        6.000        6.000
   275:        6.000        6.000        6.000        6.000        6.000
   280:        6.000        6.000        6.000        6.000       25.000
   285:       24.000       12.000       13.000        8.000        5.000
   290:       17.000       18.000       14.000       10.000       19.000
   295:       11.000        6.000        6.000        6.000        6.000
   300:        6.000        6.000        6.000        6.000        6.000
   305:        6.000        6.000        6.000        6.000        6.000
   310:        6.000        6.000        6.000        6.000        1.000
   315:        6.000        6.000        6.000        6.000        6.000
   320:        6.000        6.000        6.000        6.000        6.000
   325:        6.000        6.000        6.000        6.000        6.000
   330:        6.000        6.000        6.000        6.000        6.000
   335:        6.000        6.000        6.000        6.000        6.000
   340:        6.000        6.000        6.000        6.000        6.000
   345:        6.000        6.000        6.000        6.000        6.000
   350:        6.000        6.000        6.000        6.000        6.000
   355:        6.000        6.000        6.000        6.000        6.000
   360:        6.000        6.000        6.000        6.000        6.000
   365:        6.000        6.000        6.000        6.000        6.000
   370:        6.000        6.000        6.000        6.000        6.000
   375:        6.000        6.000        6.000        6.000        6.000
   380:        6.000        6.000        6.000        6.000        6.000
   385:        6.000        6.000        6.000       25.000       24.000
   390:       12.000       13.000        8.000        5.000       17.000
   395:       18.000       14.000       10.000       19.000       11.000
   400:        6.000        6.000        6.000        6.000        6.000
   405:        6.000        6.000        6.000        6.000        6.000
   410:        6.000        6.000        6.000        6.000        6.000
   415:        6.000        6.000        6.000        6.000        6.000
   420:        6.000        6.000        6.000        6.000        6.000
   425:        6.000        6.000        6.000        6.000        6.000
   430:        6.000        6.000        6.000        6.000        6.000
   435:        6.000        6.000        6.000        6.000        6.000
   440:        6.000        6.000        6.000        6.000        6.000
   445:        6.000        6.000        6.000        6.000        6.000
   450:        6.000        6.000        6.000        6.000        6.000
   455:        6.000        6.000        6.000        6.000        6.000
   460:        6.000        6.000        6.000        6.000        6.000
   465:        6.000        6.000        6.000        6.000        6.000
   470:        6.000        6.000        6.000        6.000        6.000
   475:        6.000        6.000        6.000        6.000        6.000
   480:        6.000        6.000        6.000        6.000        6.000
   485:        6.000        6.000        6.000        6.000        6.000
   490:        6.000        6.000        6.000        6.000        6.000
   495:        6.000        6.000        6.000        6.000        6.000
   500:        6.000        6.000        6.000        6.000        6.000
   505:        6.000        6.000        6.000        6.000        6.000
   510:        6.000        6.000        6.000        6.000        6.000
   515:        6.000        6.000        6.000        6.000        6.000
   520:        6.000        6.000        6.000        6.000        6.000
   525:        6.000        6.000        6.000        6.000        6.000
   530:        6.000        6.000        6.000        6.000        6.000
   535:        6.000        6.000        6.000        6.000        6.000
   540:        6.000        6.000        6.000        6.000        6.000
   545:        6.000        6.000        6.000        6.000        6.000
   550:        6.000        6.000        6.000        6.000       25.000
   555:       24.000       12.000       13.000        8.000        5.000
   560:       17.000       21.000       22.000       18.000       14.000
   565:       10.000        6.000       19.000       11.000        6.000
   570:        6.000        6.000        6.000        6.000        6.000
   575:        6.000        6.000        6.000        6.000        6.000
   580:        6.000        6.000        6.000        2.000        4.000
   585:       22.000       24.000       12.000       13.000        8.000
   590:        5.000       17.000       21.000       22.000       21.000
   595:       22.000       18.000        6.000        6.000       14.000
   600:       10.000       19.000       11.000        6.000        6.000
   605:        6.000        6.000        6.000        6.000        6.000
   610:        6.000        6.000        6.000        6.000        6.000
   615:        6.000        6.000        6.000        6.000        6.000
   620:        6.000        6.000        6.000        6.000        6.000
   625:        6.000        6.000        6.000        6.000        6.000
   630:        6.000        6.000        6.000        6.000        6.000
   635:        6.000        6.000        6.000        6.000        6.000
   640:        6.000        6.000        6.000        6.000        6.000
   645:        6.000        6.000        6.000        6.000        6.000
   650:        6.000        6.000        6.000        6.000        6.000
   655:        6.000        6.000        6.000        6.000        6.000
   660:        6.000        6.000        6.000        6.000        6.000
   665:        6.000        6.000        6.000        6.000        6.000
   670:        6.000        6.000        6.000        6.000        6.000
   675:        6.000        6.000        6.000        6.000        6.000
   680:        6.000        6.000        6.000        6.000        6.000
   685:        6.000        6.000        6.000        6.000        6.000
   690:        6.000        6.000        6.000        6.000        6.000
   695:        6.000        6.000        6.000        6.000        6.000
   700:        6.000        6.000        6.000        6.000        6.000
   705:        6.000       30.000       24.000       12.000       13.000
   710:        8.000        5.000       17.000        6.000       18.000
   715:       14.000       10.000        6.000       19.000       11.000
   720:        6.000        6.000        6.000       30.000       24.000
   725:       12.000       13.000        8.000        5.000       17.000
   730:       18.000       14.000       10.000        6.000       19.000
   735:       11.000        6.000        6.000        6.000        6.000
   740:        6.000       30.000       24.000       12.000       13.000
   745:        8.000        5.000       17.000        6.000       18.000
   750:       14.000       10.000       25.000       12.000       13.000
   755:        8.000        5.000       17.000       19.000       11.000
   760:        6.000       18.000       14.000       10.000        6.000
   765:        6.000       30.000       24.000       12.000       13.000
   770:        8.000        5.000       17.000       30.000       12.000
   775:       30.000       12.000       30.000       12.000       30.000
   780:       12.000       30.000       12.000       30.000       12.000
   785:       30.000       12.000       30.000       12.000       18.000
   790:       14.000       10.000       19.000       11.000        6.000
   795:       30.000       24.000       12.000       13.000        8.000
   800:        5.000       17.000       18.000       14.000       10.000
   805:       19.000       11.000        6.000        6.000       30.000
   810:       24.000       12.000       13.000        8.000        5.000
   815:       17.000       18.000       14.000       10.000       19.000
   820:       11.000       30.000       24.000       12.000       13.000
   825:        8.000        5.000       17.000       18.000       14.000
   830:       10.000       19.000       11.000        6.000        6.000
   835:        6.000        6.000        6.000        6.000        6.000
   840:        6.000        6.000       25.000       24.000       12.000
   845:       13.000        8.000        5.000       17.000       18.000
   850:       14.000       10.000       19.000       11.000        6.000
   855:        6.000        6.000        6.000        6.000        6.000
   860:        6.000        6.000        6.000        6.000        6.000
   865:      100.000
T:
     0:        0.000        0.000        0.000        0.000       74.710
     5:       78.510       78.890       84.390       86.560      155.160
    10:      172.310      210.730      252.390      258.530      261.800
    15:      289.510      290.440      375.060      492.380      496.150
    20:      500.070      503.210      533.580      579.580      639.260
    25:      700.460      707.020      792.680      794.340      801.320
    30:      839.640      873.180      873.450      879.630      908.470
    35:      908.650      913.890      917.600      932.370      971.190
    40:      971.380      998.520     1005.840     1061.020     1071.800
    45:     1084.640     1085.210     1086.670     1087.550     1087.610
    50:     1088.600     1088.980     1104.130     1134.880     1140.560
    55:     1140.950     1141.230     1143.690     1199.990     1200.000
    60:     1200.000     1200.000     1200.000     1200.000     1200.000
    65:     1203.860     1204.000     1205.000     1205.000     1207.040
    70:     1207.260     1209.990     1210.000     1213.890     1217.450
    75:     1217.600     1220.960     1221.170     1221.610     1228.680
    80:     1239.040     1245.360     1253.920     1256.000     1263.920
    85:     1268.130     1273.010     1280.600     1297.200     1297.750
    90:     1310.260     1327.410     1342.300     1342.950     1363.640
    95:     1370.360     1381.630     1393.890     1450.690     1470.900
   100:     1472.230     1489.180     1501.840     1510.080     1596.350
   105:     1600.840     1610.110     1778.560     1910.840     1967.170
   110:     1997.360     2016.420     2016.800     2035.020     2043.880
   115:     2051.750     2082.640     2093.600     2093.950     2104.640
   120:     2154.880     2155.160     2156.000     2170.190     2170.290
   125:     2178.960     2180.360     2185.380     2199.300     2288.730
   130:     2289.090     2289.430     2391.860     2409.990     2410.000
   135:     2410.000     2410.000     2410.000     2410.000     2410.000
   140:     2414.000     2415.000     2415.000     2419.990     2420.000
   145:     2423.470     2436.330     2437.860     2468.220     2501.800
   150:     2528.450     2539.240     2557.490     2558.260     2643.640
   155:     2704.920     2757.450     2889.320     2982.130     2986.820
   160:     3031.710     3085.510     3099.730     3100.060     3100.430
   165:     3100.470     3107.200     3108.430     3170.450     3171.770
   170:     3175.760     3177.750     3260.430     3267.630     3289.590
   175:     3320.840     3321.660     3357.000     3381.310     3381.900
   180:     3382.110     3382.840     3385.390     3413.530     3413.790
   185:     3414.130     3420.820     3423.010     3423.140     3428.520
   190:     3454.290     3540.370     3619.990     3620.000     3620.000
   195:     3620.000     3620.000     3620.000     3620.000     3624.000
   200:     3625.000     3625.000     3629.990     3630.000     3648.640
   205:     3654.020     3654.090     3655.070     3660.690     3660.890
   210:     3660.970     3664.570     3707.370     3722.390     3728.630
   215:     3737.370     3781.510     3782.440     3782.610     3784.540
   220:     3794.070     3794.270     3818.760     3860.110     3923.380
   225:     3959.780     4420.610     4432.220     4442.900     4483.890
   230:     4485.010     4485.070     4485.120     4485.850     4487.910
   235:     4488.640     4488.810     4489.570     4490.250     4490.770
   240:     4503.980     4504.790     4510.810     4512.260     4522.680
   245:     4528.260     4528.380     4531.670     4531.740     4532.000
   250:     4538.700     4540.060     4540.610     4545.530     4549.800
   255:     4549.960     4550.070     4551.640     4558.410     4573.390
   260:     4573.470     4575.470     4577.450     4577.520     4601.620
   265:     4641.040     4645.040     4661.560     4661.650     4661.950
   270:     4676.690     4677.610     4679.450     4680.810     4690.490
   275:     4691.450     4691.510     4692.990     4752.480     4779.160
   280:     4783.690     4809.560     4827.680     4827.970     4829.990
   285:     4830.000     4830.000     4830.000     4830.000     4830.000
   290:     4830.000     4834.000     4835.000     4835.000     4839.990
   295:     4840.000     4849.450     4853.380     4853.780     4872.010
   300:     4883.780     4883.960     4884.110     4884.430     4904.000
   305:     4904.570     4904.830     4926.810     4927.090     4938.480
   310:     4952.730     4960.630     4988.070     5020.230     5041.000
   315:     5105.810     5174.500     5174.650     5174.900     5185.810
   320:     5192.740     5203.980     5227.620     5227.740     5289.130
   325:     5292.000     5292.200     5292.400     5293.030     5293.250
   330:     5293.340     5293.580     5295.090     5295.230     5305.410
   335:     5312.060     5312.230     5312.440     5321.820     5329.320
   340:     5342.010     5363.030     5367.620     5367.910     5368.010
   345:     5666.500     5844.050     5847.050     5847.250     5847.360
   350:     5847.460     5877.360     5886.690     5909.630     5912.910
   355:     5918.880     5919.310     5932.040     5939.830     5939.890
   360:     5940.620     5942.210     5943.490     5944.270     5944.870
   365:     5945.760     5946.650     5947.540     5964.410     5975.840
   370:     5986.050     5990.800     5992.370     5992.690     5993.460
   375:     5993.640     5997.530     6004.680     6004.790     6007.150
   380:     6009.340     6015.250     6015.440     6016.440     6017.650
   385:     6018.250     6023.840     6034.890     6039.990     6040.000
   390:     6040.000     6040.000     6040.000     6040.000     6040.000
   395:     6044.000     6045.000     6045.000     6049.990     6050.000
   400:     6056.950     6068.940     6069.020     6069.520     6071.500
   405:     6073.220     6074.450     6075.640     6087.090     6089.170
   410:     6089.420     6089.890     6090.080     6092.590     6094.120
   415:     6100.470     6111.780     6111.860     6111.910     6115.150
   420:     6115.260     6142.850     6142.890     6229.160     6253.450
   425:     6337.660     6381.420     6408.740     6410.820     6427.510
   430:     6427.710     6427.790     6437.810     6482.550     6482.960
   435:     6483.170     6486.710     6486.780     6486.840     6486.880
   440:     6487.520     6487.570     6503.390     6553.220     6569.000
   445:     6572.130     6572.330     6572.720     6574.290     6578.140
   450:     6578.340     6578.550     6578.970     6579.010     6587.610
   455:     6587.730     6588.520     6589.980     6590.090     6593.460
   460:     6593.520     6593.670     6593.920     6605.940     6611.590
   465:     6612.570     6620.490     6620.530     6625.360     6903.350
   470:     6903.420     6921.240     6921.700     6922.550     6930.220
   475:     6934.140     6937.370     6938.260     6941.470     6942.590
   480:     6949.790     6954.360     6955.960     6956.360     6956.440
   485:     6957.390     6961.880     6962.140     6965.340     6965.480
   490:     6965.660     6965.820     6965.880     6966.900     6969.580
   495:     6980.610     6982.940     6983.040     6984.730     6989.970
   500:     6991.010     6999.700     7001.980     7015.580     7021.580
   505:     7024.830     7025.000     7025.140     7026.860     7026.930
   510:     7026.980     7039.860     7040.020     7045.520     7048.250
   515:     7048.310     7059.850     7084.120     7085.870     7094.960
   520:     7096.860     7097.420     7101.630     7102.180     7102.280
   525:     7102.450     7106.360     7106.810     7111.430     7112.120
   530:     7163.100     7184.280     7195.600     7198.620     7211.150
   535:     7211.510     7212.540     7212.560     7213.060     7213.400
   540:     7214.890     7216.130     7216.420     7229.240     7230.220
   545:     7230.330     7230.400     7233.740     7234.410     7234.640
   550:     7234.680     7235.120     7235.220     7235.500     7249.990
   555:     7250.000     7250.000     7250.000     7250.000     7250.000
   560:     7250.000     7252.060     7252.060     7254.000     7255.000
   565:     7255.000     7258.300     7259.990     7260.000     7271.100
   570:     7272.180     7293.550     7316.830     7320.450     7329.930
   575:     7330.850     7344.020     7376.360     7395.970     7407.350
   580:     7417.580     7427.590     7432.250     7449.540     7449.540
   585:     7449.540     7449.550     7449.550     7449.550     7449.550
   590:     7449.550     7449.550     7451.960     7451.960     7452.080
   595:     7452.080     7453.550     7453.830     7454.000     7454.550
   600:     7454.550     7459.540     7459.550     7467.140     7467.810
   605:     7468.240     7469.960     7470.020     7470.130     7470.250
   610:     7491.300     7491.490     7510.950     7517.120     7534.800
   615:     7540.270     7544.060     7544.550     7544.710     7544.960
   620:     7547.950     7548.230     7549.550     7595.130     7595.850
   625:     7596.170     7614.220     7614.640     7637.520     7637.910
   630:     7638.130     7641.810     7717.620     7722.000     7747.970
   635:     7804.560     7843.230     7863.590     7893.810     7894.510
   640:     7894.740     7899.150     7899.500     7974.220     8010.780
   645:     8041.530     8046.240     8058.540     8058.890     8059.090
   650:     8059.500     8069.420     8078.780     8087.650     8087.880
   655:     8109.830     8110.190     8117.820     8119.320     8134.750
   660:     8136.280     8136.500     8149.080     8149.410     8149.560
   665:     8150.590     8150.620     8156.250     8171.710     8182.510
   670:     8185.410     8186.490     8186.940     8187.310     8188.190
   675:     8189.150     8190.450     8234.700     8234.960     8234.990
   680:     8235.130     8257.700     8257.980     8258.030     8264.400
   685:     8275.120     8275.790     8286.470     8286.910     8287.130
   690:     8304.020     8324.340     8324.390     8328.660     8329.440
   695:     8337.120     8340.480     8342.350     8342.500     8350.640
   700:     8350.800     8350.990     8351.270     8358.090     8358.530
   705:     8361.860     8580.240     8580.240     8580.240     8580.240
   710:     8580.240     8580.240     8580.240     8582.750     8584.240
   715:     8585.240     8585.240     8588.680     8590.230     8590.240
   720:     8591.710     8598.300     8603.300     8607.640     8607.640
   725:     8607.640     8607.640     8607.640     8607.640     8607.640
   730:     8611.640     8612.640     8612.640     8615.960     8617.630
   735:     8617.640     8621.500     8628.530     8628.800     8631.300
   740:     8631.730     8650.190     8650.190     8650.190     8650.190
   745:     8650.190     8650.190     8650.190     8650.850     8654.190
   750:     8655.190     8655.190     8659.540     8659.550     8659.550
   755:     8659.550     8659.550     8659.550     8660.180     8660.190
   760:     8660.940     8663.550     8664.550     8664.550     8669.380
   765:     8681.840     8758.130     8758.130     8758.130     8758.130
   770:     8758.130     8758.130     8758.130     8758.660     8758.660
   775:     8758.690     8758.690     8758.750     8758.750     8758.830
   780:     8758.830     8758.860     8758.860     8759.180     8759.180
   785:     8759.360     8759.360     8759.630     8759.630     8762.130
   790:     8763.130     8763.130     8768.120     8768.130     8851.160
   795:     8976.070     8976.070     8976.070     8976.070     8976.070
   800:     8976.070     8976.070     8980.070     8981.070     8981.070
   805:     8986.060     8986.070     9051.510     9052.910     9054.860
   810:     9054.860     9054.860     9054.860     9054.860     9054.860
   815:     9054.860     9058.860     9059.860     9059.860     9064.850
   820:     9064.860     9067.260     9067.260     9067.260     9067.260
   825:     9067.260     9067.260     9067.260     9071.260     9072.260
   830:     9072.260     9077.250     9077.260     9129.750     9164.130
   835:     9164.200     9547.520     9547.640     9668.020     9813.960
   840:     9814.200     9844.820     9860.180     9860.190     9860.190
   845:     9860.190     9860.190     9860.190     9860.190     9864.190
   850:     9865.190     9865.190     9870.180     9870.190    10135.640
   855:    10150.760    10151.000    10176.860    10177.580    10492.160
   860:    10572.740    10572.830    10691.830    10694.400    10793.350
   865:    10800.000
