File: C:\MED-PC\Data\2025-03-06_15h48m_Subject 86.txt


Start Date: 03/06/25
End Date: 03/06/25
Subject: 86
Experiment: OralFentSA
Group: One
Box: 2
Start Time: 15:48:22
End Time: 18:48:54
MSN: 20241014_Golden_Liq_SelfAdmin
F:       0.000
G:     589.000
H:   10800.000
I:       0.000
J:       0.000
K:       0.000
L:       0.000
M:       0.000
N:       0.000
O:       0.000
P:       0.000
Q:       0.000
R:       0.000
S:       0.000
U:       0.000
V:       0.000
W:       0.000
X:       0.000
Y:       0.000
Z:       0.000
A:
     0:        0.000        0.000      180.000        4.000        0.000
     5:        5.000        0.000        5.000        0.000        0.000
    10:        1.000        0.000       10.000     2400.000       21.000
    15:        4.000      640.000        0.000        0.000        0.000
    20:        0.000
B:
     0:        0.000        0.000        0.000      400.000        0.000
     5:      500.000        0.000      500.000        0.000        0.000
    10:        0.000        0.000     1000.000   240000.000        0.000
    15:        0.000        0.000        0.000        0.000        0.000
    20:        0.000
C:
     0:       24.000       25.000        5.000       33.000      226.000
     5:    10615.290        1.250       24.000      152.080        6.337
    10:       33.000        5.000        0.000        0.000        0.000
    15:        0.000        0.000        0.000        0.000        0.000
    20:        0.000
D:
     0:        3.900        0.930        2.120        1.380        2.280
     5:        2.630        1.540        0.430       34.100        3.390
    10:        1.480        2.310        2.600        1.830        2.530
    15:       11.510        1.040        4.770        1.610        2.760
    20:       60.870        3.820        1.000        1.250
E:
     0:       19.000       11.000       26.000       27.000        6.000
     5:        6.000        6.000        6.000        6.000        6.000
    10:        6.000        6.000        6.000        1.000        1.000
    15:        1.000        6.000        6.000        6.000        6.000
    20:        6.000        6.000        6.000        6.000        6.000
    25:        6.000        1.000        1.000        2.000        4.000
    30:       22.000       24.000       12.000       13.000        8.000
    35:        5.000       17.000        6.000        6.000       18.000
    40:       14.000       10.000        6.000       19.000       11.000
    45:        6.000        6.000        6.000        2.000        4.000
    50:       22.000       24.000       12.000       13.000        8.000
    55:        5.000       17.000        6.000        6.000       18.000
    60:       14.000       10.000       19.000       11.000        2.000
    65:        4.000       22.000       24.000       12.000       13.000
    70:        8.000        5.000       17.000        6.000        6.000
    75:       18.000       14.000       10.000       19.000       11.000
    80:        6.000        6.000        6.000        6.000        6.000
    85:        6.000        6.000        6.000        6.000        6.000
    90:        6.000        6.000        6.000        6.000        6.000
    95:        6.000        6.000        6.000        6.000        6.000
   100:        6.000        6.000        6.000        6.000        6.000
   105:        6.000        2.000        4.000       22.000       24.000
   110:       12.000       13.000        8.000        5.000       17.000
   115:        6.000       18.000       14.000       10.000        6.000
   120:        6.000       19.000       11.000        6.000        6.000
   125:        6.000        2.000        4.000       22.000       24.000
   130:       12.000       13.000        8.000        5.000       17.000
   135:        6.000       18.000       14.000       10.000        6.000
   140:       19.000       11.000        6.000        2.000        4.000
   145:       22.000       24.000       12.000       13.000        8.000
   150:        5.000       17.000       21.000       22.000       21.000
   155:       22.000        6.000       18.000       14.000       10.000
   160:        6.000       19.000       11.000        6.000        6.000
   165:        6.000        6.000        6.000        6.000        6.000
   170:        6.000        6.000        6.000        6.000        6.000
   175:        6.000        6.000        6.000        6.000        6.000
   180:        6.000        6.000        6.000        2.000        4.000
   185:       22.000       24.000       12.000       13.000        8.000
   190:        5.000       17.000        6.000       18.000       14.000
   195:       10.000       19.000       11.000        6.000        2.000
   200:        4.000       22.000       24.000       12.000       13.000
   205:        8.000        5.000       17.000        6.000       18.000
   210:       14.000       10.000        6.000       19.000       11.000
   215:        2.000        4.000       22.000       24.000       12.000
   220:       13.000        8.000        5.000       17.000       21.000
   225:       22.000       21.000       22.000       18.000       14.000
   230:       10.000       19.000       11.000        6.000        6.000
   235:        6.000        6.000        6.000        6.000        6.000
   240:        6.000        6.000        6.000        6.000        6.000
   245:        6.000        6.000        6.000        6.000        6.000
   250:        6.000        6.000        6.000        6.000        6.000
   255:        6.000        6.000        6.000        6.000        6.000
   260:        6.000        6.000        6.000        6.000        6.000
   265:        6.000        6.000        6.000        2.000        4.000
   270:       22.000       24.000       12.000       13.000        8.000
   275:        5.000       17.000        6.000       18.000       14.000
   280:       10.000        6.000        6.000       19.000       11.000
   285:        2.000        4.000       22.000       24.000       12.000
   290:       13.000        8.000        5.000       17.000        6.000
   295:       18.000       14.000       10.000       19.000       11.000
   300:        6.000        6.000        6.000        2.000        4.000
   305:       22.000       24.000       12.000       13.000        8.000
   310:        5.000       17.000       21.000       22.000        6.000
   315:       18.000       14.000       10.000        6.000        6.000
   320:       19.000       11.000        2.000        4.000       22.000
   325:       24.000       12.000       13.000        8.000        5.000
   330:       17.000        6.000       18.000        6.000       14.000
   335:       10.000       19.000       11.000        6.000        6.000
   340:        6.000        6.000        6.000        6.000        6.000
   345:        2.000        4.000       22.000       24.000       12.000
   350:       13.000        8.000        5.000       17.000        6.000
   355:       18.000       14.000       10.000        6.000       19.000
   360:       11.000        6.000        6.000        6.000        6.000
   365:        6.000        6.000        2.000        4.000       22.000
   370:       24.000       12.000       13.000        8.000        5.000
   375:       17.000       21.000       22.000        6.000       18.000
   380:       14.000       10.000       19.000       11.000        6.000
   385:        6.000        6.000        6.000        6.000        6.000
   390:        6.000        6.000        6.000        6.000        6.000
   395:        6.000        2.000        4.000       22.000       24.000
   400:       12.000       13.000        8.000        5.000       17.000
   405:       18.000       14.000       10.000       19.000       11.000
   410:        6.000        6.000        2.000        4.000       22.000
   415:       24.000       12.000       13.000        8.000        5.000
   420:       17.000        6.000       18.000       14.000       10.000
   425:       19.000       11.000        2.000        4.000       22.000
   430:       24.000       12.000       13.000        8.000        5.000
   435:       17.000       21.000       22.000       18.000        6.000
   440:       14.000       10.000       19.000       11.000        6.000
   445:        6.000        6.000        6.000        6.000        6.000
   450:        6.000        6.000        6.000        6.000        6.000
   455:        2.000        4.000       22.000       24.000       12.000
   460:       13.000        8.000        5.000       17.000        6.000
   465:       18.000       14.000       10.000        6.000       19.000
   470:       11.000        6.000        6.000        2.000        4.000
   475:       22.000       24.000       12.000       13.000        8.000
   480:        5.000       17.000        6.000       18.000       14.000
   485:       10.000        6.000        6.000        6.000       21.000
   490:       22.000       19.000       11.000        6.000        6.000
   495:        6.000        6.000        2.000        4.000       22.000
   500:       24.000       12.000       13.000        8.000        5.000
   505:       17.000       18.000       14.000       10.000       19.000
   510:       11.000        6.000        6.000        6.000        6.000
   515:        6.000        6.000        6.000        6.000        6.000
   520:        6.000        6.000        6.000        6.000        6.000
   525:        6.000        6.000        6.000        6.000        6.000
   530:        6.000        6.000        6.000        6.000        6.000
   535:        6.000        2.000        4.000       22.000       24.000
   540:       12.000       13.000        8.000        5.000       17.000
   545:        6.000       18.000       14.000       10.000        6.000
   550:       19.000       11.000        2.000        4.000       22.000
   555:       24.000       12.000       13.000        8.000        5.000
   560:       17.000        6.000       18.000       14.000       10.000
   565:        6.000        6.000       19.000       11.000        2.000
   570:        4.000       22.000       24.000       12.000       13.000
   575:        8.000        5.000       17.000       21.000       22.000
   580:        6.000       18.000       14.000       10.000       19.000
   585:       11.000        6.000        6.000        6.000      100.000
T:
     0:        0.000        0.000        0.000        0.000       58.450
     5:      161.440      263.210      319.530      321.400      339.850
    10:      394.870      394.990      395.040      439.110      441.380
    15:      442.150      453.230      453.650      454.260      456.360
    20:      473.680      474.090      475.020      477.640      478.210
    25:      479.380      512.840      513.980      520.500      520.500
    30:      520.500      520.510      520.510      520.510      520.510
    35:      520.510      520.510      524.410      524.490      524.510
    40:      525.510      525.510      529.660      530.500      530.510
    45:      543.390      543.620      544.320      555.610      555.610
    50:      555.610      555.620      555.620      555.620      555.620
    55:      555.620      555.620      556.550      556.600      559.620
    60:      560.620      560.620      565.610      565.620      574.730
    65:      574.730      574.730      574.740      574.740      574.740
    70:      574.740      574.740      574.740      576.860      576.990
    75:      578.740      579.740      579.740      584.730      584.740
    80:      612.240      620.630      620.860      877.650      877.720
    85:     1103.710     1103.910     1105.120     1105.240     1105.380
    90:     1105.450     1340.280     1341.920     1462.890     1467.910
    95:     2322.780     2323.330     2332.520     2332.660     2332.750
   100:     2356.620     2357.600     2357.870     2364.430     2421.950
   105:     2424.280     2448.170     2448.170     2448.170     2448.180
   110:     2448.180     2448.180     2448.180     2448.180     2448.180
   115:     2449.560     2452.180     2453.180     2453.180     2455.590
   120:     2456.070     2458.170     2458.180     2461.280     2461.490
   125:     2471.410     2474.500     2474.500     2474.500     2474.510
   130:     2474.510     2474.510     2474.510     2474.510     2474.510
   135:     2476.790     2478.510     2479.510     2479.510     2480.870
   140:     2484.500     2484.510     2487.930     2490.850     2490.850
   145:     2490.850     2490.860     2490.860     2490.860     2490.860
   150:     2490.860     2490.860     2491.380     2491.380     2491.580
   155:     2491.580     2493.490     2494.860     2495.860     2495.860
   160:     2497.040     2500.850     2500.860     2501.340     2506.680
   165:     2512.340     2517.440     2558.710     2591.630     2619.870
   170:     2622.530     2682.850     2685.340     2692.690     2694.190
   175:     2694.650     2694.900     2702.640     3505.520     3505.910
   180:     3515.290     3515.540     3807.060     3926.540     3926.540
   185:     3926.540     3926.550     3926.550     3926.550     3926.550
   190:     3926.550     3926.550     3928.090     3930.550     3931.550
   195:     3931.550     3936.540     3936.550     3954.460     3972.770
   200:     3972.770     3972.770     3972.780     3972.780     3972.780
   205:     3972.780     3972.780     3972.780     3973.210     3976.780
   210:     3977.780     3977.780     3982.200     3982.770     3982.780
   215:     3995.190     3995.190     3995.190     3995.200     3995.200
   220:     3995.200     3995.200     3995.200     3995.200     3995.390
   225:     3995.390     3995.570     3995.570     3999.200     4000.200
   230:     4000.200     4005.190     4005.200     4029.300     4064.590
   235:     4101.400     4101.690     4120.120     4201.310     4232.810
   240:     4309.540     4332.830     4333.940     4334.030     4334.450
   245:     4334.590     4334.680     4334.990     4335.350     4336.330
   250:     4337.430     4338.320     4338.370     4338.460     4344.520
   255:     4344.550     4345.040     4345.100     4345.660     4346.000
   260:     4348.910     4349.000     5065.750     5164.770     5407.320
   265:     5435.150     5441.180     5484.070     5486.580     5486.580
   270:     5486.580     5486.590     5486.590     5486.590     5486.590
   275:     5486.590     5486.590     5489.980     5490.590     5491.590
   280:     5491.590     5493.580     5493.880     5496.580     5496.590
   285:     5497.970     5497.970     5497.970     5497.980     5497.980
   290:     5497.980     5497.980     5497.980     5497.980     5499.460
   295:     5501.980     5502.980     5502.980     5507.970     5507.980
   300:     5532.280     5540.450     5540.610     5556.020     5556.020
   305:     5556.020     5556.030     5556.030     5556.030     5556.030
   310:     5556.030     5556.030     5556.380     5556.380     5558.340
   315:     5560.030     5561.030     5561.030     5565.710     5565.840
   320:     5566.020     5566.030     5576.670     5576.670     5576.670
   325:     5576.680     5576.680     5576.680     5576.680     5576.680
   330:     5576.680     5579.280     5580.680     5581.430     5581.680
   335:     5581.680     5586.670     5586.680     5587.170     5669.310
   340:     5669.790     5731.570     6333.350     6333.450     6473.390
   345:     6526.450     6526.450     6526.450     6526.460     6526.460
   350:     6526.460     6526.460     6526.460     6526.460     6528.290
   355:     6530.460     6531.460     6531.460     6532.630     6536.450
   360:     6536.460     6581.890     6597.560     6706.850     6707.150
   365:     6869.750     6870.590     6873.660     6873.660     6873.660
   370:     6873.670     6873.670     6873.670     6873.670     6873.670
   375:     6873.670     6873.980     6873.980     6876.200     6877.670
   380:     6878.670     6878.670     6883.660     6883.670     6886.120
   385:     6888.060     7071.770     7071.940     7105.490     7111.070
   390:     7120.410     7247.290     7247.380     7247.460     7603.040
   395:     7603.120     7678.250     7678.250     7678.250     7678.260
   400:     7678.260     7678.260     7678.260     7678.260     7678.260
   405:     7682.260     7683.260     7683.260     7688.250     7688.260
   410:     7689.770     7697.570     7728.090     7728.090     7728.090
   415:     7728.100     7728.100     7728.100     7728.100     7728.100
   420:     7728.100     7729.140     7732.100     7733.100     7733.100
   425:     7738.090     7738.100     7747.500     7747.500     7747.500
   430:     7747.510     7747.510     7747.510     7747.510     7747.510
   435:     7747.510     7749.840     7749.840     7751.510     7752.280
   440:     7752.510     7752.510     7757.500     7757.510     7946.150
   445:     7965.650     7991.140     7991.290     7992.050     8001.980
   450:     8838.060     8871.270     9000.440     9000.490     9024.700
   455:     9084.240     9084.240     9084.240     9084.250     9084.250
   460:     9084.250     9084.250     9084.250     9084.250     9085.860
   465:     9088.250     9089.250     9089.250     9090.980     9094.240
   470:     9094.250     9129.870     9130.030     9155.850     9155.850
   475:     9155.850     9155.860     9155.860     9155.860     9155.860
   480:     9155.860     9155.860     9158.620     9159.860     9160.860
   485:     9160.860     9162.120     9162.180     9162.250     9165.610
   490:     9165.610     9165.850     9165.860     9167.340     9167.820
   495:     9171.620     9197.600     9226.540     9226.540     9226.540
   500:     9226.550     9226.550     9226.550     9226.550     9226.550
   505:     9226.550     9230.550     9231.550     9231.550     9236.540
   510:     9236.550     9287.420     9290.920     9290.950     9291.880
   515:     9292.080     9300.720     9300.920     9551.450     9551.550
   520:     9558.170     9615.090     9784.310     9784.500     9785.830
   525:    10097.590    10195.920    10201.480    10201.550    10202.570
   530:    10273.550    10282.780    10445.210    10456.130    10480.370
   535:    10480.520    10589.560    10589.560    10589.560    10589.570
   540:    10589.570    10589.570    10589.570    10589.570    10589.570
   545:    10593.390    10593.570    10594.570    10594.570    10599.250
   550:    10599.560    10599.570    10604.580    10604.580    10604.580
   555:    10604.590    10604.590    10604.590    10604.590    10604.590
   560:    10604.590    10605.590    10608.590    10609.590    10609.590
   565:    10611.040    10611.220    10614.580    10614.590    10615.280
   570:    10615.280    10615.280    10615.290    10615.290    10615.290
   575:    10615.290    10615.290    10615.290    10615.710    10615.710
   580:    10616.540    10619.290    10620.290    10620.290    10625.280
   585:    10625.290    10645.380    10690.510    10753.800    10800.000
