File: C:\MED-PC\Data\2025-03-07_10h27m_Subject 78.txt


Start Date: 03/07/25
End Date: 03/07/25
Subject: 78
Experiment: OralFentSA
Group: One
Box: 6
Start Time: 10:27:05
End Time: 13:27:25
MSN: 20241014_Golden_Liq_SelfAdmin
F:       0.000
G:    1009.000
H:   10800.000
I:       0.000
J:       0.000
K:       0.000
L:       0.000
M:       0.000
N:       0.000
O:       0.000
P:       0.000
Q:       0.000
R:       0.000
S:       0.000
U:       0.000
V:       0.000
W:       0.000
X:       0.000
Y:       0.000
Z:       0.000
A:
     0:        0.000        0.000      180.000        4.000        0.000
     5:        5.000        0.000        5.000        0.000        0.000
    10:        1.000        0.000       10.000     3000.000       19.000
    15:        5.000      640.000        0.000        0.000        0.000
    20:        0.000
B:
     0:        0.000        0.000        0.000      400.000        0.000
     5:      500.000        0.000      500.000        0.000        0.000
    10:        0.000        0.000     1000.000   300000.000        0.000
    15:        0.000        0.000        0.000        0.000        0.000
    20:        0.000
C:
     0:       49.000       50.000        8.000       81.000      247.000
     5:    10404.320       50.940       32.000     1011.830       31.620
    10:       81.000        8.000        0.000        0.000        0.000
    15:        0.000        0.000        0.000        0.000        0.000
    20:        0.000
D:
     0:        4.390       14.590       17.030       10.810       25.380
     5:       19.530       78.830       21.070       73.400       33.680
    10:        6.660        3.500       56.600       13.440       45.410
    15:      100.350       17.740       11.690        4.020        5.660
    20:       21.210       81.320       62.550        5.680        6.550
    25:        4.720       17.820        4.070        2.680        2.940
    30:      187.570       50.940
E:
     0:       19.000       11.000       26.000       27.000        6.000
     5:        6.000        6.000        6.000        6.000        6.000
    10:        6.000        6.000        6.000        6.000        6.000
    15:        6.000        6.000        6.000        6.000        6.000
    20:        6.000        6.000        6.000        6.000        6.000
    25:        6.000        6.000        6.000        6.000        6.000
    30:        6.000        6.000        6.000        6.000        6.000
    35:        6.000        6.000        6.000        6.000        6.000
    40:        6.000        6.000        6.000        6.000        6.000
    45:        6.000        6.000        6.000        6.000        6.000
    50:        6.000        6.000        6.000        6.000        6.000
    55:        6.000        6.000        6.000        6.000        6.000
    60:        6.000        6.000        6.000        6.000        6.000
    65:        6.000        6.000        2.000        4.000       22.000
    70:       24.000       12.000       13.000        8.000        5.000
    75:       17.000       18.000        6.000       14.000       10.000
    80:        6.000       19.000       11.000        6.000        6.000
    85:        6.000        6.000        6.000        6.000        6.000
    90:        6.000        6.000        6.000        6.000        6.000
    95:        6.000        6.000        6.000        6.000        6.000
   100:        6.000        6.000        6.000        6.000        2.000
   105:        4.000       22.000       24.000       12.000       13.000
   110:        8.000        5.000       17.000       18.000       14.000
   115:       10.000       21.000       22.000       19.000       11.000
   120:        2.000        4.000       22.000       24.000       12.000
   125:       13.000        8.000        5.000       17.000       18.000
   130:       14.000       10.000       21.000       22.000       19.000
   135:       11.000        2.000        4.000       22.000       24.000
   140:       12.000       13.000        8.000        5.000       17.000
   145:       21.000       22.000       18.000       21.000       22.000
   150:       14.000       10.000       19.000       11.000        2.000
   155:        4.000       22.000       24.000       12.000       13.000
   160:        8.000        5.000       17.000       21.000       22.000
   165:       18.000       14.000       10.000       21.000       22.000
   170:       21.000       22.000       19.000       11.000        2.000
   175:        4.000       22.000       24.000       12.000       13.000
   180:        8.000        5.000       17.000       21.000       22.000
   185:       18.000       14.000       10.000       19.000       11.000
   190:        6.000        6.000        2.000        4.000       22.000
   195:       24.000       12.000       13.000        8.000        5.000
   200:       17.000       21.000       22.000       21.000       22.000
   205:       18.000       14.000       10.000       19.000       11.000
   210:        2.000        4.000       22.000       24.000       12.000
   215:       13.000        8.000        5.000       17.000       18.000
   220:       14.000       10.000       19.000       11.000        6.000
   225:        6.000        6.000        6.000        2.000        4.000
   230:       22.000       24.000       12.000       13.000        8.000
   235:        5.000       17.000       21.000       22.000       18.000
   240:       14.000       10.000       19.000       11.000        6.000
   245:        6.000        6.000        6.000        2.000        4.000
   250:       22.000       24.000       12.000       13.000        8.000
   255:        5.000       17.000       21.000       22.000       18.000
   260:       14.000       10.000       21.000       22.000       21.000
   265:       22.000       19.000       11.000        2.000        4.000
   270:       22.000       24.000       12.000       13.000        8.000
   275:        5.000       17.000       21.000       22.000       18.000
   280:       14.000       10.000       19.000       11.000        6.000
   285:        2.000        4.000       22.000       24.000       12.000
   290:       13.000        8.000        5.000       17.000       18.000
   295:       21.000       22.000       14.000       10.000       21.000
   300:       22.000       19.000       11.000        6.000        2.000
   305:        4.000       22.000       24.000       12.000       13.000
   310:        8.000        5.000       17.000       21.000       22.000
   315:       18.000       21.000       22.000       14.000       10.000
   320:       21.000       22.000       21.000       22.000       19.000
   325:       11.000        2.000        4.000       22.000       24.000
   330:       12.000       13.000        8.000        5.000       17.000
   335:       18.000       14.000       10.000       19.000       11.000
   340:        6.000        6.000        6.000        6.000        6.000
   345:        6.000        6.000        2.000        4.000       22.000
   350:       24.000       12.000       13.000        8.000        5.000
   355:       17.000       18.000       14.000       10.000       19.000
   360:       11.000        6.000        2.000        4.000       22.000
   365:       24.000       12.000       13.000        8.000        5.000
   370:       17.000       18.000       14.000       10.000       19.000
   375:       11.000        1.000        2.000        4.000       22.000
   380:       24.000       12.000       13.000        8.000        5.000
   385:       17.000       20.000       18.000       14.000       10.000
   390:       19.000       11.000        1.000        1.000        6.000
   395:        2.000        4.000       22.000       24.000       12.000
   400:       13.000        8.000        5.000       17.000       18.000
   405:       14.000       10.000       19.000       11.000        2.000
   410:        4.000       22.000       24.000       12.000       13.000
   415:        8.000        5.000       17.000       21.000       22.000
   420:       18.000       14.000       10.000       19.000       11.000
   425:        2.000        4.000       22.000       24.000       12.000
   430:       13.000        8.000        5.000       17.000       18.000
   435:       14.000       10.000       19.000       11.000        6.000
   440:        2.000        4.000       22.000       24.000       12.000
   445:       13.000        8.000        5.000       17.000       18.000
   450:       14.000       10.000       19.000       11.000        2.000
   455:        4.000       22.000       24.000       12.000       13.000
   460:        8.000        5.000       17.000       18.000       14.000
   465:       10.000       19.000       11.000        2.000        4.000
   470:       22.000       24.000       12.000       13.000        8.000
   475:        5.000       17.000       18.000       14.000       10.000
   480:        6.000        6.000       19.000       11.000        6.000
   485:        2.000        4.000       22.000       24.000       12.000
   490:       13.000        8.000        5.000       17.000        6.000
   495:       18.000       14.000       10.000        6.000       21.000
   500:       22.000       19.000       11.000        6.000        2.000
   505:        4.000       22.000       24.000       12.000       13.000
   510:        8.000        5.000       17.000       21.000       22.000
   515:       18.000       14.000       10.000       19.000       11.000
   520:        2.000        4.000       22.000       24.000       12.000
   525:       13.000        8.000        5.000       17.000       18.000
   530:       14.000       10.000       19.000       11.000        6.000
   535:        2.000        4.000       22.000       24.000       12.000
   540:       13.000        8.000        5.000       17.000       18.000
   545:       14.000       10.000       19.000       11.000        6.000
   550:        2.000        4.000       22.000       24.000       12.000
   555:       13.000        8.000        5.000       17.000       18.000
   560:       14.000       10.000       21.000       22.000       19.000
   565:       11.000        2.000        4.000       22.000       24.000
   570:       12.000       13.000        8.000        5.000       17.000
   575:       18.000       14.000       10.000       19.000       11.000
   580:        6.000        2.000        4.000       22.000       24.000
   585:       12.000       13.000        8.000        5.000       17.000
   590:       21.000       22.000       18.000       14.000       10.000
   595:       19.000       11.000        6.000        2.000        4.000
   600:       22.000       24.000       12.000       13.000        8.000
   605:        5.000       17.000       21.000       22.000       18.000
   610:       14.000       10.000       19.000       11.000        6.000
   615:        2.000        4.000       22.000       24.000       12.000
   620:       13.000        8.000        5.000       17.000       18.000
   625:       14.000       10.000       20.000       19.000       11.000
   630:        6.000        2.000        4.000       22.000       24.000
   635:       12.000       13.000        8.000        5.000       17.000
   640:       18.000        6.000       14.000       10.000       19.000
   645:       11.000        6.000        6.000        6.000        6.000
   650:        6.000        6.000        6.000        6.000        6.000
   655:        6.000        6.000        6.000        6.000        6.000
   660:        6.000        6.000        6.000        6.000        6.000
   665:        6.000        6.000        6.000        6.000        6.000
   670:        6.000        6.000        6.000        6.000        2.000
   675:        4.000       22.000       24.000       12.000       13.000
   680:        8.000        5.000       17.000       18.000       14.000
   685:       10.000        6.000       19.000       11.000        6.000
   690:        6.000        6.000        6.000        6.000        6.000
   695:        2.000        4.000       22.000       24.000       12.000
   700:       13.000        8.000        5.000       17.000       21.000
   705:       22.000       18.000       14.000       10.000       19.000
   710:       11.000        6.000        2.000        4.000       22.000
   715:       24.000       12.000       13.000        8.000        5.000
   720:       17.000       21.000       22.000       18.000       14.000
   725:       10.000       19.000       11.000        6.000        6.000
   730:        6.000        6.000        6.000        6.000        6.000
   735:        6.000        6.000        6.000        6.000        6.000
   740:        6.000        6.000        6.000        6.000        6.000
   745:        6.000        6.000        6.000        6.000        2.000
   750:        4.000       22.000       24.000       12.000       13.000
   755:        8.000        5.000       17.000       21.000       22.000
   760:       18.000       14.000       10.000       19.000       11.000
   765:        6.000        2.000        4.000       22.000       24.000
   770:       12.000       13.000        8.000        5.000       17.000
   775:       21.000       22.000       18.000       14.000       10.000
   780:       19.000       11.000        2.000        4.000       22.000
   785:       24.000       12.000       13.000        8.000        5.000
   790:       17.000       18.000       14.000       10.000        6.000
   795:       19.000       11.000        2.000        4.000       22.000
   800:       24.000       12.000       13.000        8.000        5.000
   805:       17.000       18.000       14.000       10.000       19.000
   810:       11.000        2.000        4.000       22.000       24.000
   815:       12.000       13.000        8.000        5.000       17.000
   820:       18.000       14.000       10.000        6.000       19.000
   825:       11.000        6.000        2.000        4.000       22.000
   830:       24.000       12.000       13.000        8.000        5.000
   835:       17.000       18.000        6.000       14.000       10.000
   840:       19.000       11.000        6.000        6.000        6.000
   845:        6.000        6.000        6.000        6.000        6.000
   850:        6.000        2.000        4.000       22.000       24.000
   855:       12.000       13.000        8.000        5.000       17.000
   860:       18.000       14.000       10.000       19.000       11.000
   865:        6.000        6.000        6.000        6.000        6.000
   870:        6.000        6.000        2.000        4.000       22.000
   875:       24.000       12.000       13.000        8.000        5.000
   880:       17.000       18.000        6.000       14.000       10.000
   885:       19.000       11.000        6.000        6.000        6.000
   890:        6.000        6.000        6.000        6.000        6.000
   895:        6.000        6.000        6.000        6.000        6.000
   900:        6.000        6.000        6.000        6.000        6.000
   905:        6.000        6.000        6.000        2.000        4.000
   910:       22.000       24.000       12.000       13.000        8.000
   915:        5.000       17.000        6.000        6.000        6.000
   920:       18.000       14.000       10.000       19.000       11.000
   925:        1.000        6.000        6.000        2.000        4.000
   930:       22.000       24.000       12.000       13.000        8.000
   935:        5.000       17.000       21.000       22.000       18.000
   940:       14.000       10.000       19.000       11.000        2.000
   945:        4.000       22.000       24.000       12.000       13.000
   950:        8.000        5.000       17.000        6.000       18.000
   955:       14.000       10.000       19.000       11.000        2.000
   960:        4.000       22.000       24.000       12.000       13.000
   965:        8.000        5.000       17.000       18.000       14.000
   970:       10.000       19.000       11.000        1.000        1.000
   975:        6.000        6.000        6.000        6.000        6.000
   980:        6.000        6.000        6.000        6.000        6.000
   985:        2.000        4.000       22.000       24.000       12.000
   990:       13.000        8.000        5.000       17.000       18.000
   995:       14.000       10.000       19.000       11.000        6.000
  1000:        6.000        6.000        6.000        6.000        6.000
  1005:        6.000        6.000        6.000        6.000      100.000
T:
     0:        0.000        0.000        0.000        0.000      103.340
     5:      105.750      135.020      135.230      135.310      229.790
    10:      409.830      412.620      412.850      416.920      418.330
    15:      420.140      421.590      422.140      425.630      458.310
    20:      458.890      459.480      460.540      671.660      740.500
    25:      743.070      746.340      760.720      762.000      820.670
    30:      838.620      838.700      839.500      839.850      854.160
    35:      854.460     1068.580     1093.060     1093.510     1123.530
    40:     1123.700     1125.860     1180.550     1266.630     1275.960
    45:     1277.300     1279.100     1280.190     1280.620     1375.010
    50:     1377.270     1479.630     1479.690     1495.410     1519.430
    55:     1534.400     1535.310     1539.170     1540.270     1542.170
    60:     1548.630     1555.850     1590.450     1590.720     1946.100
    65:     1985.010     1985.260     1996.090     1996.090     1996.090
    70:     1996.100     1996.100     1996.100     1996.100     1996.100
    75:     1996.100     2000.100     2000.490     2001.100     2001.100
    80:     2004.610     2006.090     2006.100     2006.980     2007.760
    85:     2010.620     2013.190     2017.410     2054.040     2054.150
    90:     2092.350     2092.890     2093.060     2114.260     2781.980
    95:     2782.330     3206.530     3206.850     3236.850     3237.490
   100:     3237.990     3389.490     3552.800     3602.310     3623.590
   105:     3623.590     3623.590     3623.600     3623.600     3623.600
   110:     3623.600     3623.600     3623.600     3627.600     3628.600
   115:     3628.600     3632.870     3632.870     3633.590     3633.600
   120:     3634.450     3634.450     3634.450     3634.460     3634.460
   125:     3634.460     3634.460     3634.460     3634.460     3638.460
   130:     3639.460     3639.460     3643.920     3643.920     3644.450
   135:     3644.460     3649.670     3649.670     3649.670     3649.680
   140:     3649.680     3649.680     3649.680     3649.680     3649.680
   145:     3652.340     3652.340     3653.680     3654.370     3654.370
   150:     3654.680     3654.680     3659.670     3659.680     3662.320
   155:     3662.320     3662.320     3662.330     3662.330     3662.330
   160:     3662.330     3662.330     3662.330     3664.030     3664.030
   165:     3666.330     3667.330     3667.330     3667.590     3667.590
   170:     3668.440     3668.440     3672.320     3672.330     3687.180
   175:     3687.180     3687.180     3687.190     3687.190     3687.190
   180:     3687.190     3687.190     3687.190     3689.110     3689.110
   185:     3691.190     3692.190     3692.190     3697.180     3697.190
   190:     3701.780     3706.550     3748.250     3748.250     3748.250
   195:     3748.260     3748.260     3748.260     3748.260     3748.260
   200:     3748.260     3751.050     3751.050     3752.130     3752.130
   205:     3752.260     3753.260     3753.260     3758.250     3758.260
   210:     3759.260     3759.260     3759.260     3759.270     3759.270
   215:     3759.270     3759.270     3759.270     3759.270     3763.270
   220:     3764.270     3764.270     3769.260     3769.270     3776.300
   225:     3782.230     3782.810     3785.020     3797.140     3797.140
   230:     3797.140     3797.150     3797.150     3797.150     3797.150
   235:     3797.150     3797.150     3799.800     3799.800     3801.150
   240:     3802.150     3802.150     3807.140     3807.150     3807.960
   245:     3817.650     3849.890     3855.060     3859.700     3859.700
   250:     3859.700     3859.710     3859.710     3859.710     3859.710
   255:     3859.710     3859.710     3860.520     3860.520     3863.710
   260:     3864.710     3864.710     3865.450     3865.450     3868.490
   265:     3868.490     3869.700     3869.710     3882.900     3882.900
   270:     3882.900     3882.910     3882.910     3882.910     3882.910
   275:     3882.910     3882.910     3886.610     3886.610     3886.910
   280:     3887.910     3887.910     3892.900     3892.910     3908.290
   285:     3925.240     3925.240     3925.240     3925.250     3925.250
   290:     3925.250     3925.250     3925.250     3925.250     3929.250
   295:     3929.980     3929.980     3930.250     3930.250     3932.630
   300:     3932.630     3935.240     3935.250     3944.780     3950.070
   305:     3950.070     3950.070     3950.080     3950.080     3950.080
   310:     3950.080     3950.080     3950.080     3951.600     3951.600
   315:     3954.080     3955.040     3955.040     3955.080     3955.080
   320:     3956.640     3956.640     3957.570     3957.570     3960.070
   325:     3960.080     3962.060     3962.060     3962.060     3962.070
   330:     3962.070     3962.070     3962.070     3962.070     3962.070
   335:     3966.070     3967.070     3967.070     3972.060     3972.070
   340:     4040.900     4041.450     4042.900     4072.010     4074.720
   345:     4087.880     4244.630     4355.600     4355.600     4355.600
   350:     4355.610     4355.610     4355.610     4355.610     4355.610
   355:     4355.610     4359.610     4360.610     4360.610     4365.600
   360:     4365.610     4376.680     4381.720     4381.720     4381.720
   365:     4381.730     4381.730     4381.730     4381.730     4381.730
   370:     4381.730     4385.730     4386.730     4386.730     4391.720
   375:     4391.730     4392.160     4398.980     4398.980     4398.980
   380:     4398.990     4398.990     4398.990     4398.990     4398.990
   385:     4398.990     4401.250     4402.990     4403.990     4403.990
   390:     4408.980     4408.990     4413.490     4427.480     4472.390
   395:     4579.850     4579.850     4579.850     4579.860     4579.860
   400:     4579.860     4579.860     4579.860     4579.860     4583.860
   405:     4584.860     4584.860     4589.850     4589.860     4600.710
   410:     4600.710     4600.710     4600.720     4600.720     4600.720
   415:     4600.720     4600.720     4600.720     4603.580     4603.580
   420:     4604.720     4605.720     4605.720     4610.710     4610.720
   425:     4617.150     4617.150     4617.150     4617.160     4617.160
   430:     4617.160     4617.160     4617.160     4617.160     4621.160
   435:     4622.160     4622.160     4627.150     4627.160     4650.840
   440:     4664.660     4664.660     4664.660     4664.670     4664.670
   445:     4664.670     4664.670     4664.670     4664.670     4668.670
   450:     4669.670     4669.670     4674.660     4674.670     4676.690
   455:     4676.690     4676.690     4676.700     4676.700     4676.700
   460:     4676.700     4676.700     4676.700     4680.700     4681.700
   465:     4681.700     4686.690     4686.700     4686.900     4686.900
   470:     4686.900     4686.910     4686.910     4686.910     4686.910
   475:     4686.910     4686.910     4690.910     4691.910     4691.910
   480:     4693.570     4694.890     4696.900     4696.910     4715.690
   485:     4718.370     4718.370     4718.370     4718.380     4718.380
   490:     4718.380     4718.380     4718.380     4718.380     4721.880
   495:     4722.380     4723.380     4723.380     4726.870     4728.140
   500:     4728.140     4728.370     4728.380     4789.600     4798.400
   505:     4798.400     4798.400     4798.410     4798.410     4798.410
   510:     4798.410     4798.410     4798.410     4798.890     4798.890
   515:     4802.410     4803.410     4803.410     4808.400     4808.410
   520:     4857.230     4857.230     4857.230     4857.240     4857.240
   525:     4857.240     4857.240     4857.240     4857.240     4861.240
   530:     4862.240     4862.240     4867.230     4867.240     4913.840
   535:     5000.350     5000.350     5000.350     5000.360     5000.360
   540:     5000.360     5000.360     5000.360     5000.360     5004.360
   545:     5005.360     5005.360     5010.350     5010.360     5013.800
   550:     5038.820     5038.820     5038.820     5038.830     5038.830
   555:     5038.830     5038.830     5038.830     5038.830     5042.830
   560:     5043.830     5043.830     5046.240     5046.240     5048.820
   565:     5048.830     5068.540     5068.540     5068.540     5068.550
   570:     5068.550     5068.550     5068.550     5068.550     5068.550
   575:     5072.550     5073.550     5073.550     5078.540     5078.550
   580:     5113.960     5114.820     5114.820     5114.820     5114.830
   585:     5114.830     5114.830     5114.830     5114.830     5114.830
   590:     5117.140     5117.140     5118.830     5119.830     5119.830
   595:     5124.820     5124.830     5215.180     5216.170     5216.170
   600:     5216.170     5216.180     5216.180     5216.180     5216.180
   605:     5216.180     5216.180     5217.080     5217.080     5220.180
   610:     5221.180     5221.180     5226.170     5226.180     5233.920
   615:     5325.690     5325.690     5325.690     5325.700     5325.700
   620:     5325.700     5325.700     5325.700     5325.700     5329.700
   625:     5330.700     5330.700     5333.820     5335.690     5335.700
   630:     5337.390     5389.010     5389.010     5389.010     5389.020
   635:     5389.020     5389.020     5389.020     5389.020     5389.020
   640:     5393.020     5393.040     5394.020     5394.020     5399.010
   645:     5399.020     5400.340     5401.430     5407.500     5419.500
   650:     5420.090     5602.850     5733.110     5733.730     5757.500
   655:     6173.300     6174.200     6175.900     6209.020     6209.680
   660:     6234.020     6235.430     6235.600     6235.710     6302.600
   665:     6352.910     6468.540     6469.520     6476.160     6508.200
   670:     6515.370     6671.950     6686.140     6700.310     6739.730
   675:     6739.730     6739.730     6739.740     6739.740     6739.740
   680:     6739.740     6739.740     6739.740     6743.740     6744.740
   685:     6744.740     6745.400     6749.730     6749.740     6766.200
   690:     6777.840     6779.030     6779.050     6835.290     6876.270
   695:     6877.770     6877.770     6877.770     6877.780     6877.780
   700:     6877.780     6877.780     6877.780     6877.780     6880.920
   705:     6880.920     6881.780     6882.780     6882.780     6887.770
   710:     6887.780     6898.990     6902.560     6902.560     6902.560
   715:     6902.570     6902.570     6902.570     6902.570     6902.570
   720:     6902.570     6903.260     6903.260     6906.570     6907.570
   725:     6907.570     6912.560     6912.570     6983.890     6991.790
   730:     7002.440     7022.990     7028.800     7035.230     7037.080
   735:     7040.300     7057.110     7057.970     7098.560     7099.750
   740:     7100.290     7210.840     7344.470     7409.560     7427.230
   745:     7444.160     7445.210     7446.060     7469.960     7477.760
   750:     7477.760     7477.760     7477.770     7477.770     7477.770
   755:     7477.770     7477.770     7477.770     7478.590     7478.590
   760:     7481.770     7482.770     7482.770     7487.760     7487.770
   765:     7540.320     7557.460     7557.460     7557.460     7557.470
   770:     7557.470     7557.470     7557.470     7557.470     7557.470
   775:     7560.370     7560.370     7561.470     7562.470     7562.470
   780:     7567.460     7567.470     7574.880     7574.880     7574.880
   785:     7574.890     7574.890     7574.890     7574.890     7574.890
   790:     7574.890     7578.890     7579.890     7579.890     7580.570
   795:     7584.880     7584.890     7604.480     7604.480     7604.480
   800:     7604.490     7604.490     7604.490     7604.490     7604.490
   805:     7604.490     7608.490     7609.490     7609.490     7614.480
   810:     7614.490     7660.770     7660.770     7660.770     7660.780
   815:     7660.780     7660.780     7660.780     7660.780     7660.780
   820:     7664.780     7665.780     7665.780     7667.330     7670.770
   825:     7670.780     7716.220     7850.580     7850.580     7850.580
   830:     7850.590     7850.590     7850.590     7850.590     7850.590
   835:     7850.590     7854.590     7855.310     7855.590     7855.590
   840:     7860.580     7860.590     7862.180     7876.580     7906.200
   845:     7907.010     7998.690     7999.100     8079.870     8131.180
   850:     8364.190     8517.030     8517.030     8517.030     8517.040
   855:     8517.040     8517.040     8517.040     8517.040     8517.040
   860:     8521.040     8522.040     8522.040     8527.030     8527.040
   865:     8534.860     8549.220     8643.450     8689.470     8689.630
   870:     8712.240     8740.990     8742.160     8742.160     8742.160
   875:     8742.170     8742.170     8742.170     8742.170     8742.170
   880:     8742.170     8746.170     8746.240     8747.170     8747.170
   885:     8752.160     8752.170     8814.670     9172.370     9172.920
   890:     9236.670     9237.080     9240.630     9251.920     9253.110
   895:     9254.230     9296.320     9296.900     9296.990     9303.080
   900:     9386.280     9386.680     9441.080     9445.140     9454.930
   905:     9456.690     9465.140     9527.550     9533.320     9533.320
   910:     9533.320     9533.330     9533.330     9533.330     9533.330
   915:     9533.330     9533.330     9536.010     9536.520     9536.910
   920:     9537.330     9538.330     9538.330     9543.320     9543.330
   925:     9547.050     9555.800     9555.890     9556.930     9556.930
   930:     9556.930     9556.940     9556.940     9556.940     9556.940
   935:     9556.940     9556.940     9559.920     9559.920     9560.940
   940:     9561.940     9561.940     9566.930     9566.940     9610.200
   945:     9610.200     9610.200     9610.210     9610.210     9610.210
   950:     9610.210     9610.210     9610.210     9613.150     9614.210
   955:     9615.210     9615.210     9620.200     9620.210     9635.560
   960:     9635.560     9635.560     9635.570     9635.570     9635.570
   965:     9635.570     9635.570     9635.570     9639.570     9640.570
   970:     9640.570     9645.560     9645.570     9669.740     9697.650
   975:     9823.140     9837.860    10030.220    10141.040    10183.300
   980:    10198.330    10198.440    10235.090    10235.240    10266.210
   985:    10404.310    10404.310    10404.310    10404.320    10404.320
   990:    10404.320    10404.320    10404.320    10404.320    10408.320
   995:    10409.320    10409.320    10414.310    10414.320    10455.260
  1000:    10471.290    10526.310    10560.740    10584.910    10677.060
  1005:    10736.210    10775.460    10776.370    10780.390    10800.000
