File: C:\MED-PC\Data\2025-03-03_16h32m_Subject 85.txt


Start Date: 03/03/25
End Date: 03/03/25
Subject: 85
Experiment: OralFentSA
Group: One
Box: 1
Start Time: 16:32:46
End Time: 18:08:19
MSN: 20241014_Golden_Liq_SelfAdmin
F:       0.000
G:     195.000
H:    5701.270
I:       0.000
J:       0.000
K:       0.000
L:       0.000
M:       0.000
N:       0.000
O:       0.000
P:       0.000
Q:       0.000
R:       0.000
S:       0.000
U:       0.000
V:       0.000
W:       0.000
X:       0.000
Y:       0.000
Z:       0.000
A:
     0:        0.000        0.000      180.000        4.000        0.000
     5:        5.000        0.000        5.000        0.000        0.000
    10:        1.000        0.000       10.000      600.000       20.000
    15:        1.000      640.000        0.000        0.000        0.000
    20:        0.000
B:
     0:        0.000        0.000        0.000      400.000        0.000
     5:      500.000        0.000      500.000        0.000        0.000
    10:        0.000        0.000     1000.000    60000.000        0.000
    15:        0.000        0.000        0.000        0.000        0.000
    20:        0.000
C:
     0:       11.000       12.000        1.000        4.000       50.000
     5:     5284.210      427.800        9.000     1092.530      121.392
    10:        4.000        1.000        7.000        0.000        0.000
    15:        0.000        0.000        0.000        0.000        0.000
    20:        0.000
D:
     0:      118.320       21.570      195.560      116.280       18.350
     5:      182.990        2.940        8.720      427.800
E:
     0:       19.000       11.000       26.000       27.000        6.000
     5:        6.000        6.000        6.000        6.000        6.000
    10:        1.000       25.000       24.000       12.000       13.000
    15:        8.000        5.000       17.000       18.000       14.000
    20:       10.000       19.000       11.000        6.000       25.000
    25:       24.000       12.000       13.000        8.000        5.000
    30:       17.000       18.000       14.000       10.000       19.000
    35:       11.000        6.000        6.000        6.000        6.000
    40:        6.000        6.000        6.000       25.000       24.000
    45:       12.000       13.000        8.000        5.000       17.000
    50:       18.000       14.000       10.000       19.000       11.000
    55:        6.000        6.000        6.000        6.000        6.000
    60:        6.000        6.000        6.000        6.000        6.000
    65:        6.000       25.000       24.000       12.000       13.000
    70:        8.000        5.000       17.000       18.000       14.000
    75:       10.000       19.000       11.000        6.000        2.000
    80:        4.000       22.000       24.000       12.000       13.000
    85:        8.000        5.000       17.000       18.000       14.000
    90:       10.000       19.000       11.000        6.000        6.000
    95:        6.000        6.000        2.000        4.000       22.000
   100:       24.000       12.000       13.000        8.000        5.000
   105:       17.000       18.000       14.000       10.000       19.000
   110:       11.000        6.000       25.000       24.000       12.000
   115:       13.000        8.000        5.000       17.000       18.000
   120:       14.000       10.000       19.000       11.000        2.000
   125:        4.000       22.000       24.000       12.000       13.000
   130:        8.000        5.000       17.000        6.000       18.000
   135:       14.000       10.000       19.000       11.000        6.000
   140:        2.000        4.000       22.000       24.000       12.000
   145:       13.000        8.000        5.000       17.000       18.000
   150:       14.000       10.000        6.000       19.000       11.000
   155:        6.000        6.000        6.000        6.000        6.000
   160:        6.000        6.000        6.000       25.000       24.000
   165:       12.000       13.000        8.000        5.000       17.000
   170:       18.000       14.000       10.000       19.000       11.000
   175:        6.000        6.000        6.000        6.000        6.000
   180:        6.000        6.000        6.000       25.000       24.000
   185:       12.000       13.000        8.000        5.000       17.000
   190:       18.000       14.000       10.000       19.000       11.000
T:
     0:        0.000        0.000        0.000        0.000       17.420
     5:       17.690       51.830       68.250       68.740      139.850
    10:      405.960      599.990      600.000      600.000      600.000
    15:      600.000      600.000      600.000      604.000      605.000
    20:      605.000      609.990      610.000      718.320     1209.990
    25:     1210.000     1210.000     1210.000     1210.000     1210.000
    30:     1210.000     1214.000     1215.000     1215.000     1219.990
    35:     1220.000     1231.570     1231.720     1234.450     1239.090
    40:     1241.210     1241.580     1445.420     1819.990     1820.000
    45:     1820.000     1820.000     1820.000     1820.000     1820.000
    50:     1824.000     1825.000     1825.000     1829.990     1830.000
    55:     2015.560     2019.990     2026.270     2027.970     2029.920
    60:     2031.920     2032.370     2033.570     2036.190     2037.080
    65:     2339.190     2429.990     2430.000     2430.000     2430.000
    70:     2430.000     2430.000     2430.000     2434.000     2435.000
    75:     2435.000     2439.990     2440.000     2546.280     2669.210
    80:     2669.210     2669.210     2669.220     2669.220     2669.220
    85:     2669.220     2669.220     2669.220     2673.220     2674.220
    90:     2674.220     2679.210     2679.220     2687.570     2695.900
    95:     2732.150     3024.160     3143.840     3143.840     3143.840
   100:     3143.850     3143.850     3143.850     3143.850     3143.850
   105:     3143.850     3147.850     3148.850     3148.850     3153.840
   110:     3153.850     3326.840     3753.840     3753.850     3753.850
   115:     3753.850     3753.850     3753.850     3753.850     3757.850
   120:     3758.850     3758.850     3763.840     3763.850     3876.940
   125:     3876.940     3876.940     3876.950     3876.950     3876.950
   130:     3876.950     3876.950     3876.950     3879.890     3880.950
   135:     3881.950     3881.950     3886.940     3886.950     3921.470
   140:     4064.200     4064.200     4064.200     4064.210     4064.210
   145:     4064.210     4064.210     4064.210     4064.210     4068.210
   150:     4069.210     4069.210     4072.930     4074.200     4074.210
   155:     4340.570     4345.820     4348.120     4348.530     4608.360
   160:     4626.160     4626.380     4668.890     4674.200     4674.210
   165:     4674.210     4674.210     4674.210     4674.210     4674.210
   170:     4678.210     4679.210     4679.210     4684.200     4684.210
   175:     5102.010     5108.760     5117.590     5117.990     5121.740
   180:     5124.020     5124.190     5124.490     5284.200     5284.210
   185:     5284.210     5284.210     5284.210     5284.210     5284.210
   190:     5288.210     5289.210     5289.210     5294.200     5294.210
