File: C:\MED-PC\Data\2025-03-05_10h02m_Subject 81.txt


Start Date: 03/05/25
End Date: 03/05/25
Subject: 81
Experiment: OralFentSA
Group: One
Box: 9
Start Time: 10:02:43
End Time: 13:02:53
MSN: 20241014_Golden_Liq_SelfAdmin
F:       0.000
G:     557.000
H:   10800.000
I:       0.000
J:       0.000
K:       0.000
L:       0.000
M:       0.000
N:       0.000
O:       0.000
P:       0.000
Q:       0.000
R:       0.000
S:       0.000
U:       0.000
V:       0.000
W:       0.000
X:       0.000
Y:       0.000
Z:       0.000
A:
     0:        0.000        0.000      180.000        4.000        0.000
     5:        5.000        0.000        5.000        0.000        0.000
    10:        1.000        0.000       10.000     1800.000       20.000
    15:        3.000      640.000        0.000        0.000        0.000
    20:        0.000
B:
     0:        0.000        0.000        0.000      400.000        0.000
     5:      500.000        0.000      500.000        0.000        0.000
    10:        0.000        0.000     1000.000   180000.000        0.000
    15:        0.000        0.000        0.000        0.000        0.000
    20:        0.000
C:
     0:       20.000       19.000        1.000        1.000      314.000
     5:    10579.580        1.290       16.000      305.110       19.069
    10:        1.000        1.000       20.000        0.000        0.000
    15:        0.000        0.000        0.000        0.000        0.000
    20:        0.000
D:
     0:       32.970      121.800        9.280        7.760        5.960
     5:        9.080        3.120        0.930        0.010        5.570
    10:       14.320        6.220        0.850       85.160        0.790
    15:        1.290
E:
     0:       19.000       11.000       26.000       27.000        6.000
     5:        6.000        6.000        6.000        6.000        6.000
    10:        6.000        6.000        6.000        6.000        6.000
    15:        6.000        6.000        6.000        6.000        6.000
    20:        6.000        6.000        6.000        6.000        6.000
    25:        6.000        6.000        6.000        6.000        6.000
    30:        6.000        6.000       25.000       24.000       12.000
    35:       13.000        8.000        5.000       17.000       18.000
    40:       14.000       10.000       19.000       11.000        6.000
    45:        6.000        6.000        6.000        6.000        6.000
    50:        6.000        6.000        6.000        6.000        6.000
    55:        6.000        6.000        6.000        6.000        6.000
    60:        6.000        6.000        6.000        6.000        6.000
    65:        6.000        6.000        6.000        6.000        6.000
    70:        6.000        6.000        6.000        6.000        6.000
    75:        6.000        6.000        6.000        6.000        6.000
    80:        6.000        6.000        6.000        6.000        6.000
    85:       25.000       24.000       12.000       13.000        8.000
    90:        5.000       17.000       18.000       14.000       10.000
    95:       19.000       11.000        6.000        6.000        6.000
   100:        6.000        6.000        6.000        6.000        6.000
   105:        6.000        6.000        6.000        6.000        6.000
   110:        6.000        6.000        6.000        6.000        6.000
   115:        1.000       25.000       24.000       12.000       13.000
   120:        8.000        5.000       17.000       18.000       14.000
   125:       10.000        6.000       19.000       11.000        6.000
   130:        6.000        6.000        6.000        6.000        6.000
   135:        6.000        6.000        6.000        6.000        6.000
   140:        6.000        6.000        6.000        6.000        6.000
   145:        6.000        6.000        6.000        6.000        6.000
   150:        6.000        6.000        6.000        6.000        6.000
   155:        6.000        6.000        6.000        6.000        6.000
   160:        6.000        6.000        6.000        6.000        6.000
   165:        6.000        6.000        6.000        6.000        6.000
   170:        6.000        6.000        6.000        6.000        6.000
   175:        6.000        6.000        6.000        6.000        6.000
   180:        6.000        6.000        6.000        6.000        6.000
   185:        6.000        6.000        6.000        6.000        6.000
   190:        6.000        6.000        6.000        6.000        6.000
   195:        6.000        6.000        6.000        6.000        6.000
   200:        6.000        6.000        6.000        6.000        2.000
   205:        4.000       22.000       24.000       12.000       13.000
   210:        8.000        5.000       17.000       18.000       14.000
   215:       10.000        6.000       19.000       11.000        6.000
   220:        6.000        6.000        6.000        6.000        6.000
   225:        6.000        6.000        6.000        6.000        6.000
   230:        6.000        6.000        6.000        6.000        6.000
   235:        6.000        6.000        6.000        6.000        6.000
   240:        6.000        6.000        6.000        6.000        6.000
   245:        6.000        6.000        6.000        6.000        6.000
   250:        6.000        6.000        6.000        6.000        6.000
   255:        6.000        6.000        6.000        6.000        6.000
   260:        6.000        6.000        6.000        6.000        6.000
   265:        6.000        6.000        6.000        6.000        6.000
   270:        6.000        6.000        6.000        6.000        6.000
   275:        6.000        6.000        6.000        6.000        6.000
   280:        6.000        6.000        6.000        6.000        6.000
   285:        6.000        6.000        6.000        6.000        6.000
   290:        6.000        6.000        6.000        6.000        6.000
   295:        6.000        6.000        6.000        6.000        6.000
   300:        6.000        6.000        6.000        6.000        6.000
   305:        6.000        6.000       25.000       24.000       12.000
   310:       13.000        8.000        5.000       17.000       18.000
   315:       14.000       10.000        6.000       19.000       11.000
   320:        6.000        6.000        6.000        6.000        6.000
   325:        6.000        6.000        6.000        6.000        6.000
   330:        6.000        6.000        6.000        6.000        6.000
   335:        6.000        6.000        6.000        6.000        6.000
   340:        6.000        6.000        6.000        6.000        6.000
   345:        6.000        6.000        6.000        6.000        6.000
   350:        6.000       30.000       24.000       12.000       13.000
   355:        8.000        5.000       17.000       18.000       14.000
   360:       10.000        6.000       19.000       11.000        6.000
   365:       30.000       24.000       12.000       13.000        8.000
   370:        5.000       17.000       18.000       14.000       10.000
   375:       19.000       11.000       30.000       24.000       12.000
   380:       13.000        8.000        5.000       17.000        6.000
   385:        6.000       18.000       14.000       10.000        6.000
   390:        6.000        6.000       19.000       11.000       30.000
   395:       24.000       12.000       13.000        8.000        5.000
   400:       17.000        6.000       18.000       14.000       10.000
   405:       19.000       11.000        6.000       30.000       24.000
   410:       12.000       13.000        8.000        5.000       17.000
   415:       18.000       14.000       10.000       30.000       12.000
   420:       13.000        8.000        5.000       17.000       18.000
   425:       19.000       11.000       14.000       10.000       30.000
   430:       24.000       12.000       13.000        8.000        5.000
   435:       17.000       18.000       14.000       10.000       30.000
   440:       12.000       13.000        8.000        5.000       17.000
   445:        6.000        6.000       19.000       11.000       18.000
   450:       14.000       10.000        6.000        6.000        6.000
   455:        6.000        6.000        6.000       30.000       24.000
   460:       12.000       13.000        8.000        5.000       17.000
   465:       18.000       14.000       10.000        6.000       19.000
   470:       11.000        6.000        6.000       30.000       24.000
   475:       12.000       13.000        8.000        5.000       17.000
   480:       18.000       14.000       10.000       19.000       11.000
   485:        6.000       30.000       24.000       12.000       13.000
   490:        8.000        5.000       17.000       30.000       12.000
   495:       18.000       14.000       10.000        6.000       19.000
   500:       11.000       30.000       24.000       12.000       13.000
   505:        8.000        5.000       17.000        6.000        6.000
   510:       18.000       14.000       10.000       19.000       11.000
   515:        6.000        6.000       30.000       24.000       12.000
   520:       13.000        8.000        5.000       17.000       18.000
   525:       14.000       10.000       19.000       11.000        6.000
   530:       30.000       24.000       12.000       13.000        8.000
   535:        5.000       17.000        6.000       18.000       14.000
   540:       10.000       19.000       11.000       25.000       24.000
   545:       12.000       13.000        8.000        5.000       17.000
   550:        6.000       18.000       14.000       10.000       19.000
   555:       11.000        6.000      100.000
T:
     0:        0.000        0.000        0.000        0.000       28.260
     5:      103.980      116.940      124.570      148.080      148.870
    10:      190.490      317.340      457.330      458.040      482.130
    15:      672.660      673.830      674.570      752.640      797.960
    20:      963.130      967.000      982.000      983.690     1070.970
    25:     1074.460     1087.160     1418.600     1449.760     1454.310
    30:     1792.660     1792.900     1799.990     1800.000     1800.000
    35:     1800.000     1800.000     1800.000     1800.000     1804.000
    40:     1805.000     1805.000     1809.990     1810.000     1832.970
    45:     1839.240     1840.500     1881.450     1882.060     1889.930
    50:     1913.050     1979.180     1979.990     1982.450     1983.390
    55:     1983.810     2046.900     2047.220     2048.200     2050.670
    60:     2294.890     2302.010     2303.270     2382.460     2404.840
    65:     2766.920     2770.660     2771.920     2773.510     2773.680
    70:     2773.740     2831.500     2833.010     2908.260     2908.670
    75:     3024.030     3026.650     3182.720     3309.160     3396.920
    80:     3399.270     3399.530     3567.920     3573.060     3573.150
    85:     3609.990     3610.000     3610.000     3610.000     3610.000
    90:     3610.000     3610.000     3614.000     3615.000     3615.000
    95:     3619.990     3620.000     3731.800     3735.360     3735.440
   100:     3739.810     3740.850     3743.630     3764.380     3764.680
   105:     3765.980     3794.340     3825.040     4360.550     4386.630
   110:     4618.810     5056.200     5108.820     5111.700     5292.200
   115:     5387.930     5419.990     5420.000     5420.000     5420.000
   120:     5420.000     5420.000     5420.000     5424.000     5425.000
   125:     5425.000     5429.280     5429.990     5430.000     5448.090
   130:     5455.640     5456.020     5456.210     5537.360     5541.650
   135:     5623.100     5625.340     5627.330     5630.560     5632.660
   140:     5633.940     5635.250     5884.240     5885.570     5912.450
   145:     5915.130     5924.900     5943.140     6007.020     6010.400
   150:     6026.230     6026.470     6030.400     6049.500     6049.840
   155:     6050.150     6050.550     6051.470     6051.540     6052.430
   160:     6054.080     6054.230     6056.340     6057.170     6061.000
   165:     6062.480     6062.540     6065.080     6097.670     6098.280
   170:     6098.640     6098.700     6101.080     6107.220     6146.270
   175:     6161.700     6162.700     6162.930     6214.870     6352.270
   180:     6378.280     6378.720     6390.430     6416.940     6443.200
   185:     6443.460     6443.730     6443.820     6495.930     6511.130
   190:     6576.550     6576.610     6828.040     6843.190     6844.090
   195:     6844.820     6911.480     6912.080     6919.710     6920.170
   200:     6923.640     6939.620     6943.880     6947.200     6959.570
   205:     6959.570     6959.570     6959.580     6959.580     6959.580
   210:     6959.580     6959.580     6959.580     6963.580     6964.580
   215:     6964.580     6967.340     6969.570     6969.580     6971.880
   220:     6993.860     6999.600     7006.570     7022.240     7022.410
   225:     7022.870     7023.040     7023.320     7051.850     7053.750
   230:     7054.520     7054.600     7054.680     7054.930     7055.450
   235:     7085.690     7349.800     7350.600     7353.140     7356.170
   240:     7366.850     7373.910     7375.230     7376.180     7377.590
   245:     7378.840     7432.210     7433.860     7435.170     7435.700
   250:     7438.900     7447.920     7448.010     7448.390     7448.790
   255:     7861.660     7862.690     7863.040     7866.780     7877.610
   260:     7883.140     7889.720     7890.080     7912.850     7919.670
   265:     7920.840     7922.950     8131.840     8132.030     8141.790
   270:     8170.130     8170.970     8199.810     8205.910     8224.750
   275:     8227.780     8228.880     8230.770     8230.930     8239.260
   280:     8247.630     8247.740     8252.810     8254.570     8254.790
   285:     8255.160     8280.800     8282.380     8283.080     8327.300
   290:     8348.130     8350.620     8351.100     8355.330     8355.680
   295:     8357.370     8401.670     8419.550     8419.840     8443.690
   300:     8461.970     8485.830     8487.160     8487.620     8502.660
   305:     8696.170     8718.140     8769.570     8769.580     8769.580
   310:     8769.580     8769.580     8769.580     8769.580     8773.580
   315:     8774.580     8774.580     8775.540     8779.570     8779.580
   320:     8790.280     8795.410     8799.100     8819.910     8830.710
   325:     8835.080     8837.920     8841.430     9201.550     9248.820
   330:     9316.560     9432.170     9432.470     9433.860     9435.300
   335:     9616.280     9655.830     9658.430     9659.320     9659.680
   340:     9704.860     9723.050     9723.220     9724.090     9729.030
   345:     9926.990     9927.690     9930.290     9934.580     9957.010
   350:     9957.610    10051.190    10051.190    10051.190    10051.190
   355:    10051.190    10051.190    10051.190    10055.190    10056.190
   360:    10056.190    10060.270    10061.180    10061.190    10072.700
   365:    10099.450    10099.450    10099.450    10099.450    10099.450
   370:    10099.450    10099.450    10103.450    10104.450    10104.450
   375:    10109.440    10109.450    10110.060    10110.060    10110.060
   380:    10110.060    10110.060    10110.060    10110.060    10113.180
   385:    10113.250    10114.060    10115.060    10115.060    10117.600
   390:    10117.880    10118.020    10120.050    10120.060    10160.630
   395:    10160.630    10160.630    10160.630    10160.630    10160.630
   400:    10160.630    10161.560    10164.630    10165.630    10165.630
   405:    10170.620    10170.630    10170.740    10198.620    10198.620
   410:    10198.620    10198.620    10198.620    10198.620    10198.620
   415:    10202.620    10203.620    10203.620    10204.290    10204.290
   420:    10204.290    10204.290    10204.290    10204.290    10208.290
   425:    10208.610    10208.620    10209.290    10209.290    10224.620
   430:    10224.620    10224.620    10224.620    10224.620    10224.620
   435:    10224.620    10228.620    10229.620    10229.620    10234.220
   440:    10234.220    10234.220    10234.220    10234.220    10234.220
   445:    10234.230    10234.360    10234.610    10234.620    10238.220
   450:    10239.220    10239.220    10239.930    10241.910    10244.210
   455:    10244.500    10265.910    10280.230    10282.870    10282.870
   460:    10282.870    10282.870    10282.870    10282.870    10282.870
   465:    10286.870    10287.870    10287.870    10288.440    10292.860
   470:    10292.870    10306.430    10306.700    10319.920    10319.920
   475:    10319.920    10319.920    10319.920    10319.920    10319.920
   480:    10323.920    10324.920    10324.920    10329.910    10329.920
   485:    10334.240    10350.660    10350.660    10350.660    10350.660
   490:    10350.660    10350.660    10350.660    10350.720    10350.720
   495:    10354.660    10355.660    10355.660    10356.940    10360.650
   500:    10360.660    10363.080    10363.080    10363.080    10363.080
   505:    10363.080    10363.080    10363.080    10363.930    10364.740
   510:    10367.080    10368.080    10368.080    10373.070    10373.080
   515:    10374.390    10375.910    10377.930    10377.930    10377.930
   520:    10377.930    10377.930    10377.930    10377.930    10381.930
   525:    10382.930    10382.930    10387.920    10387.930    10463.090
   530:    10479.090    10479.090    10479.090    10479.090    10479.090
   535:    10479.090    10479.090    10479.880    10483.090    10484.090
   540:    10484.090    10489.080    10489.090    10579.570    10579.580
   545:    10579.580    10579.580    10579.580    10579.580    10579.580
   550:    10580.870    10583.580    10584.580    10584.580    10589.570
   555:    10589.580    10771.840    10800.000
